68730.8
68730.8
68730.8
68730.8
68730.8
68730.8
68730.8
68730.8
68730.8
68730.8
68730.8
68730.8
68730.8
68730.8
68730.8
68730.8
68730.8
68730.8
68730.8
68730.8
68730.8
68730.8
68730.8
68730.8
68730.8
68730.8
68730.8
68730.8
68730.8
68730.8
68730.8
68730.8
68730.8
68730.8
68730.8
68405.4
68405.4
68405.4
68405.4
68405.4
68405.4
68405.4
68405.4
68405.4
68405.4
64646.2
64646.2
64646.2
61301
61301
61301
61301
61301
61301
61301
61301
61301
46574.3
46574.3
46574.3
46574.3
46574.3
46574.3
46574.3
46574.3
46574.3
46574.3
46574.3
46574.3
46574.3
46574.3
46574.3
46574.3
46574.3
46574.3
46574.3
46574.3
46574.3
46574.3
46574.3
46574.3
46574.3
46574.3
46574.3
46574.3
46574.3
46574.3
46574.3
46574.3
46574.3
46574.3
46574.3
46574.3
46574.3
46574.3
46574.3
46574.3
46574.3
46574.3
46574.3
46574.3
46574.3
46574.3
46574.3
46574.3
46574.3
46574.3
46574.3
46574.3
46574.3
46574.3
46574.3
46574.3
46574.3
46574.3
46574.3
46574.3
46574.3
46574.3
46574.3
46574.3
46574.3
46574.3
44174.9
44174.9
44174.9
44174.9
44174.9
44174.9
44174.9
44174.9
44174.9
44174.9
44174.9
44174.9
44174.9
44174.9
44174.9
44174.9
44174.9
44174.9
44174.9
44174.9
44174.9
42234.2
42234.2
38658.9
38658.9
38658.9
38658.9
38658.9
36136.3
36136.3
36136.3
36136.3
36136.3
36136.3
36136.3
36136.3
36136.3
36136.3
36136.3
36136.3
36136.3
36136.3
36136.3
36136.3
36136.3
36136.3
36136.3
36136.3
36136.3
36136.3
36136.3
36136.3
36136.3
36136.3
36136.3
32695.9
32695.9
32695.9
32695.9
32695.9
32695.9
32695.9
32695.9
32695.9
32695.9
32695.9
32695.9
32695.9
32695.9
32695.9
32695.9
32695.9
32695.9
32695.9
32695.9
32695.9
32695.9
32695.9
32695.9
32695.9
32695.9
32695.9
32695.9
32695.9
32695.9
32695.9
32695.9
32695.9
32695.9
32695.9
32695.9
32695.9
26812.5
26812.5
26812.5
26812.5
26812.5
26812.5
26812.5
26812.5
26812.5
26812.5
26812.5
26812.5
26812.5
26812.5
26812.5
26812.5
26812.5
26812.5
26812.5
26812.5
26812.5
26812.5
26812.5
26812.5
26812.5
24951.3
24951.3
24951.3
24951.3
24951.3
24951.3
24951.3
24951.3
24951.3
24951.3
24951.3
24951.3
24951.3
24951.3
24951.3
24951.3
24951.3
24951.3
24951.3
24951.3
24951.3
24951.3
24951.3
24951.3
24951.3
24951.3
24951.3
24951.3
24951.3
24951.3
24951.3
24951.3
24951.3
24951.3
24951.3
24951.3
24951.3
24951.3
24951.3
24951.3
24951.3
24951.3
24951.3
24951.3
22517.6
22517.6
22517.6
22517.6
22517.6
22517.6
22517.6
22517.6
21390.4
21390.4
21390.4
21390.4
20763.3
20763.3
20763.3
20763.3
20763.3
20763.3
20763.3
20763.3
20763.3
20763.3
20763.3
20763.3
20763.3
20763.3
18262.9
18262.9
18262.9
18262.9
18262.9
18262.9
18262.9
18262.9
18262.9
18262.9
18262.9
18262.9
18262.9
18262.9
18262.9
18262.9
18262.9
15698.7
15698.7
15698.7
15698.7
15698.7
15698.7
15698.7
15698.7
15698.7
15698.7
15698.7
15698.7
15698.7
15698.7
15698.7
15698.7
15698.7
15698.7
15698.7
15698.7
15698.7
15698.7
15698.7
15698.7
15698.7
15165.1
15165.1
15165.1
15165.1
15165.1
15165.1
15165.1
15165.1
15165.1
15165.1
15165.1
15165.1
12449
12449
12449
12449
12449
12449
12449
12449
12449
12449
12449
12449
12449
12449
12449
12449
12449
12449
12449
12449
12449
12449
12449
12449
12449
12449
12449
12449
12449
12449
12449
12449
12449
12449
12449
12449
12449
12449
12449
12449
12449
12449
9862.61
9862.61
9862.61
9862.61
9862.61
8515.16
8515.16
8515.16
8515.16
8515.16
8515.16
8515.16
8515.16
8515.16
8515.16
8515.16
8515.16
8515.16
8515.16
8515.16
8515.16
8515.16
8515.16
8515.16
8515.16
8515.16
8515.16
8515.16
8515.16
8515.16
8515.16
8515.16
8515.16
8515.16
8515.16
8515.16
8515.16
8515.16
8515.16
8515.16
8515.16
8515.16
8515.16
8515.16
8515.16
8515.16
8515.16
8515.16
8515.16
8515.16
8515.16
8515.16
8515.16
8515.16
8515.16
8515.16
8515.16
8515.16
8515.16
8515.16
8515.16
8515.16
8515.16
8515.16
8515.16
8515.16
8515.16
8515.16
8515.16
8515.16
8515.16
8515.16
8515.16
8515.16
8515.16
8515.16
8515.16
8515.16
8515.16
8515.16
8515.16
8515.16
8515.16
8515.16
8515.16
8515.16
8515.16
8515.16
8515.16
8515.16
8515.16
8515.16
8515.16
8515.16
8515.16
8515.16
8515.16
8515.16
8515.16
8515.16
8515.16
8515.16
8515.16
8515.16
8515.16
8515.16
8515.16
8515.16
8515.16
8515.16
8515.16
8515.16
8515.16
8515.16
8515.16
8515.16
8515.16
8515.16
8515.16
8515.16
8515.16
8515.16
8515.16
8515.16
8515.16
8515.16
8515.16
8515.16
8515.16
8515.16
8515.16
8515.16
8515.16
8515.16
8515.16
8515.16
8515.16
8515.16
8515.16
8515.16
8515.16
7352.56
7352.56
7352.56
7352.56
7352.56
7352.56
7352.56
7352.56
7352.56
7352.56
7352.56
7352.56
7352.56
7352.56
7352.56
7352.56
7352.56
6187.66
6187.66
6187.66
6187.66
6187.66
6187.66
6187.66
6187.66
6187.66
6187.66
6187.66
6187.66
6187.66
6187.66
6187.66
6187.66
6187.66
6187.66
6187.66
6187.66
6187.66
6187.66
6187.66
6187.66
6187.66
6187.66
6187.66
6187.66
6187.66
6187.66
6187.66
6187.66
6187.66
6187.66
6187.66
6187.66
5422
5422
5422
5422
5422
5422
5422
5422
5422
5422
5422
5422
5422
5422
5422
5422
5422
5422
5422
5422
5422
5422
5422
5422
5422
5422
5422
5422
5422
5422
5422
5422
5422
5422
5422
5422
5422
5422
5422
5422
5422
5422
5422
5422
5422
5422
5422
5422
5422
5360.34
5360.34
5360.34
5360.34
5360.34
5360.34
5360.34
5360.34
5360.34
5360.34
5360.34
5360.34
5360.34
5360.34
5360.34
5360.34
5360.34
4636.54
4636.54
3965.56
3965.56
3965.56
3965.56
3965.56
3965.56
3965.56
3965.56
3965.56
3965.56
3965.56
3965.56
3965.56
3965.56
3965.56
3965.56
3965.56
3965.56
3965.56
3965.56
3965.56
3965.56
3965.56
3965.56
3965.56
3965.56
3965.56
3965.56
3965.56
3965.56
3965.56
3965.56
3965.56
3876.15
3876.15
3876.15
3876.15
3876.15
3876.15
3876.15
3876.15
3876.15
3876.15
3876.15
3876.15
3876.15
3876.15
3876.15
3876.15
3876.15
3876.15
3876.15
3876.15
3876.15
3876.15
3876.15
3876.15
3876.15
3876.15
3876.15
3876.15
3876.15
3598.16
3598.16
3598.16
3598.16
3598.16
3598.16
3598.16
3598.16
3598.16
3598.16
3598.16
3598.16
3598.16
3598.16
3598.16
3598.16
3598.16
3598.16
3598.16
3598.16
3598.16
3598.16
3598.16
3598.16
3598.16
3598.16
3598.16
3107.27
3107.27
3107.27
3107.27
3107.27
3107.27
3107.27
3107.27
3107.27
3107.27
3107.27
3107.27
3107.27
3107.27
3107.27
3107.27
3107.27
3107.27
3107.27
3107.27
3107.27
3107.27
3107.27
3107.27
3107.27
3107.27
3107.27
3107.27
3107.27
3107.27
3107.27
3107.27
3107.27
3107.27
3107.27
3107.27
3107.27
3107.27
3107.27
3107.27
3107.27
3107.27
3107.27
3107.27
3107.27
3107.27
3107.27
3107.27
3107.27
2794.17
2794.17
2794.17
2794.17
2794.17
2794.17
2794.17
2794.17
2794.17
2794.17
2794.17
2794.17
2794.17
2794.17
2794.17
2794.17
2794.17
2794.17
2794.17
2794.17
2794.17
2794.17
2794.17
2794.17
2794.17
2794.17
2794.17
2794.17
2794.17
2794.17
2794.17
2794.17
2794.17
2794.17
2794.17
2280.51
2280.51
2280.51
2280.51
2280.51
2280.51
2280.51
2280.51
2280.51
2280.51
2280.51
2280.51
2280.51
2280.51
2280.51
2280.51
2280.51
2280.51
2280.51
2280.51
2280.51
2280.51
2280.51
2280.51
2280.51
2280.51
2280.51
2280.51
2280.51
2280.51
2169.78
2169.78
2169.78
2169.78
2169.78
2169.78
2169.78
2169.78
2169.78
2169.78
2169.78
2169.78
2169.78
2169.78
2169.78
2169.78
2169.78
2169.78
2169.78
2169.78
2169.78
2169.78
2169.78
2169.78
2169.78
2169.78
2169.78
2169.78
2169.78
2169.78
2169.78
2169.78
2169.78
2169.78
2169.78
2169.78
2169.78
2152.55
2152.55
2152.55
1889.11
1889.11
1889.11
1889.11
1889.11
1889.11
1889.11
1889.11
1889.11
1889.11
1889.11
1889.11
1872.81
1872.81
1872.81
1872.81
1872.81
1872.81
1872.81
1872.81
1872.81
1872.81
1857.55
1857.55
1857.55
1857.55
1857.55
1857.55
1857.55
1857.55
1857.55
1857.55
1735.93
1735.93
1735.93
1735.93
1735.93
1735.93
1735.93
1735.93
1735.93
1735.93
1735.93
1735.93
1735.93
1735.93
1735.93
1735.93
1735.93
1735.93
1735.93
1735.93
1735.93
1735.93
1735.93
1735.93
1735.93
1515.54
1515.54
1515.54
1515.54
1515.54
1515.54
1515.54
1515.54
1515.54
1515.54
1515.54
1515.54
1515.54
1515.54
1515.54
1209.58
1209.58
1209.58
1209.58
1209.58
1209.58
1209.58
1209.58
1209.58
1209.58
1209.58
1209.58
1209.58
1209.58
1209.58
1209.58
1209.58
1209.58
1209.58
1209.58
1209.58
1209.58
1209.58
1209.58
1209.58
1209.58
1209.58
1209.58
1209.58
1209.58
1209.58
1209.58
1209.58
1090.44
1090.44
1090.44
1090.44
1090.44
1090.44
1090.44
1090.44
1090.44
1090.44
1090.44
1090.44
1090.44
1090.44
1090.44
1090.44
1090.44
1090.44
1090.44
1090.44
1090.44
1090.44
1090.44
1090.44
1090.44
1090.44
1090.44
1090.44
1090.44
1090.44
1090.44
1090.44
1090.44
1090.44
1090.44
1090.44
1090.44
1090.44
1090.44
1090.44
1090.44
1090.44
1090.44
1090.44
1090.44
1090.44
1090.44
1090.44
1090.44
1090.44
1090.44
1090.44
1090.44
1090.44
1090.44
1090.44
1090.44
1090.44
1090.44
1090.44
1090.44
1090.44
1090.44
1090.44
1090.44
1090.44
1090.44
1090.44
1090.44
1090.44
1090.44
1090.44
1090.44
1090.44
1088.4
1088.4
1088.4
1088.4
1088.4
1088.4
1088.4
1088.4
1088.4
1088.4
1088.4
1088.4
1088.4
1088.4
1088.4
1088.4
1088.4
1088.4
1088.4
1088.4
1088.4
1088.4
1088.4
1088.4
1088.4
1088.4
902.531
902.531
902.531
902.531
902.531
902.531
902.531
902.531
902.531
902.531
902.531
902.531
902.531
902.531
902.531
902.531
850.244
850.244
850.244
850.244
850.244
850.244
850.244
850.244
850.244
850.244
850.244
850.244
814.988
814.988
814.988
814.988
814.988
814.988
814.988
814.988
814.988
814.988
814.988
814.988
814.988
814.988
814.988
814.988
814.988
814.988
814.988
814.988
814.988
814.988
814.988
814.988
814.988
814.988
814.988
814.988
814.988
814.988
814.988
814.988
814.988
814.988
814.988
814.988
814.988
814.988
814.988
814.988
814.988
718.365
718.365
718.365
718.365
718.365
718.365
718.365
718.365
718.365
718.365
718.365
718.365
718.365
718.365
718.365
718.365
718.365
718.365
718.365
718.365
718.365
718.365
718.365
718.365
718.365
718.365
718.365
718.365
718.365
718.365
718.365
718.365
718.365
718.365
718.365
718.365
697.354
671.659
671.659
671.659
671.659
671.659
671.659
671.659
671.659
671.659
671.659
671.659
671.659
671.659
593.293
593.293
593.293
593.293
593.293
593.293
593.293
583.57
583.57
583.57
583.57
579.645
579.645
579.645
579.645
579.645
579.645
579.645
579.645
579.645
579.645
579.645
579.645
579.645
579.645
579.645
579.645
579.645
579.645
579.645
579.645
579.645
579.645
579.645
579.645
579.645
579.645
579.645
579.645
579.645
579.645
579.645
579.645
579.645
563.725
563.725
563.725
563.725
547.138
547.138
505.071
505.071
505.071
505.071
505.071
411.771
411.667
411.667
411.667
411.667
411.667
411.667
411.667
411.667
411.667
411.667
411.667
411.667
411.667
411.667
411.667
411.667
411.667
411.667
411.667
411.667
411.667
411.667
411.667
411.667
411.667
411.667
411.667
411.667
411.667
411.667
411.667
411.667
411.667
411.667
311.971
311.971
311.971
311.971
311.971
311.971
311.971
311.971
311.971
311.971
311.971
311.971
311.971
311.971
311.971
311.971
311.971
311.971
311.971
311.971
311.971
311.971
311.971
311.971
311.971
311.971
311.971
311.971
311.971
311.971
311.971
311.971
311.971
311.971
311.971
311.971
311.971
311.971
311.971
311.971
311.971
311.971
311.971
311.971
311.971
311.971
311.971
311.971
311.971
311.971
311.971
311.971
311.971
311.971
311.971
311.971
311.971
311.971
311.971
311.971
311.971
311.971
311.971
311.971
311.971
311.971
311.971
311.971
311.971
311.971
311.971
311.971
311.971
311.971
311.971
311.971
311.971
311.971
311.971
311.971
311.971
311.971
311.971
311.971
311.971
311.971
311.971
311.971
311.971
311.971
311.971
311.971
311.971
311.971
311.971
311.971
311.971
277.575
277.575
277.575
277.575
277.575
277.575
277.575
277.575
277.575
277.575
277.575
277.575
277.575
277.575
277.575
277.575
277.575
277.575
277.575
277.575
277.575
277.575
277.575
277.575
277.575
277.575
277.575
277.575
274.344
274.344
274.344
274.344
274.344
253.797
253.797
253.797
253.797
253.797
253.797
253.797
253.797
253.797
253.797
253.797
253.797
253.797
253.797
253.797
253.797
253.797
253.797
253.797
253.797
253.797
253.797
253.797
253.797
201.051
201.051
201.051
201.051
201.051
201.051
201.051
201.051
201.051
201.051
201.051
201.051
201.051
201.051
201.051
201.051
201.051
201.051
201.051
201.051
201.051
