68806.5
66362.8
63133.4
60127.5
58032.5
58032.5
56153.8
53555.2
51218.6
49093.9
48170.4
47468
46000.7
44855.5
44405.1
41445.2
41445.2
39117.4
37604.6
36547.3
34462.8
32842.7
31135.3
30133.7
28872.5
27427.8
26485.6
25216.8
25064.2
23756.2
23619.2
23262.1
22921.7
20895.3
20413.8
18795.6
18792.7
18241.7
18193.1
17693.7
17181.3
16703.1
15059.4
14939.7
14830.4
14464
14062.7
13539.4
12879.2
12514.2
11823.4
11464.9
10451.4
9985.58
9900.66
9596.16
8941.49
8471.53
8455.8
7659.69
6912.76
6732.31
6732.31
6675.58
6560.44
6444.36
6212.57
6100.37
6045.41
5571.38
5562.96
5051.85
5012.23
4954.75
4750.23
4541.66
4495.11
4345.34
4238.35
4084.93
3915.53
3570.36
3359.13
3307.66
3065.09
2883.91
2815.74
2699.03
2630.81
2566.91
2505.95
2239.16
2201.42
2196
2081.64
2006.76
1977.59
1963.82
1877.28
1816.56
1749.92
1660.49
1557.5
1534.91
1481.08
1387.59
1295.28
1257.46
1230.93
1187.29
1143.2
1097.91
1052.67
1035.65
1020
988.067
939.551
896.047
877.556
846.99
812.512
799.32
779.632
770.271
696.782
664.713
646.534
645.227
609.499
588.755
549.119
541.874
518.671
483.76
464.254
445.698
444.314
420.965
410.151
405.837
401.36
388.736
380.883
375.02
373.431
354.112
342.971
292.833
279.066
266.665
250.364
238.687
234.496
226.881
220.21
217.883
212.43
206.918
197.674
184.147
169.893
166.631
156.584
153.995
153.736
145.905
143.953
134.279
126.084
125.49
117.952
111.273
107.653
101.471
101.471
97.4334
92.2452
88.194
83.7237
82.9279
78.1842
76.7945
73.0541
70.6917
68.9657
68.5242
65.0264
63.3748
61.4404
60.1903
59.1404
56.6876
54.0029
53.8908
47.9475
47.6754
46.5148
45.5749
43.7291
43.1611
42.1884
39.5803
38.1191
37.3861
35.5231
31.7101
30.6838
29.4354
27.7819
25.9992
25.5531
25.2285
24.8461
23.5972
21.8643
20.1714
19.5235
19.3194
17.5253
17.2817
16.8992
16.6577
15.9735
15.947
15.0721
14.0132
13.8657
13.6962
12.3689
11.9913
11.8813
10.9573
10.9334
10.4784
10.1184
9.61951
9.54897
9.34537
9.24763
8.97308
8.29627
8.05181
7.50172
7.417
7.12015
6.85794
6.76662
6.42636
6.13124
5.84904
5.84228
5.51798
5.32879
5.18774
5.15168
4.91942
4.63706
4.54502
4.18148
3.94593
3.65211
3.63014
3.41682
3.18697
3.04519
2.94112
2.90421
2.90353
2.89563
2.87201
2.842
2.69589
2.54065
2.35358
2.31919
2.27548
2.22327
1.95816
1.90877
1.816
1.79408
1.79408
1.74475
1.65339
1.57641
1.50675
1.46289
1.38168
1.26442
1.26018
1.21547
1.15474
1.10127
1.05192
1.0259
0.99449
0.99449
0.970824
0.912282
0.898231
0.874818
0.827632
0.764818
0.757561
0.748719
0.746082
0.732482
0.717194
0.663795
0.621636
0.604783
0.598449
0.580472
0.545772
0.531315
0.505708
0.480008
0.466966
0.454813
0.39875
0.382984
0.360756
0.359036
0.34815
0.332294
0.330509
0.312259
0.312259
0.300331
0.277209
0.259532
0.242462
0.226195
0.222691
0.219161
0.218993
0.211591
0.211591
0.201057
0.199148
0.195756
0.187249
0.180797
0.17377
0.173022
0.164271
0.158923
0.152862
0.144736
0.139678
0.138591
0.134122
0.122251
0.110238
0.107578
0.105469
0.102489
0.100762
0.0985139
0.0972439
0.0946122
0.0932705
0.0886392
0.0817204
0.0772054
0.076209
0.0746018
0.073716
0.0701409
0.0668318
0.0637486
0.0627274
0.0627122
0.0610694
0.0589286
0.0541088
0.0516451
0.0457316
0.0454016
0.0442207
0.0420195
0.0406232
0.0399822
0.0377515
0.0368768
0.0365265
0.0364014
0.0354877
0.0323395
0.0314124
0.0307832
0.0294777
0.0294777
0.0274653
0.0269261
0.0264222
0.0252502
0.0236516
0.0233504
0.0233504
0.0224285
0.0221002
0.0207788
0.019665
0.0192849
0.0188211
0.0178002
0.0173594
0.0164935
0.015434
0.0146156
0.0140602
0.0137754
0.0137535
0.0136485
0.0133619
0.0128821
0.0123983
0.0119115
0.011551
0.0108787
0.00991566
0.00946579
0.00901561
0.00898087
0.00860508
0.00807042
0.00755196
0.00701854
0.00681105
0.00647127
0.00633807
0.00596733
0.00584617
0.0055766
0.00536677
0.00524728
0.00523915
0.00517748
0.00504117
0.00477089
0.00449631
0.0043143
0.00422131
0.00375604
0.00362048
0.00361014
0.00356507
0.00345001
0.00335971
0.00315502
0.00305974
0.00283085
0.00267885
0.00262152
0.00254029
0.00251129
0.00237676
0.002089
0.00204764
0.00202793
0.00194699
0.00193277
0.0018777
0.00178435
0.00177335
0.00167542
0.00157481
0.00153907
0.00151297
0.00149748
0.00143339
0.00139125
0.00135205
0.00123633
0.0011868
0.00114769
0.00111731
0.00109858
0.00106143
0.00100621
0.000971318
0.000875004
0.000864271
0.000860485
0.000860215
0.00085292
0.000838891
0.000812916
0.000806896
0.000786486
0.000698875
0.000684422
0.000682769
0.00062859
0.000613536
0.000608028
0.000588821
0.000554536
0.000553561
0.000513597
0.000504381
0.000495827
0.000487635
0.000423178
0.000409951
0.000381274
0.000368342
0.000347336
0.000314947
0.000313788
0.000299315
0.000298336
0.000275667
0.000257469
0.000236621
0.000232092
0.000225743
0.000216462
0.000211568
0.000198059
0.000192457
0.000185718
0.000176018
0.000171545
0.000171545
0.000169023
0.000164714
0.00015868
0.000141829
0.000141672
0.000141672
0.000134395
0.000131364
0.000122439
0.000121891
0.000120565
0.00011422
0.000109938
0.000105055
0.000101823
9.92757e-05
9.14482e-05
8.85107e-05
8.64228e-05
8.44254e-05
8.35495e-05
7.95727e-05
7.52362e-05
7.52362e-05
7.12969e-05
6.91738e-05
6.91575e-05
6.33156e-05
6.21815e-05
5.84652e-05
5.66078e-05
5.36188e-05
4.95213e-05
4.75595e-05
4.70853e-05
4.69624e-05
4.62887e-05
4.46821e-05
4.27637e-05
4.27008e-05
4.04034e-05
3.87579e-05
3.77233e-05
3.5882e-05
3.5882e-05
3.49015e-05
3.27722e-05
3.20052e-05
3.15617e-05
3.05525e-05
2.98256e-05
2.95125e-05
2.75245e-05
2.70162e-05
2.69016e-05
2.44736e-05
2.18685e-05
2.12788e-05
2.07665e-05
1.9339e-05
1.83988e-05
1.81099e-05
1.75144e-05
1.74008e-05
1.7223e-05
1.71023e-05
1.6533e-05
1.62727e-05
1.4928e-05
1.45777e-05
1.44484e-05
1.39676e-05
1.3061e-05
1.26094e-05
1.19463e-05
1.1317e-05
1.12243e-05
1.10103e-05
1.08103e-05
1.01989e-05
9.8213e-06
9.3249e-06
9.03621e-06
8.82369e-06
8.73864e-06
8.41895e-06
7.54911e-06
7.3603e-06
7.25094e-06
6.40498e-06
6.27688e-06
5.71964e-06
5.45373e-06
5.45373e-06
5.33114e-06
5.01992e-06
4.72974e-06
4.55985e-06
4.55985e-06
4.36527e-06
4.33017e-06
4.08713e-06
4.0582e-06
3.87486e-06
3.84732e-06
3.754e-06
3.58164e-06
3.153e-06
2.8361e-06
2.71765e-06
2.52403e-06
2.51831e-06
2.40558e-06
2.36613e-06
2.31235e-06
2.30061e-06
2.21942e-06
2.11503e-06
2.07958e-06
2.06354e-06
1.97755e-06
1.8716e-06
1.72798e-06
1.6372e-06
1.63303e-06
1.52822e-06
1.50893e-06
1.41366e-06
1.32755e-06
1.26842e-06
1.22228e-06
1.22228e-06
1.14794e-06
1.14794e-06
1.07714e-06
1.07714e-06
1.07714e-06
9.93394e-07
9.55997e-07
8.89103e-07
8.74738e-07
8.47107e-07
8.44239e-07
8.09533e-07
7.77757e-07
7.42125e-07
7.23483e-07
7.16813e-07
7.09087e-07
6.93931e-07
6.76207e-07
6.59237e-07
6.35155e-07
6.18237e-07
5.5274e-07
5.33545e-07
5.13997e-07
5.02293e-07
4.91453e-07
4.88231e-07
4.46224e-07
4.18177e-07
3.89485e-07
3.47828e-07
3.17495e-07
3.17495e-07
3.10266e-07
3.10078e-07
3.01064e-07
3.01064e-07
2.91352e-07
2.84617e-07
2.83624e-07
2.67637e-07
2.58552e-07
2.5526e-07
2.39709e-07
2.2629e-07
2.22602e-07
2.01439e-07
1.99443e-07
1.97095e-07
1.8821e-07
1.78583e-07
1.74577e-07
1.72039e-07
1.65587e-07
1.61054e-07
1.58127e-07
1.44771e-07
1.42948e-07
1.35541e-07
1.34414e-07
1.25244e-07
1.21367e-07
1.16809e-07
1.08703e-07
1.06458e-07
1.0398e-07
1.01728e-07
1.00071e-07
9.63529e-08
8.96007e-08
8.91824e-08
8.3673e-08
7.64248e-08
7.2724e-08
7.26827e-08
7.09886e-08
7.08482e-08
6.16567e-08
6.10684e-08
5.94166e-08
5.84971e-08
5.57354e-08
5.43953e-08
5.3678e-08
5.12444e-08
4.73794e-08
4.26042e-08
4.23001e-08
4.12286e-08
4.06926e-08
3.85798e-08
3.7425e-08
3.60064e-08
3.44131e-08
3.42654e-08
3.25836e-08
3.12342e-08
3.10124e-08
2.8516e-08
2.8335e-08
2.8335e-08
2.68892e-08
2.41917e-08
2.30894e-08
2.26478e-08
2.11692e-08
2.00415e-08
1.98271e-08
1.76164e-08
1.72997e-08
1.6758e-08
1.64949e-08
1.61249e-08
1.59723e-08
1.55161e-08
1.48533e-08
1.48533e-08
1.47495e-08
1.43998e-08
1.39072e-08
1.29633e-08
1.23872e-08
1.16489e-08
1.15112e-08
1.08731e-08
1.024e-08
9.76093e-09
9.61633e-09
9.16306e-09
8.77245e-09
8.76822e-09
8.41776e-09
8.20812e-09
7.86544e-09
7.37646e-09
6.96877e-09
6.50051e-09
6.30781e-09
6.17976e-09
5.94776e-09
5.74653e-09
5.70087e-09
5.16208e-09
5.1216e-09
4.85747e-09
4.67282e-09
4.49907e-09
4.40028e-09
4.2132e-09
4.12806e-09
3.99782e-09
3.94546e-09
3.645e-09
3.49219e-09
3.46251e-09
3.20469e-09
3.14837e-09
3.03805e-09
2.85308e-09
2.80005e-09
2.66141e-09
2.62104e-09
2.40538e-09
2.2867e-09
2.17882e-09
2.14958e-09
2.09874e-09
1.99546e-09
1.9196e-09
1.72644e-09
1.71664e-09
1.67949e-09
1.67027e-09
1.587e-09
1.49101e-09
1.43988e-09
1.36536e-09
1.25929e-09
1.20161e-09
1.19539e-09
1.17541e-09
1.15629e-09
1.14329e-09
1.08678e-09
1.06626e-09
1.04283e-09
9.86113e-10
9.70336e-10
9.18348e-10
8.5584e-10
8.09476e-10
7.86148e-10
7.80877e-10
7.65231e-10
7.54132e-10
7.29903e-10
7.03629e-10
6.94158e-10
6.47943e-10
5.47116e-10
5.40109e-10
5.31348e-10
5.20316e-10
4.90013e-10
4.73914e-10
4.68263e-10
4.65454e-10
4.18269e-10
4.18269e-10
4.0719e-10
3.7183e-10
3.59551e-10
3.45642e-10
3.33206e-10
3.23028e-10
2.98441e-10
2.91603e-10
2.7173e-10
2.70562e-10
2.56974e-10
2.42915e-10
2.27131e-10
2.19231e-10
2.11119e-10
2.05927e-10
2.01691e-10
1.99674e-10
1.9938e-10
1.79099e-10
1.73377e-10
1.66673e-10
1.64539e-10
1.5704e-10
1.53448e-10
1.52643e-10
1.33474e-10
1.32279e-10
1.31145e-10
1.31145e-10
1.29601e-10
1.23628e-10
1.21636e-10
1.15415e-10
9.79899e-11
9.31314e-11
9.25263e-11
8.77669e-11
8.54158e-11
8.41468e-11
8.26684e-11
8.10554e-11
7.84967e-11
7.75826e-11
7.56379e-11
7.29523e-11
7.28981e-11
6.92461e-11
6.38992e-11
6.09334e-11
5.54484e-11
5.42599e-11
5.28174e-11
5.23705e-11
5.00088e-11
4.84898e-11
4.83312e-11
4.66992e-11
4.64044e-11
4.48006e-11
4.3712e-11
3.97729e-11
3.75813e-11
3.74348e-11
3.62843e-11
3.29723e-11
3.05425e-11
3.05425e-11
2.97382e-11
2.88522e-11
2.85449e-11
2.52902e-11
2.43995e-11
2.43336e-11
2.36264e-11
2.35751e-11
2.34499e-11
2.30983e-11
2.24144e-11
2.21942e-11
2.21942e-11
2.17567e-11
2.11599e-11
2.10641e-11
2.06912e-11
1.80081e-11
1.69755e-11
1.65622e-11
1.57792e-11
1.53037e-11
1.41986e-11
1.39984e-11
1.38601e-11
1.34353e-11
1.29353e-11
1.28075e-11
1.26648e-11
1.2129e-11
1.18216e-11
1.16606e-11
1.15004e-11
9.69355e-12
9.53037e-12
9.4597e-12
8.8241e-12
8.59842e-12
8.32862e-12
8.19958e-12
8.03306e-12
7.81464e-12
7.17584e-12
7.07064e-12
6.3645e-12
6.18507e-12
5.73089e-12
5.68303e-12
5.63949e-12
5.51985e-12
5.20211e-12
4.86689e-12
4.8054e-12
4.49538e-12
4.4933e-12
4.22187e-12
4.11488e-12
3.77888e-12
3.73955e-12
3.67829e-12
3.63238e-12
3.53049e-12
3.42022e-12
3.28384e-12
3.05717e-12
2.87021e-12
2.84148e-12
2.82562e-12
2.78932e-12
2.62506e-12
2.259e-12
2.19732e-12
2.17986e-12
1.95203e-12
1.90712e-12
1.88139e-12
1.87745e-12
1.76264e-12
1.75211e-12
1.69053e-12
1.63354e-12
1.59977e-12
1.5469e-12
1.52571e-12
1.49656e-12
1.44353e-12
1.33405e-12
1.26577e-12
1.22077e-12
1.21438e-12
1.21271e-12
1.19601e-12
1.18149e-12
1.10481e-12
1.04567e-12
9.67205e-13
9.41027e-13
9.12185e-13
9.01798e-13
8.45381e-13
8.32349e-13
7.93554e-13
7.84876e-13
7.53585e-13
7.07447e-13
7.0554e-13
6.9633e-13
6.79849e-13
6.01219e-13
5.7662e-13
5.56715e-13
5.4896e-13
5.27063e-13
5.11662e-13
4.54026e-13
4.42633e-13
4.34967e-13
3.92643e-13
3.8252e-13
3.79468e-13
3.66597e-13
3.50661e-13
3.40208e-13
3.34074e-13
3.12417e-13
3.05913e-13
2.76303e-13
2.59962e-13
2.57708e-13
2.56468e-13
2.50148e-13
2.34662e-13
2.25459e-13
2.17473e-13
2.16807e-13
2.10419e-13
1.95994e-13
1.84464e-13
1.82497e-13
1.79113e-13
1.74236e-13
1.74236e-13
1.61627e-13
1.57679e-13
1.56458e-13
1.50833e-13
1.40913e-13
1.33848e-13
1.2089e-13
1.17732e-13
1.09393e-13
9.95556e-14
9.2249e-14
8.86106e-14
8.56769e-14
8.51392e-14
8.30517e-14
8.10166e-14
8.08701e-14
7.91719e-14
7.91719e-14
6.93196e-14
6.89426e-14
6.86805e-14
6.31634e-14
6.30546e-14
6.07238e-14
5.50939e-14
5.35818e-14
4.82595e-14
4.54859e-14
4.51247e-14
4.40435e-14
4.32316e-14
4.2995e-14
4.0677e-14
3.99872e-14
3.47702e-14
3.43497e-14
3.38054e-14
3.3286e-14
2.95235e-14
2.54499e-14
2.47489e-14
2.47043e-14
2.46508e-14
2.39083e-14
2.2773e-14
2.19293e-14
2.07988e-14
2.07988e-14
2.04513e-14
1.96677e-14
1.90193e-14
1.86261e-14
1.86171e-14
1.7789e-14
1.7633e-14
1.72094e-14
1.66968e-14
1.6519e-14
1.65065e-14
1.59715e-14
1.47828e-14
1.32428e-14
1.24466e-14
1.17449e-14
1.14566e-14
1.07987e-14
1.03356e-14
9.90823e-15
9.67811e-15
9.52424e-15
9.45547e-15
9.22552e-15
8.96679e-15
8.60025e-15
8.04874e-15
7.84872e-15
7.71568e-15
7.51699e-15
7.27282e-15
7.04177e-15
6.81621e-15
6.2223e-15
5.9999e-15
5.78952e-15
5.70403e-15
5.43215e-15
4.59625e-15
4.48072e-15
4.41652e-15
4.14475e-15
4.10132e-15
3.93203e-15
3.87889e-15
3.78805e-15
3.76808e-15
3.74578e-15
3.62622e-15
3.62622e-15
3.4264e-15
3.24689e-15
3.18282e-15
2.73107e-15
2.57456e-15
2.55479e-15
2.55104e-15
2.45588e-15
2.39962e-15
2.33006e-15
2.26981e-15
2.26967e-15
2.22233e-15
2.11686e-15
2.02665e-15
1.84013e-15
1.82164e-15
1.71676e-15
1.70783e-15
1.65935e-15
1.63496e-15
1.62625e-15
1.4668e-15
1.42709e-15
1.34461e-15
1.27552e-15
1.27385e-15
1.13337e-15
1.1249e-15
1.09275e-15
1.08868e-15
1.02891e-15
1.01544e-15
9.15437e-16
9.06677e-16
8.69855e-16
8.59193e-16
8.24399e-16
7.65747e-16
7.45804e-16
6.50965e-16
6.20511e-16
6.16191e-16
6.00814e-16
5.88984e-16
5.60211e-16
5.54553e-16
5.47227e-16
5.46711e-16
5.27232e-16
5.08427e-16
4.97752e-16
4.75797e-16
4.62052e-16
4.44904e-16
4.22879e-16
3.633e-16
3.36586e-16
3.23056e-16
3.20015e-16
3.19974e-16
3.13554e-16
3.02091e-16
2.86798e-16
2.82271e-16
2.71788e-16
2.49366e-16
2.47528e-16
2.44537e-16
2.41778e-16
2.3764e-16
2.36363e-16
2.30915e-16
2.12557e-16
1.93897e-16
1.77998e-16
1.70905e-16
1.69357e-16
1.6156e-16
1.6156e-16
1.54308e-16
1.37832e-16
1.36869e-16
1.26916e-16
1.26916e-16
1.20408e-16
1.17283e-16
1.08241e-16
1.0494e-16
1.03048e-16
9.44283e-17
9.14163e-17
8.86517e-17
8.72415e-17
8.67586e-17
8.17928e-17
7.87694e-17
7.76786e-17
7.40272e-17
6.94055e-17
6.6728e-17
6.55411e-17
6.50337e-17
6.11681e-17
6.09861e-17
5.73302e-17
5.45727e-17
5.20055e-17
5.09255e-17
4.92675e-17
4.87428e-17
4.8482e-17
4.52688e-17
4.07616e-17
3.98032e-17
3.69774e-17
3.57162e-17
3.51754e-17
3.30564e-17
3.18373e-17
3.14404e-17
3.11152e-17
2.98403e-17
2.72844e-17
2.52923e-17
2.50863e-17
2.39826e-17
2.30545e-17
2.25681e-17
2.1795e-17
2.02836e-17
1.82881e-17
1.82524e-17
1.73769e-17
1.6819e-17
1.67136e-17
1.63921e-17
1.63921e-17
1.42301e-17
1.3816e-17
1.37563e-17
1.3355e-17
1.30134e-17
1.25666e-17
1.12778e-17
1.1219e-17
1.03273e-17
1.03273e-17
1.02873e-17
1.00015e-17
9.80677e-18
9.72812e-18
9.43025e-18
9.06305e-18
8.82186e-18
8.53836e-18
7.98906e-18
7.95478e-18
7.65927e-18
7.657e-18
7.33634e-18
6.29929e-18
6.1951e-18
6.02924e-18
5.75117e-18
5.52806e-18
5.12561e-18
4.9364e-18
4.70756e-18
4.35522e-18
4.26014e-18
4.01193e-18
3.89708e-18
3.78342e-18
3.51899e-18
3.50246e-18
3.37282e-18
3.22175e-18
3.22143e-18
3.11654e-18
2.94763e-18
2.80666e-18
2.66317e-18
2.64007e-18
2.52211e-18
2.33968e-18
2.23167e-18
2.18335e-18
2.00714e-18
1.80828e-18
1.72999e-18
1.71577e-18
1.59084e-18
1.57386e-18
1.45886e-18
1.41921e-18
1.36264e-18
1.29967e-18
1.26601e-18
1.26278e-18
1.23191e-18
1.20016e-18
1.09514e-18
1.0754e-18
1.05459e-18
1.03194e-18
1.01309e-18
9.62616e-19
9.41583e-19
9.34119e-19
9.11902e-19
8.79503e-19
8.49434e-19
7.96215e-19
7.37309e-19
7.34207e-19
6.89895e-19
6.67911e-19
6.12087e-19
6.08305e-19
5.85984e-19
5.36151e-19
5.2383e-19
5.04819e-19
4.76953e-19
4.65334e-19
4.54831e-19
4.4656e-19
4.28817e-19
3.89039e-19
3.84358e-19
3.77407e-19
3.63969e-19
3.50183e-19
3.47131e-19
3.10527e-19
3.06331e-19
2.85723e-19
2.77976e-19
2.62832e-19
2.59496e-19
2.58285e-19
2.57985e-19
2.41631e-19
2.30796e-19
2.205e-19
2.08639e-19
1.90207e-19
1.87753e-19
1.85619e-19
1.80193e-19
1.77843e-19
1.77006e-19
1.75207e-19
1.72666e-19
1.54641e-19
1.41739e-19
1.38759e-19
1.37058e-19
1.30789e-19
1.30451e-19
1.28945e-19
1.14466e-19
1.08991e-19
1.08426e-19
1.00261e-19
9.71834e-20
9.52905e-20
9.50809e-20
8.92502e-20
8.77706e-20
8.47965e-20
7.71547e-20
7.70527e-20
6.84967e-20
6.73195e-20
6.22739e-20
5.90261e-20
5.81676e-20
5.81173e-20
5.49467e-20
5.40076e-20
5.03134e-20
5.02969e-20
4.84477e-20
4.84287e-20
4.5658e-20
4.47566e-20
4.43428e-20
4.19736e-20
4.04171e-20
4.03735e-20
3.82752e-20
3.62144e-20
3.59649e-20
3.48683e-20
3.32483e-20
2.91833e-20
2.69324e-20
2.68073e-20
2.57871e-20
2.51279e-20
2.33389e-20
2.33389e-20
2.22439e-20
2.08534e-20
2.01412e-20
1.94492e-20
1.93967e-20
1.93347e-20
1.92835e-20
1.87962e-20
1.85169e-20
1.77991e-20
1.73034e-20
1.59193e-20
1.58798e-20
1.5323e-20
1.48523e-20
1.47617e-20
1.3456e-20
1.32603e-20
1.30699e-20
