20.6354
20.6354
20.6354
20.6354
20.6354
20.6354
20.6354
20.6354
20.6354
20.4098
20.4098
20.4098
20.4098
20.4098
20.4098
20.4098
20.4098
20.4098
20.4098
19.3355
19.3355
19.3355
19.3355
19.3355
19.3355
19.3355
19.3355
19.3355
19.3355
19.3355
19.3355
19.3355
19.3355
19.3355
19.3355
19.3355
19.3355
19.3355
18.7119
18.7119
18.7119
18.7119
18.7119
18.35
18.35
18.35
18.1727
18.1727
18.1727
18.1727
18.1727
18.1539
18.1539
17.9264
17.9264
17.9264
17.5169
16.9728
16.4719
16.4719
16.4719
16.2766
16.2766
16.2766
16.2766
16.2766
15.76
15.76
15.76
15.76
15.76
15.2057
15.2057
15.2057
14.0425
14.0425
14.0425
14.0425
14.0425
14.0425
14.0425
14.0425
14.0425
13.1083
13.1083
13.1083
13.1083
13.1083
13.1083
13.1083
13.1083
13.1083
12.8187
12.68
12.0229
11.6591
11.6591
11.6591
11.0716
11.0716
11.0716
11.0716
10.9203
10.9203
10.9203
10.9203
10.9203
10.9203
10.9203
10.5815
10.5815
10.5815
10.5642
10.2104
10.2104
10.2104
10.2104
10.1562
10.1562
10.1562
10.1562
10.1562
9.65757
9.65757
8.68615
8.68615
8.68615
8.68615
8.68615
8.68615
8.68615
8.68615
8.13341
8.13341
8.13341
8.13341
8.13341
8.13341
8.13341
8.13341
7.8131
7.29909
7.29909
7.29909
7.29909
6.47581
6.47581
6.47581
6.47581
6.47581
6.47581
6.47581
6.25673
6.25673
6.14042
6.14042
6.14042
5.91513
5.91513
5.91513
5.91513
5.82419
5.82419
5.35708
5.18345
5.09603
5.09603
5.09603
5.09603
5.09603
5.00669
4.91424
4.91424
4.91424
4.91424
4.91424
4.50608
4.50608
4.41367
4.41367
4.41367
4.41367
4.41367
4.41367
4.18628
4.18628
4.18628
4.18628
4.18628
4.18628
4.18628
4.18628
4.10055
4.10055
3.80239
3.80239
3.74393
3.74393
3.74393
3.74393
3.74393
3.74393
3.67404
3.67404
3.67404
3.55298
3.51947
3.51947
3.51947
3.41474
3.38575
3.27238
3.27238
3.27238
3.16599
3.16599
3.16599
3.16599
3.1496
2.77622
2.77622
2.77622
2.77622
2.77622
2.77622
2.77622
2.77622
2.77622
2.64518
2.64518
2.64518
2.64518
2.63014
2.63014
2.63014
2.54949
2.54949
2.54949
2.4215
2.197
2.08388
2.08388
2.08388
2.08388
2.08388
2.08388
2.08388
2.08388
2.00887
2.00887
2.00887
2.00887
2.00887
1.9492
1.9492
1.9492
1.75283
1.75283
1.75283
1.54836
1.54836
1.44751
1.38394
1.38394
1.38394
1.38394
1.38394
1.38394
1.38394
1.38394
1.26153
1.26153
1.26153
1.26153
1.1412
1.1412
1.12793
0.97148
0.97148
0.97148
0.97148
0.97148
0.97148
0.952172
0.952172
0.887707
0.887707
0.887707
0.653021
0.653021
0.653021
0.653021
0.653021
0.653021
0.653021
0.653021
0.653021
0.560854
0.560854
0.560854
0.560854
0.560854
0.560854
0.560854
0.477331
0.465511
0.465511
0.465511
0.413634
0.413634
0.299725
0.299725
0.299725
0.299725
0.299725
0.299725
0.299725
0.299725
0.299725
0.299725
0.299725
0.299725
0.299725
0.299725
0.296745
0.291951
0.285535
0.285535
0.231603
0.231603
0.231603
0.223034
0.223034
0.192545
0.192545
0.192545
0.192545
0.192545
0.192545
0.192545
0.192545
0.155749
0.155749
0.155749
0.155749
0.132164
0.132164
0.132164
0.132164
0.132164
0.132164
0.132164
0.132164
0.132164
0.132164
0.132164
0.132164
0.132164
0.132164
0.132164
0.132164
0.118012
0.105907
0.105907
0.105907
0.105907
0.105907
0.105907
0.0838412
0.0838412
0.0838412
0.0838412
0.0838412
0.0838412
0.0838412
0.0838412
0.0838412
0.0838412
0.0838412
0.0838412
0.0838412
0.0797514
0.0797514
0.0797514
0.0797514
0.0788923
0.0688696
0.0688696
0.0671929
0.0671929
0.0671929
0.0671929
0.0671929
0.0657716
0.0630106
0.0630106
0.0593835
0.0593835
0.0593835
0.0456143
0.0456143
0.0456143
0.0421181
0.0421181
0.0421181
0.0421181
0.0421181
0.0421181
0.0421181
0.0421181
0.0421181
0.0421181
0.0416182
0.0338652
0.0338652
0.0338652
0.0338652
0.0338652
0.0338652
0.0298652
0.0298652
0.0298652
0.0298652
0.0298652
0.0298652
0.0298652
0.0298652
0.0259857
0.0259857
0.0259857
0.0259857
0.0259857
0.0259857
0.0259857
0.0230185
0.0230185
0.0230185
0.0230185
0.0230185
0.0230185
0.0230185
0.0230185
0.0230185
0.0214796
0.0184543
0.0184543
0.0180818
0.0180818
0.0180818
0.0175128
0.0164909
0.016477
0.0153781
0.0153781
0.0153781
0.0153781
0.0153781
0.0132861
0.0130193
0.0130193
0.0130193
0.0130193
0.0130193
0.0130193
0.0130193
0.0130193
0.0127913
0.0105954
0.0105954
0.0105954
0.0105954
0.0105954
0.0102575
0.0102575
0.00977954
0.00977954
0.00977954
0.00953104
0.00953104
0.00953104
0.00953104
0.00953104
0.00804434
0.00782735
0.00782735
0.00782735
0.00782735
0.00782735
0.00782735
0.0076854
0.00737014
0.00737014
0.00723531
0.00723531
0.00575343
0.00575343
0.00575343
0.00575343
0.00575343
0.00575343
0.00555374
0.00555374
0.00555374
0.00555374
0.00555374
0.00523202
0.00523202
0.00523202
0.00457963
0.00457963
0.00457963
0.00457963
0.00457963
0.00452127
0.00452127
0.00436611
0.00436611
0.00436611
0.00436611
0.00380312
0.00338705
0.00338705
0.00338705
0.00338705
0.00338705
0.00338705
0.00338705
0.00338705
0.00338705
0.00338705
0.00338705
0.00338705
0.00333946
0.00321224
0.00295664
0.00295664
0.00295664
0.00295664
0.00285615
0.00285615
0.00285615
0.00263063
0.00263063
0.00248833
0.00248833
0.00248833
0.00248833
0.00236867
0.00228875
0.00228875
0.00228875
0.00228875
0.00228875
0.00221647
0.00221647
0.00170427
0.00170427
0.00154657
0.00154657
0.00154657
0.00154657
0.00154657
0.00154657
0.00154657
0.00154657
0.00154657
0.00154657
0.00154657
0.00154657
0.00154657
0.00154657
0.00154657
0.00146537
0.00146537
0.00139065
0.00139065
0.00139065
0.00139065
0.00128618
0.00112837
0.00112837
0.00112837
0.00112837
0.00112837
0.00112837
0.00112837
0.00105648
0.00105648
0.00105648
0.00105648
0.00105648
0.00105648
0.00105648
0.00105648
0.000980372
0.000932634
0.000932634
0.000817014
0.000817014
0.000817014
0.000817014
0.000817014
0.000817014
0.000817014
0.000817014
0.000817014
0.000817014
0.000815848
0.000722734
0.000722734
0.000722734
0.000722734
0.000722734
0.000722734
0.000722734
0.000658002
0.000658002
0.000658002
0.000609439
0.000609439
0.000609439
0.000609439
0.000609439
0.000609439
0.000609439
0.000609439
0.000593525
0.00054706
0.00054706
0.00054706
0.00054706
0.00051521
0.00051521
0.00051521
0.00051521
0.00051521
0.00051521
0.00051521
0.00051521
0.00051521
0.000500881
0.000500881
0.000496084
0.000496084
0.000448892
0.000448892
0.000448892
0.000448892
0.000448892
0.000405198
0.000401473
0.000388189
0.000388189
0.000358796
0.000358796
0.000349432
0.000349076
0.000349076
0.000349076
0.000349076
0.000349076
0.00028849
0.00028849
0.00028849
0.00028849
0.00028849
0.00028849
0.00028849
0.00028849
0.00028849
0.000271598
0.000271598
0.000269271
0.000263245
0.000232464
0.000191226
0.000191226
0.000191226
0.000191226
0.000191226
0.000191226
0.000191226
0.000191226
0.000164805
0.000164805
0.000164805
0.000164805
0.000164805
0.000164805
0.000140627
0.000140627
0.000140627
0.000140627
0.000140627
0.000140627
0.000140627
0.00013948
0.00013948
0.00013948
0.00013948
0.00013948
0.00012422
0.000121907
0.000121907
0.000109375
0.000109375
0.000109375
0.000109375
0.00010483
0.00010483
0.00010483
0.00010483
0.000102389
0.000102389
9.81609e-005
9.81609e-005
9.81609e-005
9.81609e-005
9.81609e-005
9.45424e-005
9.45424e-005
8.24017e-005
8.24017e-005
8.24017e-005
7.95659e-005
7.95659e-005
7.78494e-005
7.78494e-005
7.78494e-005
7.78494e-005
7.78494e-005
7.78494e-005
7.56319e-005
7.56319e-005
7.56319e-005
7.56319e-005
7.56319e-005
7.56319e-005
7.11281e-005
6.98519e-005
6.98519e-005
6.7239e-005
6.7239e-005
6.7239e-005
5.83465e-005
5.83465e-005
5.83465e-005
5.83465e-005
5.76548e-005
5.76548e-005
5.76548e-005
5.76548e-005
5.76548e-005
5.72542e-005
5.23763e-005
5.23763e-005
5.23763e-005
5.1247e-005
4.97739e-005
4.7854e-005
4.74821e-005
4.74821e-005
4.5714e-005
4.45537e-005
4.45537e-005
4.19609e-005
4.19609e-005
4.19609e-005
4.19609e-005
4.19609e-005
4.19609e-005
4.06724e-005
4.06724e-005
4.06724e-005
4.06724e-005
4.06724e-005
4.06724e-005
4.06724e-005
4.06724e-005
4.06085e-005
3.88255e-005
3.88255e-005
3.88255e-005
3.84658e-005
3.84658e-005
3.84658e-005
3.81354e-005
3.08564e-005
3.08564e-005
3.08564e-005
3.08564e-005
3.08564e-005
3.08564e-005
3.08564e-005
3.08564e-005
3.08564e-005
3.08564e-005
2.61767e-005
2.57364e-005
2.57364e-005
2.57364e-005
2.57364e-005
2.57364e-005
2.57364e-005
2.57364e-005
2.24923e-005
2.24923e-005
2.09983e-005
2.09983e-005
2.09983e-005
2.09983e-005
1.92336e-005
1.92336e-005
1.92336e-005
1.92336e-005
1.92336e-005
1.92336e-005
1.88536e-005
1.77825e-005
1.56728e-005
1.56728e-005
1.54705e-005
1.54705e-005
1.54705e-005
1.54705e-005
1.52442e-005
1.52442e-005
1.49057e-005
1.25852e-005
1.25849e-005
1.25849e-005
1.25849e-005
1.24273e-005
1.24273e-005
1.21116e-005
1.21116e-005
1.21116e-005
1.21116e-005
1.07243e-005
1.07243e-005
1.07243e-005
1.04667e-005
1.00834e-005
9.42655e-006
9.42655e-006
9.38968e-006
9.38968e-006
7.54865e-006
7.54865e-006
7.54865e-006
7.54865e-006
7.54865e-006
7.54865e-006
7.54865e-006
7.48507e-006
7.48507e-006
7.48507e-006
7.48507e-006
6.60884e-006
6.60884e-006
6.60884e-006
6.60884e-006
6.49389e-006
6.49389e-006
5.8571e-006
5.8571e-006
5.8571e-006
5.8571e-006
5.8571e-006
5.8571e-006
5.8571e-006
5.37254e-006
5.37254e-006
5.27315e-006
5.27315e-006
5.27315e-006
4.87218e-006
4.53252e-006
4.53252e-006
4.53252e-006
4.17946e-006
4.17946e-006
4.17946e-006
3.97907e-006
3.97907e-006
3.97907e-006
3.97907e-006
3.97907e-006
3.97907e-006
3.97907e-006
3.69381e-006
3.47203e-006
3.47203e-006
3.47203e-006
3.34866e-006
3.34866e-006
3.32439e-006
3.23671e-006
3.23671e-006
3.14257e-006
3.14257e-006
3.14257e-006
3.14257e-006
3.14257e-006
3.13346e-006
3.01084e-006
2.6396e-006
2.6396e-006
2.25613e-006
2.25613e-006
2.25613e-006
2.25613e-006
2.25613e-006
2.14353e-006
2.14353e-006
2.14353e-006
2.14353e-006
2.04844e-006
2.04844e-006
2.04844e-006
1.9857e-006
1.9857e-006
1.9857e-006
1.9857e-006
1.62962e-006
1.62962e-006
1.62962e-006
1.62962e-006
1.53865e-006
1.53865e-006
1.53865e-006
1.53865e-006
1.53865e-006
1.53865e-006
1.53865e-006
1.53865e-006
1.53865e-006
1.5087e-006
1.47866e-006
1.47866e-006
1.47866e-006
1.43222e-006
1.39394e-006
1.39394e-006
1.36281e-006
1.30109e-006
1.30109e-006
1.30109e-006
1.30109e-006
1.25246e-006
1.25246e-006
1.1555e-006
1.1555e-006
1.1555e-006
1.08013e-006
1.08013e-006
1.04265e-006
1.04265e-006
1.04265e-006
9.40456e-007
9.40456e-007
9.40456e-007
9.40456e-007
9.40456e-007
9.40456e-007
9.40456e-007
9.40456e-007
9.15298e-007
9.15298e-007
8.29532e-007
8.29532e-007
8.29532e-007
8.29532e-007
8.29532e-007
8.185e-007
8.185e-007
8.185e-007
7.96391e-007
7.96391e-007
7.58155e-007
7.32853e-007
7.32853e-007
7.32853e-007
7.32853e-007
7.32853e-007
5.94432e-007
5.94432e-007
5.94432e-007
5.94432e-007
5.94432e-007
5.94432e-007
5.94432e-007
5.94432e-007
5.63439e-007
5.63439e-007
5.63439e-007
5.63439e-007
5.63439e-007
5.32809e-007
5.32809e-007
5.32809e-007
5.32809e-007
5.32809e-007
5.16231e-007
5.16231e-007
4.65475e-007
4.65475e-007
4.65475e-007
4.65475e-007
4.44138e-007
4.44138e-007
4.44138e-007
4.44138e-007
4.27239e-007
4.27239e-007
4.27239e-007
4.27239e-007
3.30253e-007
3.30253e-007
3.30253e-007
3.30253e-007
3.30253e-007
3.30253e-007
3.30253e-007
3.30253e-007
3.30253e-007
3.30253e-007
3.30253e-007
3.30253e-007
2.99439e-007
2.91767e-007
2.81618e-007
2.78484e-007
2.78484e-007
2.50585e-007
2.50585e-007
2.50585e-007
2.00074e-007
2.00074e-007
2.00074e-007
2.00074e-007
2.00074e-007
2.00074e-007
2.00074e-007
2.00074e-007
2.00074e-007
2.00074e-007
2.00074e-007
2.00074e-007
1.95323e-007
1.84447e-007
1.77888e-007
1.77888e-007
1.77888e-007
1.77888e-007
1.77888e-007
1.72833e-007
1.72833e-007
1.6847e-007
1.6847e-007
1.6847e-007
1.45985e-007
1.45985e-007
1.45985e-007
1.214e-007
1.214e-007
1.214e-007
1.214e-007
1.214e-007
1.214e-007
1.214e-007
1.214e-007
1.12654e-007
1.12654e-007
1.12654e-007
1.12654e-007
1.12654e-007
1.12654e-007
1.11704e-007
1.11704e-007
1.11704e-007
1.11704e-007
1.04119e-007
1.04119e-007
9.70428e-008
9.70428e-008
9.70428e-008
9.70428e-008
9.70428e-008
9.115e-008
7.63771e-008
7.63771e-008
7.63771e-008
7.63771e-008
7.63771e-008
7.63771e-008
7.63771e-008
7.63771e-008
7.63771e-008
7.63771e-008
7.63771e-008
7.15539e-008
7.15539e-008
7.15539e-008
7.15539e-008
7.15539e-008
7.15539e-008
7.04451e-008
7.04451e-008
7.00374e-008
6.80656e-008
6.77932e-008
6.31367e-008
6.31367e-008
6.09462e-008
6.09462e-008
6.09462e-008
5.73539e-008
5.73539e-008
5.73539e-008
5.73539e-008
5.73539e-008
5.65728e-008
4.85298e-008
4.85298e-008
4.85298e-008
4.85298e-008
4.85298e-008
4.85298e-008
4.85298e-008
4.85298e-008
4.85298e-008
4.43552e-008
3.83417e-008
3.83417e-008
3.83417e-008
3.83417e-008
3.83417e-008
3.83417e-008
3.83417e-008
3.17995e-008
3.17995e-008
3.17995e-008
3.17995e-008
3.17995e-008
3.17995e-008
3.09675e-008
3.09675e-008
3.09675e-008
2.7146e-008
2.7146e-008
2.7146e-008
2.7146e-008
2.7146e-008
2.7146e-008
2.7146e-008
2.41497e-008
2.12659e-008
2.12659e-008
2.12659e-008
2.12659e-008
2.12659e-008
2.12659e-008
2.12659e-008
2.12659e-008
2.12659e-008
2.12659e-008
2.12659e-008
2.11078e-008
2.11078e-008
2.11078e-008
2.04731e-008
2.04731e-008
1.83398e-008
1.74391e-008
1.41325e-008
1.41325e-008
1.41325e-008
1.41325e-008
1.41325e-008
1.41325e-008
1.41325e-008
1.41325e-008
1.41325e-008
1.41325e-008
1.41325e-008
1.41325e-008
1.41325e-008
1.41325e-008
1.41325e-008
1.41325e-008
1.41325e-008
1.41325e-008
1.41325e-008
1.41325e-008
1.41325e-008
1.32898e-008
1.32898e-008
1.32898e-008
1.15529e-008
1.15529e-008
1.15529e-008
1.12929e-008
1.12929e-008
1.10732e-008
1.10732e-008
1.10732e-008
1.10732e-008
9.63651e-009
9.63651e-009
9.63651e-009
9.63651e-009
8.84108e-009
8.84108e-009
8.55592e-009
8.55592e-009
8.55592e-009
8.55592e-009
8.38852e-009
8.38852e-009
7.58894e-009
5.93618e-009
5.93618e-009
5.6659e-009
5.6659e-009
5.6659e-009
5.6659e-009
5.6659e-009
5.6659e-009
5.6659e-009
5.66292e-009
5.66292e-009
5.66292e-009
5.66292e-009
5.66292e-009
5.66292e-009
5.45933e-009
5.45933e-009
5.45933e-009
5.45933e-009
4.338e-009
4.338e-009
4.338e-009
4.338e-009
4.338e-009
4.338e-009
4.338e-009
4.338e-009
4.29896e-009
4.11788e-009
3.87783e-009
3.87783e-009
3.87783e-009
3.73863e-009
3.73863e-009
3.73863e-009
3.26014e-009
3.26014e-009
3.26014e-009
3.26014e-009
3.17083e-009
3.17083e-009
3.12558e-009
2.74876e-009
2.74876e-009
2.74876e-009
2.74876e-009
2.74876e-009
2.74876e-009
2.74876e-009
2.74876e-009
2.74876e-009
2.74597e-009
2.59048e-009
2.18792e-009
2.18792e-009
2.18792e-009
2.07214e-009
2.07214e-009
2.07214e-009
2.07214e-009
2.07214e-009
2.07214e-009
2.07214e-009
2.07214e-009
2.07214e-009
2.07214e-009
2.07214e-009
2.07214e-009
1.88719e-009
1.88719e-009
1.88719e-009
1.88719e-009
1.88719e-009
1.88719e-009
1.78798e-009
1.78798e-009
1.78798e-009
1.78715e-009
1.72336e-009
1.72336e-009
1.60179e-009
1.57481e-009
1.52753e-009
1.52753e-009
1.52753e-009
1.52069e-009
1.4026e-009
1.4026e-009
1.4026e-009
1.36566e-009
1.36566e-009
1.36566e-009
1.36566e-009
1.26154e-009
1.26066e-009
1.24877e-009
1.20272e-009
1.20272e-009
1.20272e-009
1.15687e-009
1.15687e-009
1.15687e-009
1.15687e-009
1.0086e-009
1.0086e-009
1.0086e-009
1.0086e-009
1.0086e-009
1.0086e-009
9.47043e-010
8.64581e-010
8.64581e-010
8.64581e-010
8.64581e-010
8.64581e-010
8.17416e-010
8.17416e-010
8.17416e-010
8.17416e-010
8.17416e-010
8.17416e-010
7.688e-010
7.688e-010
7.64327e-010
7.07925e-010
7.07925e-010
6.19771e-010
6.19771e-010
6.19771e-010
6.19771e-010
6.19771e-010
6.19771e-010
6.19771e-010
6.19771e-010
6.19771e-010
5.83455e-010
5.83455e-010
4.93081e-010
4.93081e-010
4.93081e-010
4.93081e-010
4.43624e-010
4.43624e-010
4.43624e-010
4.43624e-010
3.88315e-010
3.88315e-010
3.88315e-010
3.88315e-010
3.7695e-010
3.7695e-010
3.7695e-010
3.7695e-010
3.44208e-010
3.44208e-010
3.44208e-010
3.44208e-010
3.44208e-010
3.10898e-010
3.10898e-010
3.10898e-010
3.10898e-010
3.10898e-010
3.08962e-010
2.88328e-010
2.88328e-010
2.88328e-010
2.88328e-010
2.88328e-010
2.47511e-010
2.47511e-010
2.47511e-010
2.47511e-010
2.47511e-010
2.28003e-010
2.28003e-010
2.28003e-010
2.28003e-010
2.28003e-010
2.28003e-010
2.28003e-010
2.28003e-010
2.28003e-010
2.28003e-010
2.28003e-010
2.28003e-010
2.28003e-010
2.11067e-010
2.11067e-010
2.11067e-010
2.11067e-010
2.04374e-010
1.78457e-010
1.78457e-010
1.78457e-010
1.78457e-010
1.78457e-010
1.78457e-010
1.7301e-010
1.7301e-010
1.7301e-010
1.7301e-010
1.7301e-010
1.7301e-010
1.71642e-010
1.57229e-010
1.45569e-010
1.45569e-010
1.45569e-010
1.45569e-010
1.45569e-010
1.27006e-010
1.27006e-010
1.27006e-010
1.27006e-010
1.27006e-010
1.27006e-010
1.27006e-010
1.25013e-010
1.25013e-010
1.10553e-010
1.10553e-010
1.10553e-010
1.10553e-010
1.10553e-010
1.10553e-010
1.10553e-010
1.09761e-010
1.09761e-010
1.09761e-010
1.09761e-010
1.09761e-010
1.06809e-010
9.66553e-011
9.6197e-011
9.6197e-011
8.02986e-011
8.02986e-011
8.02986e-011
8.02986e-011
8.02986e-011
8.02986e-011
8.02986e-011
8.02986e-011
8.02986e-011
8.02986e-011
8.02986e-011
7.81314e-011
7.79005e-011
7.49091e-011
7.33068e-011
7.33068e-011
7.33068e-011
7.33068e-011
7.33068e-011
7.33068e-011
7.33068e-011
6.70185e-011
6.70185e-011
5.87514e-011
5.87514e-011
5.87514e-011
5.87514e-011
5.87514e-011
5.87514e-011
5.87514e-011
5.87514e-011
5.87514e-011
5.87514e-011
5.87514e-011
5.87514e-011
5.47155e-011
5.128e-011
5.128e-011
5.128e-011
5.128e-011
5.128e-011
4.65016e-011
4.65016e-011
4.65016e-011
4.65016e-011
4.65016e-011
4.65016e-011
4.27109e-011
4.27109e-011
4.27109e-011
4.27109e-011
4.20074e-011
4.01316e-011
4.01316e-011
3.7428e-011
3.7428e-011
3.7428e-011
3.7428e-011
3.7428e-011
3.7428e-011
3.7428e-011
3.7428e-011
3.7428e-011
3.7428e-011
3.7428e-011
3.09514e-011
3.09514e-011
3.09514e-011
3.09514e-011
3.09514e-011
3.09514e-011
3.00597e-011
3.00597e-011
3.00597e-011
2.81909e-011
2.81909e-011
2.73667e-011
2.73667e-011
2.73667e-011
2.73667e-011
2.73667e-011
2.63861e-011
2.21336e-011
2.21336e-011
2.21336e-011
2.21336e-011
2.21336e-011
2.21336e-011
2.21336e-011
2.07196e-011
2.07196e-011
1.95934e-011
1.95934e-011
1.95934e-011
1.95045e-011
1.95045e-011
1.95045e-011
1.95045e-011
1.95045e-011
1.72344e-011
1.72344e-011
1.72344e-011
1.72344e-011
1.72344e-011
1.72344e-011
1.72344e-011
1.72344e-011
1.72344e-011
1.72344e-011
1.71242e-011
1.59909e-011
1.48363e-011
1.35218e-011
1.21966e-011
1.21966e-011
1.21966e-011
1.21966e-011
1.21966e-011
1.2122e-011
1.2122e-011
1.2122e-011
1.155e-011
1.155e-011
1.12338e-011
1.12338e-011
1.12338e-011
1.04629e-011
1.04629e-011
1.04629e-011
1.04629e-011
1.04629e-011
1.04629e-011
1.04629e-011
8.78245e-012
8.78245e-012
8.78245e-012
8.78245e-012
8.42718e-012
8.42718e-012
8.42718e-012
8.42718e-012
8.42718e-012
7.85164e-012
7.85164e-012
7.85164e-012
7.85164e-012
7.85164e-012
7.78059e-012
7.78059e-012
7.78059e-012
7.22281e-012
7.22281e-012
6.67214e-012
6.67214e-012
6.67214e-012
6.67214e-012
6.67214e-012
6.67214e-012
6.67214e-012
6.67214e-012
6.67214e-012
6.67214e-012
6.67214e-012
6.67214e-012
6.47674e-012
6.4199e-012
6.34884e-012
6.34884e-012
5.84081e-012
5.84081e-012
5.54238e-012
5.54238e-012
5.49975e-012
5.49975e-012
5.49975e-012
5.34343e-012
5.17645e-012
5.09118e-012
5.09118e-012
4.92421e-012
4.86736e-012
4.63288e-012
4.63288e-012
4.63288e-012
4.09642e-012
4.09642e-012
4.09642e-012
4.09642e-012
4.09642e-012
4.09642e-012
3.65233e-012
3.65233e-012
3.65233e-012
3.65233e-012
3.65233e-012
3.65233e-012
3.65233e-012
3.65233e-012
3.43207e-012
3.43207e-012
3.43207e-012
3.43207e-012
2.98442e-012
2.98442e-012
2.98442e-012
2.98442e-012
2.98442e-012
2.98442e-012
2.86008e-012
2.63271e-012
2.58652e-012
2.58652e-012
2.58652e-012
2.58652e-012
2.47283e-012
2.47283e-012
2.47283e-012
2.3698e-012
2.04651e-012
2.04651e-012
2.04651e-012
2.04651e-012
2.04651e-012
2.04651e-012
2.04651e-012
1.9648e-012
1.9648e-012
1.89019e-012
1.82979e-012
1.82979e-012
1.4461e-012
1.4461e-012
1.4461e-012
1.4461e-012
1.4461e-012
1.3111e-012
1.3111e-012
1.3111e-012
1.3111e-012
1.3111e-012
1.3111e-012
1.3111e-012
1.3111e-012
1.3111e-012
1.3111e-012
1.3111e-012
1.3111e-012
1.3111e-012
1.3111e-012
1.3111e-012
1.23649e-012
1.23649e-012
1.23649e-012
1.22228e-012
1.22228e-012
9.80694e-013
9.80694e-013
9.80694e-013
8.95428e-013
8.95428e-013
8.38585e-013
8.38585e-013
8.38585e-013
8.38585e-013
8.27927e-013
8.27927e-013
8.27927e-013
8.27927e-013
8.27927e-013
8.27927e-013
7.85294e-013
7.85294e-013
7.63978e-013
7.63978e-013
7.63978e-013
7.63978e-013
7.46215e-013
7.10687e-013
6.92924e-013
6.92924e-013
6.78713e-013
6.3608e-013
6.3608e-013
5.18841e-013
5.18841e-013
5.18841e-013
5.18841e-013
5.18841e-013
5.18841e-013
5.18841e-013
5.18841e-013
5.18841e-013
5.18841e-013
5.15288e-013
5.15288e-013
5.15288e-013
4.79761e-013
4.47787e-013
4.47787e-013
4.47787e-013
4.2647e-013
4.01601e-013
4.01601e-013
4.01601e-013
4.01601e-013
4.01601e-013
4.01601e-013
4.01601e-013
3.90943e-013
3.76732e-013
3.76732e-013
3.44758e-013
3.44758e-013
3.44758e-013
3.44758e-013
3.44758e-013
3.19889e-013
3.19889e-013
3.19889e-013
3.19889e-013
2.66598e-013
2.66598e-013
2.66598e-013
2.66598e-013
2.66598e-013
2.63045e-013
2.48835e-013
2.48835e-013
2.48835e-013
2.48835e-013
2.48835e-013
2.31071e-013
2.20413e-013
2.20413e-013
2.1686e-013
2.1686e-013
2.1686e-013
2.1686e-013
1.95544e-013
1.95544e-013
1.95544e-013
1.95544e-013
1.91991e-013
1.91991e-013
1.91991e-013
1.88438e-013
1.7778e-013
1.7778e-013
1.7778e-013
1.31595e-013
1.31595e-013
1.31595e-013
1.31595e-013
1.31595e-013
1.31595e-013
1.31595e-013
1.31595e-013
1.31595e-013
1.31595e-013
1.31595e-013
1.31595e-013
1.31595e-013
1.31595e-013
1.31595e-013
1.31595e-013
1.17384e-013
1.10279e-013
1.10279e-013
1.10279e-013
1.10279e-013
1.10279e-013
1.10279e-013
1.10279e-013
8.54098e-014
8.54098e-014
8.54098e-014
8.54098e-014
8.54098e-014
8.54098e-014
8.54098e-014
8.54098e-014
8.54098e-014
8.54098e-014
8.54098e-014
8.54098e-014
8.54098e-014
8.54098e-014
8.54098e-014
8.54098e-014
8.1857e-014
7.47516e-014
7.47516e-014
7.47516e-014
7.47516e-014
7.47516e-014
7.11989e-014
7.11989e-014
7.11989e-014
7.11989e-014
7.11989e-014
7.11989e-014
7.11989e-014
7.11989e-014
6.76462e-014
6.76462e-014
6.76462e-014
6.76462e-014
6.76462e-014
6.05408e-014
6.05408e-014
6.05408e-014
6.05408e-014
6.05408e-014
6.05408e-014
6.05408e-014
6.05408e-014
5.69881e-014
5.69881e-014
5.69881e-014
5.69881e-014
5.69881e-014
5.69881e-014
5.34353e-014
5.34353e-014
5.34353e-014
5.34353e-014
4.98826e-014
4.27772e-014
4.27772e-014
4.27772e-014
4.27772e-014
4.27772e-014
4.27772e-014
3.92245e-014
3.92245e-014
3.92245e-014
3.92245e-014
3.92245e-014
3.92245e-014
3.92245e-014
3.92245e-014
3.56718e-014
3.56718e-014
2.85663e-014
2.85663e-014
2.85663e-014
2.85663e-014
2.85663e-014
2.85663e-014
2.85663e-014
2.85663e-014
2.85663e-014
2.85663e-014
2.85663e-014
2.85663e-014
2.85663e-014
2.85663e-014
2.85663e-014
2.85663e-014
2.85663e-014
2.85663e-014
2.50136e-014
2.50136e-014
2.50136e-014
2.50136e-014
2.50136e-014
2.50136e-014
2.50136e-014
2.50136e-014
2.50136e-014
2.50136e-014
2.50136e-014
2.50136e-014
2.14609e-014
2.14609e-014
2.14609e-014
2.14609e-014
2.14609e-014
2.14609e-014
2.14609e-014
2.14609e-014
2.14609e-014
2.14609e-014
2.14609e-014
2.14609e-014
2.14609e-014
2.14609e-014
1.79082e-014
1.79082e-014
1.79082e-014
1.79082e-014
1.79082e-014
1.79082e-014
1.79082e-014
1.79082e-014
1.79082e-014
1.79082e-014
1.79082e-014
1.43555e-014
1.43555e-014
1.43555e-014
1.43555e-014
1.43555e-014
1.43555e-014
1.43555e-014
1.43555e-014
1.43555e-014
1.43555e-014
1.43555e-014
1.43555e-014
1.43555e-014
1.43555e-014
1.43555e-014
1.43555e-014
1.43555e-014
1.43555e-014
1.43555e-014
1.43555e-014
1.43555e-014
1.43555e-014
1.43555e-014
1.43555e-014
1.43555e-014
1.43555e-014
1.43555e-014
1.43555e-014
1.43555e-014
1.43555e-014
1.43555e-014
1.43555e-014
1.43555e-014
1.43555e-014
1.43555e-014
1.08028e-014
1.08028e-014
1.08028e-014
1.08028e-014
1.08028e-014
1.08028e-014
1.08028e-014
1.08028e-014
1.08028e-014
1.08028e-014
