73.9839
73.9839
73.9839
73.9839
73.9839
73.9839
73.9839
73.9839
73.9839
73.0643
73.0643
71.9093
71.9093
71.9093
71.9093
71.9093
71.9093
68.0031
68.0031
68.0031
68.0031
68.0031
68.0031
68.0031
68.0031
68.0031
66.8209
66.8209
66.2373
66.2373
66.2373
63.4742
63.4742
63.4742
63.4742
57.0086
57.0086
57.0086
57.0086
57.0086
57.0086
57.0086
54.2514
53.4457
53.3657
53.3657
53.3657
53.3657
50.7391
50.7391
50.7391
48.1292
48.1292
48.1292
48.1292
48.1292
48.1292
46.8016
46.8016
46.8016
46.8016
46.8016
46.8016
46.8016
46.8016
46.8016
46.8016
46.8016
46.8016
46.8016
46.8016
46.8016
46.8016
46.8016
46.8016
46.8016
46.8016
46.8016
45.8671
45.5364
45.5364
44.4484
43.5595
41.5929
41.5929
41.5929
40.3101
40.3101
40.3101
40.3101
38.4703
38.4703
38.4703
38.4703
38.4703
37.134
36.9641
36.9641
36.9641
32.0455
32.0455
32.0455
32.0455
32.0455
32.0455
32.0455
29.044
29.044
29.044
29.044
29.044
29.044
27.8303
27.8303
27.8303
27.8303
27.8303
27.3576
27.3576
27.3576
27.3576
27.3576
27.3576
27.1468
25.2945
25.2945
25.2945
24.6868
24.6868
24.6868
23.5346
23.5346
23.5346
23.1485
23.1485
23.1485
23.1485
23.1485
23.1485
23.1485
23.1485
21.5809
21.5809
21.5809
21.5809
21.5809
21.5809
21.3936
21.3936
20.813
20.5018
20.5018
18.2387
18.2387
18.2387
18.2387
18.2387
18.2387
18.2387
18.2387
18.2387
18.2387
18.2387
18.2387
18.2387
18.2387
18.2387
18.1729
18.1729
16.0598
15.8499
15.8499
15.8499
15.8499
15.8499
15.8499
15.8499
15.8499
15.8499
15.8499
15.8499
15.8499
15.8499
15.8499
15.8499
15.8499
15.8499
15.8499
15.8499
15.8499
15.8499
15.8499
15.8499
15.8499
15.7689
15.4204
15.4204
15.4204
15.4204
15.4204
14.9385
14.9385
14.9385
14.867
14.867
14.7715
14.0502
14.0502
14.0502
14.0502
14.0502
14.0502
14.0502
14.0502
14.0502
14.0502
12.4244
12.4244
12.4244
12.4244
12.4244
12.4244
12.4244
12.4244
12.4244
12.4244
12.4244
12.4244
12.117
12.117
12.117
12.117
11.9548
11.8094
11.8094
11.8094
11.8094
11.8094
11.8094
11.8094
11.6751
11.6751
11.6751
11.3969
11.3969
11.3216
10.8191
10.8191
10.8191
10.8191
10.8191
10.8191
10.8179
10.542
10.1838
10.1838
10.1838
10.1838
10.1838
10.1838
10.1838
10.0471
10.0471
10.0471
10.0471
10.0471
10.0471
9.91384
9.91384
9.91384
9.91384
9.91384
9.91384
9.91384
9.91261
9.74774
9.74774
9.50263
9.50263
9.50263
9.50263
9.50263
9.50263
9.50263
9.50263
9.50263
9.50263
9.50263
9.50263
9.50263
9.50263
9.50263
9.50263
9.44506
9.44506
9.44506
9.44506
9.33366
9.33366
9.33366
9.33366
9.33366
9.3171
9.3171
9.3171
9.3171
9.3171
9.3171
9.3171
9.3171
9.3171
9.3171
9.3171
9.3171
9.3171
9.3171
9.3171
9.3171
9.3015
9.3015
9.3015
9.3015
9.28609
9.28609
9.28609
9.28609
9.28609
9.28609
9.28609
9.28609
9.28609
9.28609
9.28609
9.28609
9.28609
9.28374
9.28248
9.28248
9.28248
9.27961
9.27223
9.26787
9.26227
9.2523
9.24626
9.24626
9.24626
9.24626
9.24626
9.23773
9.23773
9.23773
9.23773
9.23773
9.23766
9.23766
9.23766
9.23766
9.23766
9.23766
9.23336
9.23336
9.23248
9.23077
9.23077
9.23077
9.22947
9.22947
9.22947
9.22947
9.22947
9.22944
9.22756
9.22723
9.22723
9.22603
9.22603
9.22495
9.22495
9.22495
9.22458
9.22458
9.22418
9.22418
9.22418
9.22418
9.22418
9.22418
9.22381
9.22381
9.22306
9.22306
9.22288
9.22288
9.22288
9.22288
9.2226
9.2226
9.22224
9.22224
9.22224
9.22177
9.22177
9.22177
9.22177
9.2214
9.2214
9.22037
9.22037
9.21952
9.21952
9.21952
9.21952
9.21834
9.21834
9.21834
9.21834
9.21834
9.21834
9.21834
9.21834
9.21834
9.21834
9.21751
9.21751
9.21751
9.21751
9.21751
9.21751
9.21751
9.21751
9.21737
9.21724
9.21724
9.21713
9.21713
9.21688
9.21688
9.21688
9.21683
9.21683
9.21683
9.21683
9.21683
9.21673
9.21658
9.21657
9.21649
9.21636
9.21636
9.21636
9.21636
9.21625
9.21625
9.21619
9.21612
9.21585
9.21585
9.21583
9.21583
9.2158
9.21572
9.21572
9.21569
9.21569
9.21567
9.21567
9.21567
9.21567
9.21567
9.21567
9.21567
9.2156
9.2156
9.2156
9.2156
9.2156
9.21558
9.21558
9.21557
9.21552
9.21552
9.21552
9.21552
9.21548
9.21548
9.21548
9.21548
9.21544
9.2154
9.21537
9.21537
9.21535
9.21535
9.21535
9.21533
9.21532
9.21532
9.21532
9.21528
9.21528
9.21528
9.21524
9.21524
9.21524
9.21524
9.2152
9.2152
9.2152
9.2152
9.2152
9.2152
9.2152
9.2152
9.21519
9.21519
9.21519
9.21515
9.21515
9.21515
9.21515
9.21515
9.21514
9.21514
9.21514
9.21514
9.21514
9.21514
9.21514
9.21514
9.21514
9.21514
9.21514
9.21514
9.21514
9.21514
9.21514
9.21514
9.21514
9.21514
9.21513
9.21513
9.21513
9.21513
9.21513
9.21513
9.21513
9.21513
9.21513
9.21512
9.21512
9.21512
9.21512
9.21512
9.21511
9.21511
9.21511
9.21511
9.2151
9.2151
9.2151
9.2151
9.2151
9.2151
9.2151
9.21509
9.21509
9.21509
9.21509
9.21509
9.21509
9.21509
9.21509
9.21509
9.21509
9.21509
9.21509
9.21509
9.21509
9.21509
9.21509
9.21509
9.21509
9.21509
9.21509
9.21509
9.21509
9.21509
9.21509
9.21509
9.21509
9.21509
9.21509
9.21509
9.21509
9.21509
9.21509
9.21509
9.21509
9.21509
9.21509
9.21509
9.21509
9.21509
9.21509
9.21509
9.21509
9.21509
9.21509
9.21509
9.21509
9.21509
9.21509
9.21509
9.21509
9.21509
9.21509
9.21509
9.21509
9.21509
9.21509
9.21509
9.21509
9.21509
9.21509
9.21509
9.21509
9.21509
9.21509
9.21509
9.21509
9.21509
9.21509
9.21509
9.21509
9.21509
9.21509
9.21509
9.21509
9.21509
9.21509
9.21509
9.21509
9.21509
9.21509
9.21509
9.21509
9.21509
9.21509
9.21509
9.21509
9.21509
9.21509
9.21509
9.21509
9.21509
9.21509
9.21509
9.21509
9.21509
9.21509
9.21509
9.21509
9.21509
9.21509
9.21509
9.21509
9.21509
9.21509
9.21509
9.21509
9.21509
9.21509
9.21509
9.21509
9.21509
9.21509
9.21509
9.21509
9.21509
9.21509
9.21509
9.21509
9.21509
9.21509
9.21509
9.21509
9.21509
9.21509
9.21509
9.21509
9.21509
9.21509
9.21509
9.21509
9.21509
9.21509
9.21509
9.21509
9.21509
9.21509
9.21509
9.21509
9.21509
9.21509
9.21509
9.21509
9.21509
9.21509
9.21509
9.21509
9.21509
9.21509
9.21509
9.21509
9.21509
9.21509
9.21509
9.21509
9.21509
9.21509
9.21509
9.21509
9.21509
9.21509
9.21509
9.21509
9.21509
9.21509
9.21509
9.21509
9.21509
9.21509
9.21509
9.21509
9.21509
9.21509
9.21509
9.21509
9.21509
9.21509
9.21509
9.21509
9.21509
9.21509
9.21509
9.21509
9.21509
9.21509
9.21509
9.21509
9.21509
9.21509
9.21509
9.21509
9.21509
9.21509
9.21509
9.21509
9.21509
9.21509
9.21509
9.21509
9.21509
9.21509
9.21509
9.21509
9.21509
9.21509
9.21509
9.21509
9.21509
9.21509
9.21509
9.21509
9.21509
9.21509
9.21509
9.21509
9.21509
9.21509
9.21509
9.21509
9.21509
9.21509
9.21509
9.21509
9.21509
9.21509
9.21509
9.21509
9.21509
9.21509
9.21509
9.21509
9.21509
9.21509
9.21509
9.21509
9.21509
9.21509
9.21509
9.21509
9.21509
9.21509
9.21509
9.21509
9.21509
9.21509
9.21509
9.21509
9.21509
9.21509
9.21509
9.21509
9.21509
9.21509
9.21509
9.21509
9.21509
9.21509
9.21509
9.21509
9.21509
9.21509
9.21509
9.21509
9.21509
9.21509
9.21509
9.21509
9.21509
9.21509
9.21509
9.21509
9.21509
9.21509
9.21509
9.21509
9.21509
9.21509
9.21509
9.21509
9.21509
9.21509
9.21509
9.21509
9.21509
9.21509
9.21509
9.21509
9.21509
9.21509
9.21509
9.21509
9.21509
9.21509
9.21509
9.21509
9.21509
9.21509
9.21509
9.21509
9.21509
9.21509
9.21509
9.21509
9.21509
9.21509
9.21509
9.21509
9.21509
9.21509
9.21509
9.21509
9.21509
9.21509
9.21509
9.21509
9.21509
9.21509
9.21509
9.21509
9.21509
9.21509
9.21509
9.21509
9.21509
9.21509
9.21509
9.21509
9.21509
9.21509
9.21509
9.21509
9.21509
9.21509
9.21509
9.21509
9.21509
9.21509
9.21509
9.21509
9.21509
9.21509
9.21509
9.21509
9.21509
9.21509
9.21509
9.21509
9.21509
9.21509
9.21509
9.21509
9.21509
9.21509
9.21509
9.21509
9.21509
9.21509
9.21509
9.21509
9.21509
9.21509
9.21509
9.21509
9.21509
9.21509
9.21509
9.21509
9.21509
9.21509
9.21509
9.21509
9.21509
9.21509
9.21509
9.21509
9.21509
9.21509
9.21509
9.21509
9.21509
9.21509
9.21509
9.21509
9.21509
9.21509
9.21509
9.21509
9.21509
9.21509
9.21509
9.21509
9.21509
9.21509
9.21509
9.21509
9.21509
9.21509
9.21509
9.21509
9.21509
9.21509
9.21509
9.21509
9.21509
9.21509
9.21509
9.21509
9.21509
9.21509
9.21509
9.21509
9.21509
9.21509
9.21509
9.21509
9.21509
9.21509
9.21509
9.21509
9.21509
9.21509
9.21509
9.21509
9.21509
9.21509
9.21509
9.21509
9.21509
9.21509
9.21509
9.21509
9.21509
9.21509
9.21509
9.21509
9.21509
9.21509
9.21509
9.21509
9.21509
9.21509
9.21509
9.21509
9.21509
9.21509
9.21509
9.21509
9.21509
9.21509
9.21509
9.21509
9.21509
9.21509
9.21509
9.21509
9.21509
9.21509
9.21509
9.21509
9.21509
9.21509
9.21509
9.21509
9.21509
9.21509
9.21509
9.21509
9.21509
9.21509
9.21509
9.21509
9.21509
9.21509
9.21509
9.21509
9.21509
9.21509
9.21509
9.21509
9.21509
9.21509
9.21509
9.21509
9.21509
9.21509
9.21509
9.21509
9.21509
9.21509
9.21509
9.21509
9.21509
9.21509
9.21509
9.21509
9.21509
9.21509
9.21509
9.21509
9.21509
9.21509
9.21509
9.21509
9.21509
9.21509
9.21509
9.21509
9.21509
9.21509
9.21509
9.21509
9.21509
9.21509
9.21509
9.21509
9.21509
9.21509
9.21509
9.21509
9.21509
9.21509
9.21509
9.21509
9.21509
9.21509
9.21509
9.21509
9.21509
9.21509
9.21509
9.21509
9.21509
9.21509
9.21509
9.21509
9.21509
9.21509
9.21509
9.21509
9.21509
9.21509
9.21509
9.21509
9.21509
9.21509
9.21509
9.21509
9.21509
9.21509
9.21509
9.21509
9.21509
9.21509
9.21509
9.21509
9.21509
9.21509
9.21509
9.21509
9.21509
9.21509
9.21509
9.21509
9.21509
9.21509
9.21509
9.21509
9.21509
9.21509
9.21509
9.21509
9.21509
9.21509
9.21509
9.21509
9.21509
9.21509
9.21509
9.21509
9.21509
9.21509
9.21509
9.21509
9.21509
9.21509
9.21509
9.21509
9.21509
9.21509
9.21509
9.21509
9.21509
9.21509
9.21509
9.21509
9.21509
9.21509
9.21509
9.21509
9.21509
9.21509
9.21509
9.21509
9.21509
9.21509
9.21509
9.21509
9.21509
9.21509
9.21509
9.21509
9.21509
9.21509
9.21509
9.21509
9.21509
9.21509
9.21509
9.21509
9.21509
9.21509
9.21509
9.21509
9.21509
9.21509
9.21509
9.21509
9.21509
9.21509
9.21509
9.21509
9.21509
9.21509
9.21509
9.21509
9.21509
9.21509
9.21509
9.21509
9.21509
9.21509
9.21509
9.21509
9.21509
9.21509
9.21509
9.21509
9.21509
9.21509
9.21509
9.21509
9.21509
9.21509
9.21509
9.21509
9.21509
9.21509
9.21509
9.21509
9.21509
9.21509
9.21509
9.21509
9.21509
9.21509
9.21509
9.21509
9.21509
9.21509
9.21509
9.21509
9.21509
9.21509
9.21509
9.21509
9.21509
9.21509
9.21509
9.21509
9.21509
9.21509
9.21509
9.21509
9.21509
9.21509
9.21509
9.21509
9.21509
9.21509
9.21509
9.21509
9.21509
9.21509
9.21509
9.21509
9.21509
9.21509
9.21509
9.21509
9.21509
9.21509
9.21509
9.21509
9.21509
9.21509
9.21509
9.21509
9.21509
9.21509
9.21509
9.21509
9.21509
9.21509
9.21509
9.21509
9.21509
9.21509
9.21509
9.21509
9.21509
9.21509
9.21509
9.21509
9.21509
9.21509
9.21509
9.21509
9.21509
9.21509
9.21509
9.21509
9.21509
9.21509
9.21509
9.21509
9.21509
9.21509
9.21509
9.21509
9.21509
9.21509
9.21509
9.21509
9.21509
9.21509
9.21509
9.21509
9.21509
9.21509
9.21509
9.21509
9.21509
9.21509
9.21509
9.21509
9.21509
9.21509
9.21509
9.21509
9.21509
9.21509
9.21509
9.21509
9.21509
9.21509
9.21509
9.21509
9.21509
9.21509
9.21509
9.21509
9.21509
9.21509
9.21509
9.21509
9.21509
9.21509
9.21509
9.21509
9.21509
9.21509
9.21509
9.21509
9.21509
9.21509
9.21509
9.21509
9.21509
9.21509
9.21509
9.21509
9.21509
9.21509
9.21509
9.21509
9.21509
9.21509
9.21509
9.21509
9.21509
9.21509
9.21509
9.21509
9.21509
9.21509
9.21509
9.21509
9.21509
9.21509
9.21509
9.21509
9.21509
9.21509
9.21509
9.21509
9.21509
9.21509
9.21509
9.21509
9.21509
9.21509
9.21509
9.21509
9.21509
9.21509
9.21509
9.21509
9.21509
9.21509
9.21509
9.21509
9.21509
9.21509
9.21509
9.21509
9.21509
9.21509
9.21509
9.21509
9.21509
9.21509
9.21509
9.21509
9.21509
9.21509
9.21509
9.21509
9.21509
9.21509
9.21509
9.21509
9.21509
9.21509
9.21509
9.21509
9.21509
9.21509
9.21509
9.21509
9.21509
9.21509
9.21509
9.21509
9.21509
9.21509
9.21509
9.21509
9.21509
9.21509
9.21509
9.21509
9.21509
9.21509
9.21509
9.21509
9.21509
9.21509
9.21509
9.21509
9.21509
9.21509
9.21509
9.21509
9.21509
9.21509
9.21509
9.21509
9.21509
9.21509
9.21509
9.21509
9.21509
9.21509
9.21509
9.21509
9.21509
9.21509
9.21509
9.21509
9.21509
9.21509
9.21509
9.21509
9.21509
9.21509
9.21509
9.21509
9.21509
9.21509
9.21509
9.21509
9.21509
9.21509
9.21509
9.21509
9.21509
9.21509
9.21509
9.21509
9.21509
9.21509
9.21509
9.21509
9.21509
9.21509
9.21509
9.21509
9.21509
9.21509
9.21509
9.21509
9.21509
9.21509
9.21509
9.21509
9.21509
9.21509
9.21509
9.21509
9.21509
9.21509
9.21509
9.21509
9.21509
9.21509
9.21509
9.21509
9.21509
9.21509
9.21509
9.21509
9.21509
9.21509
9.21509
9.21509
9.21509
9.21509
9.21509
9.21509
9.21509
9.21509
9.21509
9.21509
9.21509
9.21509
9.21509
9.21509
9.21509
9.21509
9.21509
9.21509
9.21509
9.21509
9.21509
9.21509
9.21509
9.21509
9.21509
9.21509
9.21509
9.21509
9.21509
9.21509
9.21509
9.21509
9.21509
9.21509
9.21509
9.21509
9.21509
9.21509
9.21509
9.21509
9.21509
9.21509
9.21509
9.21509
9.21509
9.21509
9.21509
9.21509
9.21509
9.21509
9.21509
9.21509
9.21509
9.21509
9.21509
9.21509
9.21509
9.21509
9.21509
9.21509
9.21509
9.21509
9.21509
9.21509
9.21509
9.21509
9.21509
9.21509
9.21509
9.21509
9.21509
9.21509
9.21509
9.21509
9.21509
9.21509
9.21509
9.21509
9.21509
9.21509
9.21509
9.21509
9.21509
9.21509
9.21509
9.21509
9.21509
9.21509
9.21509
9.21509
9.21509
9.21509
9.21509
9.21509
9.21509
9.21509
9.21509
9.21509
9.21509
9.21509
9.21509
9.21509
9.21509
9.21509
9.21509
9.21509
9.21509
9.21509
9.21509
9.21509
9.21509
9.21509
9.21509
9.21509
9.21509
9.21509
9.21509
9.21509
9.21509
9.21509
9.21509
9.21509
9.21509
9.21509
9.21509
9.21509
9.21509
9.21509
9.21509
9.21509
9.21509
9.21509
9.21509
9.21509
9.21509
9.21509
9.21509
9.21509
9.21509
9.21509
9.21509
9.21509
9.21509
9.21509
9.21509
9.21509
9.21509
9.21509
9.21509
9.21509
9.21509
9.21509
9.21509
9.21509
9.21509
9.21509
9.21509
9.21509
9.21509
9.21509
9.21509
9.21509
9.21509
9.21509
9.21509
9.21509
9.21509
9.21509
9.21509
9.21509
9.21509
9.21509
9.21509
9.21509
9.21509
9.21509
9.21509
9.21509
9.21509
9.21509
9.21509
9.21509
9.21509
9.21509
9.21509
9.21509
9.21509
9.21509
9.21509
9.21509
9.21509
9.21509
9.21509
9.21509
9.21509
9.21509
9.21509
9.21509
9.21509
9.21509
9.21509
9.21509
9.21509
9.21509
9.21509
9.21509
9.21509
9.21509
9.21509
9.21509
9.21509
9.21509
9.21509
9.21509
9.21509
9.21509
9.21509
9.21509
9.21509
9.21509
9.21509
9.21509
9.21509
9.21509
9.21509
9.21509
9.21509
9.21509
9.21509
9.21509
9.21509
9.21509
9.21509
9.21509
9.21509
9.21509
9.21509
9.21509
9.21509
9.21509
9.21509
9.21509
9.21509
9.21509
9.21509
9.21509
9.21509
9.21509
9.21509
9.21509
9.21509
9.21509
9.21509
9.21509
9.21509
9.21509
9.21509
9.21509
9.21509
9.21509
9.21509
9.21509
9.21509
9.21509
9.21509
9.21509
9.21509
9.21509
9.21509
9.21509
9.21509
9.21509
9.21509
9.21509
9.21509
9.21509
9.21509
9.21509
9.21509
9.21509
9.21509
9.21509
9.21509
9.21509
9.21509
9.21509
9.21509
9.21509
9.21509
9.21509
9.21509
9.21509
9.21509
9.21509
9.21509
9.21509
9.21509
9.21509
9.21509
9.21509
9.21509
9.21509
9.21509
9.21509
9.21509
9.21509
9.21509
9.21509
9.21509
9.21509
9.21509
9.21509
9.21509
9.21509
9.21509
9.21509
9.21509
9.21509
9.21509
9.21509
9.21509
9.21509
9.21509
9.21509
9.21509
9.21509
9.21509
9.21509
9.21509
9.21509
9.21509
9.21509
9.21509
9.21509
9.21509
9.21509
9.21509
9.21509
9.21509
9.21509
9.21509
9.21509
9.21509
9.21509
9.21509
9.21509
9.21509
9.21509
9.21509
9.21509
9.21509
9.21509
9.21509
9.21509
9.21509
9.21509
9.21509
9.21509
9.21509
9.21509
9.21509
9.21509
9.21509
9.21509
9.21509
9.21509
9.21509
9.21509
9.21509
9.21509
9.21509
9.21509
9.21509
9.21509
9.21509
9.21509
9.21509
9.21509
9.21509
9.21509
9.21509
9.21509
9.21509
9.21509
9.21509
9.21509
9.21509
9.21509
9.21509
9.21509
9.21509
9.21509
9.21509
9.21509
9.21509
9.21509
9.21509
9.21509
9.21509
9.21509
9.21509
9.21509
9.21509
9.21509
9.21509
9.21509
9.21509
9.21509
9.21509
9.21509
9.21509
9.21509
9.21509
9.21509
9.21509
9.21509
9.21509
9.21509
9.21509
9.21509
9.21509
9.21509
9.21509
9.21509
9.21509
9.21509
9.21509
9.21509
9.21509
9.21509
9.21509
9.21509
9.21509
9.21509
9.21509
9.21509
9.21509
9.21509
9.21509
9.21509
9.21509
9.21509
9.21509
9.21509
9.21509
9.21509
9.21509
9.21509
9.21509
9.21509
9.21509
9.21509
9.21509
9.21509
9.21509
9.21509
9.21509
9.21509
9.21509
9.21509
9.21509
9.21509
9.21509
9.21509
9.21509
9.21509
9.21509
9.21509
9.21509
9.21509
9.21509
9.21509
9.21509
9.21509
9.21509
9.21509
9.21509
9.21509
9.21509
9.21509
9.21509
9.21509
9.21509
9.21509
9.21509
9.21509
9.21509
9.21509
9.21509
9.21509
9.21509
9.21509
9.21509
9.21509
9.21509
9.21509
9.21509
9.21509
9.21509
9.21509
9.21509
9.21509
9.21509
9.21509
9.21509
9.21509
9.21509
9.21509
9.21509
9.21509
9.21509
9.21509
9.21509
9.21509
9.21509
9.21509
9.21509
9.21509
9.21509
9.21509
9.21509
9.21509
9.21509
9.21509
9.21509
9.21509
9.21509
9.21509
9.21509
9.21509
9.21509
9.21509
9.21509
9.21509
9.21509
9.21509
9.21509
9.21509
9.21509
9.21509
9.21509
9.21509
9.21509
9.21509
9.21509
9.21509
9.21509
9.21509
9.21509
9.21509
9.21509
9.21509
9.21509
9.21509
9.21509
9.21509
9.21509
9.21509
9.21509
9.21509
9.21509
9.21509
9.21509
9.21509
9.21509
9.21509
9.21509
9.21509
9.21509
9.21509
9.21509
9.21509
9.21509
9.21509
9.21509
9.21509
9.21509
9.21509
9.21509
9.21509
9.21509
9.21509
9.21509
9.21509
9.21509
9.21509
9.21509
9.21509
9.21509
9.21509
9.21509
9.21509
9.21509
9.21509
9.21509
9.21509
9.21509
9.21509
9.21509
9.21509
9.21509
9.21509
9.21509
9.21509
9.21509
9.21509
9.21509
9.21509
9.21509
9.21509
9.21509
9.21509
9.21509
9.21509
9.21509
9.21509
9.21509
9.21509
9.21509
9.21509
9.21509
9.21509
9.21509
9.21509
9.21509
9.21509
9.21509
9.21509
9.21509
9.21509
9.21509
9.21509
9.21509
9.21509
9.21509
9.21509
9.21509
9.21509
9.21509
9.21509
9.21509
9.21509
9.21509
9.21509
9.21509
9.21509
9.21509
9.21509
9.21509
9.21509
9.21509
9.21509
9.21509
9.21509
9.21509
9.21509
9.21509
9.21509
9.21509
9.21509
9.21509
9.21509
9.21509
9.21509
9.21509
9.21509
9.21509
9.21509
9.21509
9.21509
9.21509
9.21509
9.21509
9.21509
9.21509
9.21509
9.21509
9.21509
9.21509
9.21509
9.21509
9.21509
9.21509
9.21509
9.21509
9.21509
9.21509
9.21509
9.21509
9.21509
9.21509
9.21509
9.21509
9.21509
9.21509
9.21509
9.21509
9.21509
9.21509
9.21509
9.21509
9.21509
9.21509
9.21509
9.21509
9.21509
9.21509
9.21509
9.21509
9.21509
9.21509
9.21509
9.21509
9.21509
9.21509
9.21509
9.21509
9.21509
9.21509
9.21509
9.21509
9.21509
9.21509
9.21509
9.21509
9.21509
9.21509
9.21509
9.21509
9.21509
9.21509
9.21509
9.21509
9.21509
9.21509
9.21509
9.21509
9.21509
9.21509
9.21509
9.21509
9.21509
9.21509
9.21509
9.21509
9.21509
9.21509
9.21509
9.21509
9.21509
9.21509
9.21509
9.21509
9.21509
9.21509
9.21509
9.21509
9.21509
9.21509
9.21509
9.21509
9.21509
9.21509
9.21509
9.21509
9.21509
9.21509
9.21509
9.21509
9.21509
9.21509
9.21509
9.21509
9.21509
9.21509
9.21509
9.21509
9.21509
9.21509
9.21509
9.21509
9.21509
9.21509
9.21509
9.21509
9.21509
9.21509
9.21509
9.21509
9.21509
9.21509
9.21509
9.21509
9.21509
9.21509
9.21509
9.21509
9.21509
9.21509
9.21509
9.21509
9.21509
9.21509
9.21509
9.21509
9.21509
9.21509
9.21509
9.21509
9.21509
9.21509
9.21509
9.21509
9.21509
9.21509
9.21509
9.21509
9.21509
9.21509
9.21509
9.21509
9.21509
9.21509
9.21509
9.21509
9.21509
9.21509
9.21509
9.21509
9.21509
9.21509
9.21509
9.21509
9.21509
9.21509
9.21509
9.21509
9.21509
9.21509
9.21509
9.21509
9.21509
9.21509
9.21509
9.21509
9.21509
9.21509
9.21509
9.21509
9.21509
9.21509
9.21509
9.21509
9.21509
9.21509
9.21509
9.21509
9.21509
9.21509
9.21509
9.21509
9.21509
9.21509
9.21509
9.21509
9.21509
9.21509
9.21509
9.21509
9.21509
9.21509
9.21509
9.21509
9.21509
9.21509
9.21509
9.21509
9.21509
9.21509
9.21509
9.21509
9.21509
9.21509
9.21509
9.21509
9.21509
9.21509
9.21509
9.21509
9.21509
9.21509
9.21509
9.21509
9.21509
9.21509
9.21509
9.21509
9.21509
9.21509
9.21509
9.21509
9.21509
9.21509
9.21509
9.21509
9.21509
9.21509
9.21509
9.21509
9.21509
9.21509
9.21509
9.21509
9.21509
9.21509
9.21509
9.21509
9.21509
9.21509
9.21509
9.21509
9.21509
9.21509
9.21509
9.21509
9.21509
9.21509
9.21509
9.21509
9.21509
9.21509
9.21509
9.21509
9.21509
9.21509
9.21509
9.21509
9.21509
9.21509
9.21509
9.21509
9.21509
9.21509
9.21509
9.21509
9.21509
9.21509
9.21509
9.21509
9.21509
9.21509
9.21509
9.21509
9.21509
9.21509
9.21509
9.21509
9.21509
9.21509
9.21509
9.21509
9.21509
9.21509
9.21509
9.21509
9.21509
9.21509
9.21509
9.21509
9.21509
9.21509
9.21509
9.21509
9.21509
9.21509
9.21509
9.21509
9.21509
9.21509
9.21509
9.21509
9.21509
9.21509
9.21509
9.21509
9.21509
9.21509
9.21509
9.21509
9.21509
9.21509
9.21509
9.21509
9.21509
9.21509
9.21509
9.21509
9.21509
9.21509
9.21509
9.21509
9.21509
9.21509
9.21509
9.21509
9.21509
9.21509
9.21509
9.21509
9.21509
9.21509
9.21509
9.21509
9.21509
9.21509
9.21509
9.21509
9.21509
9.21509
9.21509
9.21509
9.21509
9.21509
9.21509
9.21509
9.21509
9.21509
9.21509
9.21509
9.21509
9.21509
9.21509
9.21509
9.21509
9.21509
9.21509
9.21509
9.21509
9.21509
9.21509
9.21509
9.21509
9.21509
9.21509
9.21509
9.21509
9.21509
9.21509
9.21509
9.21509
9.21509
9.21509
9.21509
9.21509
9.21509
9.21509
9.21509
9.21509
9.21509
9.21509
9.21509
9.21509
9.21509
9.21509
9.21509
9.21509
9.21509
9.21509
9.21509
9.21509
9.21509
9.21509
9.21509
9.21509
9.21509
9.21509
9.21509
9.21509
9.21509
9.21509
9.21509
9.21509
9.21509
9.21509
9.21509
9.21509
9.21509
9.21509
9.21509
9.21509
9.21509
9.21509
9.21509
9.21509
9.21509
9.21509
9.21509
9.21509
9.21509
9.21509
9.21509
9.21509
9.21509
9.21509
9.21509
9.21509
9.21509
9.21509
9.21509
9.21509
9.21509
9.21509
9.21509
9.21509
9.21509
9.21509
9.21509
9.21509
9.21509
9.21509
9.21509
9.21509
9.21509
9.21509
9.21509
9.21509
9.21509
9.21509
9.21509
9.21509
9.21509
9.21509
9.21509
9.21509
9.21509
9.21509
9.21509
9.21509
9.21509
9.21509
9.21509
9.21509
9.21509
9.21509
9.21509
9.21509
9.21509
9.21509
9.21509
9.21509
9.21509
9.21509
9.21509
9.21509
9.21509
9.21509
9.21509
9.21509
9.21509
9.21509
9.21509
9.21509
9.21509
9.21509
9.21509
9.21509
9.21509
9.21509
9.21509
9.21509
9.21509
9.21509
9.21509
9.21509
9.21509
9.21509
9.21509
9.21509
9.21509
9.21509
9.21509
9.21509
9.21509
9.21509
9.21509
9.21509
9.21509
9.21509
9.21509
9.21509
9.21509
9.21509
9.21509
9.21509
9.21509
9.21509
9.21509
9.21509
9.21509
9.21509
9.21509
9.21509
9.21509
9.21509
9.21509
9.21509
9.21509
9.21509
9.21509
9.21509
9.21509
9.21509
9.21509
9.21509
9.21509
9.21509
9.21509
9.21509
9.21509
9.21509
9.21509
9.21509
9.21509
9.21509
9.21509
9.21509
9.21509
9.21509
9.21509
9.21509
9.21509
9.21509
9.21509
9.21509
9.21509
9.21509
9.21509
9.21509
9.21509
9.21509
9.21509
9.21509
9.21509
9.21509
9.21509
9.21509
9.21509
9.21509
9.21509
9.21509
9.21509
9.21509
9.21509
9.21509
9.21509
9.21509
9.21509
9.21509
9.21509
9.21509
9.21509
9.21509
9.21509
9.21509
9.21509
9.21509
9.21509
9.21509
9.21509
9.21509
9.21509
9.21509
9.21509
9.21509
9.21509
9.21509
9.21509
9.21509
9.21509
9.21509
9.21509
9.21509
9.21509
9.21509
9.21509
9.21509
9.21509
9.21509
9.21509
9.21509
9.21509
9.21509
9.21509
9.21509
9.21509
9.21509
9.21509
9.21509
9.21509
9.21509
9.21509
9.21509
9.21509
9.21509
9.21509
9.21509
9.21509
9.21509
9.21509
9.21509
9.21509
9.21509
9.21509
9.21509
9.21509
9.21509
9.21509
9.21509
9.21509
9.21509
9.21509
9.21509
9.21509
9.21509
9.21509
9.21509
9.21509
9.21509
9.21509
9.21509
9.21509
9.21509
9.21509
9.21509
9.21509
9.21509
9.21509
9.21509
9.21509
9.21509
9.21509
9.21509
9.21509
9.21509
9.21509
9.21509
9.21509
9.21509
9.21509
9.21509
9.21509
9.21509
9.21509
9.21509
9.21509
9.21509
9.21509
9.21509
9.21509
9.21509
9.21509
9.21509
9.21509
9.21509
9.21509
9.21509
9.21509
9.21509
9.21509
9.21509
9.21509
9.21509
9.21509
9.21509
9.21509
9.21509
9.21509
9.21509
9.21509
9.21509
9.21509
9.21509
9.21509
9.21509
9.21509
9.21509
9.21509
9.21509
9.21509
9.21509
9.21509
9.21509
9.21509
9.21509
9.21509
9.21509
9.21509
9.21509
9.21509
9.21509
9.21509
9.21509
9.21509
9.21509
9.21509
9.21509
9.21509
9.21509
9.21509
9.21509
9.21509
9.21509
9.21509
9.21509
9.21509
9.21509
9.21509
9.21509
9.21509
9.21509
9.21509
9.21509
9.21509
9.21509
9.21509
9.21509
9.21509
9.21509
9.21509
9.21509
9.21509
9.21509
9.21509
9.21509
9.21509
9.21509
9.21509
9.21509
9.21509
9.21509
9.21509
9.21509
9.21509
9.21509
9.21509
9.21509
9.21509
9.21509
9.21509
9.21509
9.21509
9.21509
9.21509
9.21509
9.21509
9.21509
9.21509
9.21509
9.21509
9.21509
9.21509
9.21509
9.21509
9.21509
9.21509
9.21509
9.21509
9.21509
9.21509
9.21509
9.21509
9.21509
9.21509
9.21509
9.21509
9.21509
9.21509
9.21509
9.21509
9.21509
9.21509
9.21509
9.21509
9.21509
9.21509
9.21509
9.21509
9.21509
9.21509
9.21509
9.21509
9.21509
9.21509
9.21509
9.21509
9.21509
9.21509
9.21509
9.21509
9.21509
9.21509
9.21509
9.21509
9.21509
9.21509
9.21509
9.21509
9.21509
9.21509
9.21509
9.21509
9.21509
9.21509
9.21509
9.21509
9.21509
9.21509
9.21509
9.21509
9.21509
9.21509
9.21509
9.21509
9.21509
9.21509
9.21509
9.21509
9.21509
9.21509
9.21509
9.21509
9.21509
9.21509
9.21509
9.21509
9.21509
9.21509
9.21509
9.21509
9.21509
9.21509
9.21509
9.21509
9.21509
9.21509
9.21509
9.21509
9.21509
9.21509
9.21509
9.21509
9.21509
9.21509
9.21509
9.21509
9.21509
9.21509
9.21509
9.21509
9.21509
9.21509
9.21509
9.21509
9.21509
9.21509
9.21509
9.21509
9.21509
9.21509
9.21509
9.21509
9.21509
9.21509
9.21509
9.21509
9.21509
9.21509
9.21509
9.21509
9.21509
9.21509
9.21509
9.21509
9.21509
9.21509
9.21509
9.21509
9.21509
9.21509
9.21509
9.21509
9.21509
9.21509
9.21509
9.21509
9.21509
9.21509
9.21509
9.21509
9.21509
9.21509
9.21509
9.21509
9.21509
9.21509
9.21509
9.21509
9.21509
9.21509
9.21509
9.21509
9.21509
9.21509
9.21509
9.21509
9.21509
9.21509
9.21509
9.21509
9.21509
9.21509
9.21509
9.21509
9.21509
9.21509
9.21509
9.21509
9.21509
9.21509
9.21509
9.21509
9.21509
9.21509
9.21509
9.21509
9.21509
9.21509
9.21509
9.21509
9.21509
9.21509
9.21509
9.21509
9.21509
9.21509
9.21509
9.21509
9.21509
9.21509
9.21509
9.21509
9.21509
9.21509
9.21509
9.21509
9.21509
9.21509
9.21509
9.21509
9.21509
9.21509
9.21509
9.21509
9.21509
9.21509
9.21509
9.21509
9.21509
9.21509
9.21509
9.21509
9.21509
9.21509
9.21509
9.21509
9.21509
9.21509
9.21509
9.21509
9.21509
9.21509
9.21509
9.21509
9.21509
9.21509
9.21509
9.21509
9.21509
9.21509
9.21509
9.21509
9.21509
9.21509
9.21509
9.21509
9.21509
9.21509
9.21509
9.21509
9.21509
9.21509
9.21509
9.21509
9.21509
9.21509
9.21509
9.21509
9.21509
9.21509
9.21509
9.21509
9.21509
9.21509
9.21509
9.21509
9.21509
9.21509
9.21509
9.21509
9.21509
9.21509
9.21509
9.21509
9.21509
9.21509
9.21509
9.21509
9.21509
9.21509
9.21509
9.21509
9.21509
9.21509
9.21509
9.21509
9.21509
9.21509
9.21509
9.21509
9.21509
9.21509
9.21509
9.21509
9.21509
9.21509
9.21509
9.21509
9.21509
9.21509
9.21509
9.21509
9.21509
9.21509
9.21509
9.21509
9.21509
9.21509
9.21509
9.21509
9.21509
9.21509
9.21509
9.21509
9.21509
9.21509
9.21509
9.21509
9.21509
9.21509
9.21509
9.21509
9.21509
9.21509
9.21509
9.21509
9.21509
9.21509
9.21509
9.21509
9.21509
9.21509
9.21509
9.21509
9.21509
9.21509
9.21509
9.21509
9.21509
9.21509
9.21509
9.21509
9.21509
9.21509
9.21509
9.21509
9.21509
9.21509
9.21509
9.21509
9.21509
9.21509
9.21509
9.21509
9.21509
9.21509
9.21509
9.21509
9.21509
9.21509
9.21509
9.21509
9.21509
9.21509
9.21509
9.21509
9.21509
9.21509
9.21509
9.21509
9.21509
9.21509
9.21509
9.21509
9.21509
9.21509
9.21509
9.21509
9.21509
9.21509
9.21509
9.21509
9.21509
9.21509
9.21509
9.21509
9.21509
9.21509
9.21509
9.21509
9.21509
9.21509
9.21509
9.21509
9.21509
9.21509
9.21509
9.21509
9.21509
9.21509
9.21509
9.21509
9.21509
9.21509
9.21509
9.21509
9.21509
9.21509
9.21509
9.21509
9.21509
9.21509
9.21509
9.21509
9.21509
9.21509
9.21509
9.21509
9.21509
9.21509
9.21509
9.21509
9.21509
9.21509
9.21509
9.21509
9.21509
9.21509
9.21509
9.21509
9.21509
9.21509
9.21509
9.21509
9.21509
9.21509
9.21509
9.21509
9.21509
9.21509
9.21509
9.21509
9.21509
9.21509
9.21509
9.21509
9.21509
9.21509
9.21509
9.21509
9.21509
9.21509
9.21509
9.21509
9.21509
9.21509
9.21509
9.21509
9.21509
9.21509
9.21509
9.21509
9.21509
9.21509
9.21509
9.21509
9.21509
9.21509
9.21509
9.21509
9.21509
9.21509
9.21509
9.21509
9.21509
9.21509
9.21509
9.21509
9.21509
9.21509
9.21509
9.21509
9.21509
9.21509
9.21509
9.21509
9.21509
9.21509
9.21509
9.21509
9.21509
9.21509
9.21509
9.21509
9.21509
9.21509
9.21509
9.21509
9.21509
9.21509
9.21509
9.21509
9.21509
9.21509
9.21509
9.21509
9.21509
9.21509
9.21509
9.21509
9.21509
9.21509
9.21509
9.21509
9.21509
9.21509
9.21509
9.21509
9.21509
9.21509
9.21509
9.21509
9.21509
9.21509
9.21509
9.21509
9.21509
9.21509
9.21509
9.21509
9.21509
9.21509
9.21509
9.21509
9.21509
9.21509
9.21509
9.21509
9.21509
9.21509
9.21509
9.21509
9.21509
9.21509
9.21509
9.21509
9.21509
9.21509
9.21509
9.21509
9.21509
9.21509
9.21509
9.21509
9.21509
9.21509
9.21509
9.21509
9.21509
9.21509
9.21509
9.21509
9.21509
9.21509
9.21509
9.21509
9.21509
9.21509
9.21509
9.21509
9.21509
9.21509
9.21509
9.21509
9.21509
9.21509
9.21509
9.21509
9.21509
9.21509
9.21509
9.21509
9.21509
9.21509
9.21509
9.21509
9.21509
9.21509
9.21509
9.21509
9.21509
9.21509
9.21509
9.21509
9.21509
9.21509
9.21509
9.21509
9.21509
9.21509
9.21509
9.21509
9.21509
9.21509
9.21509
9.21509
9.21509
9.21509
9.21509
9.21509
9.21509
9.21509
9.21509
9.21509
9.21509
9.21509
9.21509
9.21509
9.21509
9.21509
9.21509
9.21509
9.21509
9.21509
9.21509
9.21509
9.21509
9.21509
9.21509
9.21509
9.21509
9.21509
9.21509
9.21509
9.21509
9.21509
9.21509
9.21509
9.21509
9.21509
9.21509
9.21509
9.21509
9.21509
9.21509
9.21509
9.21509
9.21509
9.21509
9.21509
9.21509
9.21509
9.21509
9.21509
9.21509
9.21509
9.21509
9.21509
9.21509
9.21509
9.21509
9.21509
9.21509
9.21509
9.21509
9.21509
9.21509
9.21509
9.21509
9.21509
9.21509
9.21509
9.21509
9.21509
9.21509
9.21509
9.21509
9.21509
9.21509
9.21509
9.21509
9.21509
9.21509
9.21509
9.21509
9.21509
9.21509
9.21509
9.21509
9.21509
9.21509
9.21509
9.21509
9.21509
9.21509
9.21509
9.21509
9.21509
9.21509
9.21509
9.21509
9.21509
9.21509
9.21509
9.21509
9.21509
9.21509
9.21509
9.21509
9.21509
9.21509
9.21509
9.21509
9.21509
9.21509
9.21509
9.21509
9.21509
9.21509
9.21509
9.21509
9.21509
9.21509
9.21509
9.21509
9.21509
9.21509
9.21509
9.21509
9.21509
9.21509
9.21509
9.21509
9.21509
9.21509
9.21509
9.21509
9.21509
9.21509
9.21509
9.21509
9.21509
9.21509
9.21509
9.21509
9.21509
9.21509
9.21509
9.21509
9.21509
9.21509
9.21509
9.21509
9.21509
9.21509
9.21509
9.21509
9.21509
9.21509
9.21509
9.21509
9.21509
9.21509
9.21509
9.21509
9.21509
9.21509
9.21509
9.21509
9.21509
9.21509
9.21509
9.21509
9.21509
9.21509
9.21509
9.21509
9.21509
9.21509
9.21509
9.21509
9.21509
9.21509
9.21509
9.21509
9.21509
9.21509
9.21509
9.21509
9.21509
9.21509
9.21509
9.21509
9.21509
9.21509
9.21509
9.21509
9.21509
9.21509
9.21509
9.21509
9.21509
9.21509
9.21509
9.21509
9.21509
9.21509
9.21509
9.21509
9.21509
9.21509
9.21509
9.21509
9.21509
9.21509
9.21509
9.21509
9.21509
9.21509
9.21509
9.21509
9.21509
9.21509
9.21509
9.21509
9.21509
9.21509
9.21509
9.21509
9.21509
9.21509
9.21509
9.21509
9.21509
9.21509
9.21509
9.21509
9.21509
9.21509
9.21509
9.21509
9.21509
9.21509
9.21509
9.21509
9.21509
9.21509
9.21509
9.21509
9.21509
9.21509
9.21509
9.21509
9.21509
9.21509
9.21509
9.21509
9.21509
9.21509
9.21509
9.21509
9.21509
9.21509
9.21509
9.21509
9.21509
9.21509
9.21509
9.21509
9.21509
9.21509
9.21509
9.21509
9.21509
9.21509
9.21509
9.21509
9.21509
9.21509
9.21509
9.21509
9.21509
9.21509
9.21509
9.21509
9.21509
9.21509
9.21509
9.21509
9.21509
9.21509
9.21509
9.21509
9.21509
9.21509
9.21509
9.21509
9.21509
9.21509
9.21509
9.21509
9.21509
9.21509
9.21509
9.21509
9.21509
9.21509
9.21509
9.21509
9.21509
9.21509
9.21509
9.21509
9.21509
9.21509
9.21509
9.21509
9.21509
9.21509
9.21509
9.21509
9.21509
9.21509
9.21509
9.21509
9.21509
9.21509
9.21509
9.21509
9.21509
9.21509
9.21509
9.21509
9.21509
9.21509
9.21509
9.21509
9.21509
9.21509
9.21509
9.21509
9.21509
9.21509
9.21509
9.21509
9.21509
9.21509
9.21509
9.21509
9.21509
9.21509
9.21509
9.21509
9.21509
9.21509
9.21509
9.21509
9.21509
9.21509
9.21509
9.21509
9.21509
9.21509
9.21509
9.21509
9.21509
9.21509
9.21509
9.21509
9.21509
9.21509
9.21509
9.21509
9.21509
9.21509
9.21509
9.21509
9.21509
9.21509
9.21509
9.21509
9.21509
9.21509
9.21509
9.21509
9.21509
9.21509
9.21509
9.21509
9.21509
9.21509
9.21509
9.21509
9.21509
9.21509
9.21509
9.21509
9.21509
9.21509
9.21509
9.21509
9.21509
9.21509
9.21509
9.21509
9.21509
9.21509
9.21509
9.21509
9.21509
9.21509
9.21509
9.21509
9.21509
9.21509
9.21509
9.21509
9.21509
9.21509
9.21509
9.21509
9.21509
9.21509
9.21509
9.21509
9.21509
9.21509
9.21509
9.21509
9.21509
9.21509
9.21509
9.21509
9.21509
9.21509
9.21509
9.21509
9.21509
9.21509
9.21509
9.21509
9.21509
9.21509
9.21509
9.21509
9.21509
9.21509
9.21509
9.21509
9.21509
9.21509
9.21509
9.21509
9.21509
9.21509
9.21509
9.21509
9.21509
9.21509
9.21509
9.21509
9.21509
9.21509
9.21509
9.21509
9.21509
9.21509
9.21509
9.21509
9.21509
9.21509
9.21509
9.21509
9.21509
9.21509
9.21509
9.21509
9.21509
9.21509
9.21509
9.21509
9.21509
9.21509
9.21509
9.21509
9.21509
9.21509
9.21509
9.21509
9.21509
9.21509
9.21509
9.21509
9.21509
9.21509
9.21509
9.21509
9.21509
9.21509
9.21509
9.21509
9.21509
9.21509
9.21509
9.21509
9.21509
9.21509
9.21509
9.21509
9.21509
9.21509
9.21509
9.21509
9.21509
9.21509
9.21509
9.21509
9.21509
9.21509
9.21509
9.21509
9.21509
9.21509
9.21509
9.21509
9.21509
9.21509
9.21509
9.21509
9.21509
9.21509
9.21509
9.21509
9.21509
9.21509
9.21509
9.21509
9.21509
9.21509
9.21509
9.21509
9.21509
9.21509
9.21509
9.21509
9.21509
9.21509
9.21509
9.21509
9.21509
9.21509
9.21509
9.21509
9.21509
9.21509
9.21509
9.21509
9.21509
9.21509
9.21509
9.21509
9.21509
9.21509
9.21509
9.21509
9.21509
9.21509
9.21509
9.21509
9.21509
9.21509
9.21509
9.21509
9.21509
9.21509
9.21509
9.21509
9.21509
9.21509
9.21509
9.21509
9.21509
9.21509
9.21509
9.21509
9.21509
9.21509
9.21509
9.21509
9.21509
9.21509
9.21509
9.21509
9.21509
9.21509
9.21509
9.21509
9.21509
9.21509
9.21509
9.21509
9.21509
9.21509
9.21509
9.21509
9.21509
9.21509
9.21509
9.21509
9.21509
9.21509
9.21509
9.21509
9.21509
9.21509
9.21509
9.21509
9.21509
9.21509
9.21509
9.21509
9.21509
9.21509
9.21509
9.21509
9.21509
9.21509
9.21509
9.21509
9.21509
9.21509
9.21509
9.21509
9.21509
9.21509
9.21509
9.21509
9.21509
9.21509
9.21509
9.21509
9.21509
9.21509
9.21509
9.21509
9.21509
9.21509
9.21509
9.21509
9.21509
9.21509
9.21509
9.21509
9.21509
9.21509
9.21509
9.21509
9.21509
9.21509
9.21509
9.21509
9.21509
9.21509
9.21509
9.21509
9.21509
9.21509
9.21509
9.21509
9.21509
9.21509
9.21509
9.21509
9.21509
9.21509
9.21509
9.21509
9.21509
9.21509
9.21509
9.21509
9.21509
9.21509
9.21509
9.21509
9.21509
9.21509
9.21509
9.21509
9.21509
9.21509
9.21509
9.21509
9.21509
9.21509
9.21509
9.21509
9.21509
9.21509
9.21509
9.21509
9.21509
9.21509
9.21509
9.21509
9.21509
9.21509
9.21509
9.21509
9.21509
9.21509
9.21509
9.21509
9.21509
9.21509
9.21509
9.21509
9.21509
9.21509
9.21509
9.21509
9.21509
9.21509
9.21509
9.21509
9.21509
9.21509
9.21509
9.21509
9.21509
9.21509
9.21509
9.21509
9.21509
9.21509
9.21509
9.21509
9.21509
9.21509
9.21509
9.21509
9.21509
9.21509
9.21509
9.21509
9.21509
9.21509
9.21509
9.21509
9.21509
9.21509
9.21509
9.21509
9.21509
9.21509
9.21509
9.21509
9.21509
9.21509
9.21509
9.21509
9.21509
9.21509
9.21509
9.21509
9.21509
9.21509
9.21509
9.21509
9.21509
9.21509
9.21509
9.21509
9.21509
9.21509
9.21509
9.21509
9.21509
9.21509
9.21509
9.21509
9.21509
9.21509
9.21509
9.21509
9.21509
9.21509
9.21509
9.21509
9.21509
9.21509
9.21509
9.21509
9.21509
9.21509
9.21509
9.21509
9.21509
9.21509
9.21509
9.21509
9.21509
9.21509
9.21509
9.21509
9.21509
9.21509
9.21509
9.21509
9.21509
9.21509
9.21509
9.21509
9.21509
9.21509
9.21509
9.21509
9.21509
9.21509
9.21509
9.21509
9.21509
9.21509
9.21509
9.21509
9.21509
9.21509
9.21509
9.21509
9.21509
9.21509
9.21509
9.21509
9.21509
9.21509
9.21509
9.21509
9.21509
9.21509
9.21509
9.21509
9.21509
9.21509
9.21509
9.21509
9.21509
9.21509
9.21509
9.21509
9.21509
9.21509
9.21509
9.21509
9.21509
9.21509
9.21509
9.21509
9.21509
9.21509
9.21509
9.21509
9.21509
9.21509
9.21509
9.21509
9.21509
9.21509
9.21509
9.21509
9.21509
9.21509
9.21509
9.21509
9.21509
9.21509
9.21509
9.21509
9.21509
9.21509
9.21509
9.21509
9.21509
9.21509
9.21509
9.21509
9.21509
9.21509
9.21509
9.21509
9.21509
9.21509
9.21509
9.21509
9.21509
9.21509
9.21509
9.21509
9.21509
9.21509
9.21509
9.21509
9.21509
9.21509
9.21509
9.21509
9.21509
9.21509
9.21509
9.21509
9.21509
9.21509
9.21509
9.21509
9.21509
9.21509
9.21509
9.21509
9.21509
9.21509
9.21509
9.21509
9.21509
9.21509
9.21509
9.21509
9.21509
9.21509
9.21509
9.21509
9.21509
9.21509
9.21509
9.21509
9.21509
9.21509
9.21509
9.21509
9.21509
9.21509
9.21509
9.21509
9.21509
9.21509
9.21509
9.21509
9.21509
9.21509
9.21509
9.21509
9.21509
9.21509
9.21509
9.21509
9.21509
9.21509
9.21509
9.21509
9.21509
9.21509
9.21509
9.21509
9.21509
9.21509
9.21509
9.21509
9.21509
9.21509
9.21509
9.21509
9.21509
9.21509
9.21509
9.21509
9.21509
9.21509
9.21509
9.21509
9.21509
9.21509
9.21509
9.21509
9.21509
9.21509
9.21509
9.21509
9.21509
9.21509
9.21509
9.21509
9.21509
9.21509
9.21509
9.21509
9.21509
9.21509
9.21509
9.21509
9.21509
9.21509
9.21509
9.21509
9.21509
9.21509
9.21509
9.21509
9.21509
9.21509
9.21509
9.21509
9.21509
9.21509
9.21509
9.21509
9.21509
9.21509
9.21509
9.21509
9.21509
9.21509
9.21509
9.21509
9.21509
9.21509
9.21509
9.21509
9.21509
9.21509
9.21509
9.21509
9.21509
9.21509
9.21509
9.21509
9.21509
9.21509
9.21509
9.21509
9.21509
9.21509
9.21509
9.21509
9.21509
9.21509
9.21509
9.21509
9.21509
9.21509
9.21509
9.21509
9.21509
9.21509
9.21509
9.21509
9.21509
9.21509
9.21509
9.21509
9.21509
9.21509
9.21509
9.21509
9.21509
9.21509
9.21509
9.21509
9.21509
9.21509
9.21509
9.21509
9.21509
9.21509
9.21509
9.21509
9.21509
9.21509
9.21509
9.21509
9.21509
9.21509
9.21509
9.21509
9.21509
9.21509
9.21509
9.21509
9.21509
9.21509
9.21509
9.21509
9.21509
9.21509
9.21509
9.21509
9.21509
9.21509
9.21509
9.21509
9.21509
9.21509
9.21509
9.21509
9.21509
9.21509
9.21509
9.21509
9.21509
9.21509
9.21509
9.21509
9.21509
9.21509
9.21509
9.21509
9.21509
9.21509
9.21509
9.21509
9.21509
9.21509
9.21509
9.21509
9.21509
9.21509
9.21509
9.21509
9.21509
9.21509
9.21509
9.21509
9.21509
9.21509
9.21509
9.21509
9.21509
9.21509
9.21509
9.21509
9.21509
9.21509
9.21509
9.21509
9.21509
9.21509
9.21509
9.21509
9.21509
9.21509
9.21509
9.21509
9.21509
9.21509
9.21509
9.21509
9.21509
9.21509
9.21509
9.21509
9.21509
9.21509
9.21509
9.21509
9.21509
9.21509
9.21509
9.21509
9.21509
9.21509
9.21509
9.21509
9.21509
9.21509
9.21509
9.21509
9.21509
9.21509
9.21509
9.21509
9.21509
9.21509
9.21509
9.21509
9.21509
9.21509
9.21509
9.21509
9.21509
9.21509
9.21509
9.21509
9.21509
9.21509
9.21509
9.21509
9.21509
9.21509
9.21509
9.21509
9.21509
9.21509
9.21509
9.21509
9.21509
9.21509
9.21509
9.21509
9.21509
9.21509
9.21509
9.21509
9.21509
9.21509
9.21509
9.21509
9.21509
9.21509
9.21509
9.21509
9.21509
9.21509
9.21509
9.21509
9.21509
9.21509
9.21509
9.21509
9.21509
9.21509
9.21509
9.21509
9.21509
9.21509
9.21509
9.21509
9.21509
9.21509
9.21509
9.21509
9.21509
9.21509
9.21509
9.21509
9.21509
9.21509
9.21509
9.21509
9.21509
9.21509
9.21509
9.21509
9.21509
9.21509
9.21509
9.21509
9.21509
9.21509
9.21509
9.21509
9.21509
9.21509
9.21509
9.21509
9.21509
9.21509
9.21509
9.21509
9.21509
9.21509
9.21509
9.21509
9.21509
9.21509
9.21509
9.21509
9.21509
9.21509
9.21509
9.21509
9.21509
9.21509
9.21509
9.21509
9.21509
9.21509
9.21509
9.21509
9.21509
9.21509
9.21509
9.21509
9.21509
9.21509
9.21509
9.21509
9.21509
9.21509
9.21509
9.21509
9.21509
9.21509
9.21509
9.21509
9.21509
9.21509
9.21509
9.21509
9.21509
9.21509
9.21509
9.21509
9.21509
9.21509
9.21509
9.21509
9.21509
9.21509
9.21509
9.21509
9.21509
9.21509
9.21509
9.21509
9.21509
9.21509
9.21509
9.21509
9.21509
9.21509
9.21509
9.21509
9.21509
9.21509
9.21509
9.21509
9.21509
9.21509
9.21509
9.21509
9.21509
9.21509
9.21509
9.21509
9.21509
9.21509
9.21509
9.21509
9.21509
9.21509
9.21509
9.21509
9.21509
9.21509
9.21509
9.21509
9.21509
9.21509
9.21509
9.21509
9.21509
9.21509
9.21509
9.21509
9.21509
9.21509
9.21509
9.21509
9.21509
9.21509
9.21509
9.21509
9.21509
9.21509
9.21509
9.21509
9.21509
9.21509
9.21509
9.21509
9.21509
9.21509
9.21509
9.21509
9.21509
9.21509
9.21509
9.21509
9.21509
9.21509
9.21509
9.21509
9.21509
9.21509
9.21509
9.21509
9.21509
9.21509
9.21509
9.21509
9.21509
9.21509
9.21509
9.21509
9.21509
9.21509
9.21509
9.21509
9.21509
9.21509
9.21509
9.21509
9.21509
9.21509
9.21509
9.21509
9.21509
9.21509
9.21509
9.21509
9.21509
9.21509
9.21509
9.21509
9.21509
9.21509
9.21509
9.21509
9.21509
9.21509
9.21509
9.21509
9.21509
9.21509
9.21509
9.21509
9.21509
