1.95532e+009
1.42356e+007
1.42356e+007
1.42356e+007
1.42356e+007
3.76856e+006
1.75308e+006
160342
160342
101027
77303.3
49426.3
49426.3
49426.3
49426.3
40878.9
40878.9
40878.9
8031.91
8018.66
4262.21
2418.73
400.555
400.555
400.555
88.363
88.363
80.7477
77.9091
74.3564
74.3564
74.3564
74.3564
73.0975
72.9933
72.9933
72.9276
71.0763
71.0763
70.0156
70.0156
70.0156
70.0156
70.0156
70.0156
64.3919
64.3919
61.3533
61.3533
61.3533
57.8399
57.8399
53.9016
53.9016
53.4719
53.4719
53.4719
52.5983
52.5983
52.5983
52.5983
52.5983
52.5983
52.5983
52.5983
52.5983
52.5983
50.8104
50.8104
50.8104
50.8104
50.8104
50.8104
50.8104
50.8104
50.8104
45.7113
45.7113
45.7113
45.7113
44.1065
44.1065
44.1065
44.1065
44.1065
44.1065
44.1065
44.1065
44.1065
44.1065
44.1065
44.1065
43.7467
43.7467
43.7467
43.7467
42.9898
42.9898
39.6434
39.6434
39.6434
39.6434
39.6434
39.6434
39.6434
39.6434
39.6434
39.6434
37.9643
37.9643
37.9643
37.9643
37.9643
37.1316
34.9536
34.9536
34.9536
34.9536
32.3036
30.5397
30.5397
30.5397
30.5397
30.5397
30.5397
30.5397
30.5397
30.0308
29.4177
29.0274
29.0274
28.2659
28.2659
28.1829
28.1829
28.1829
28.1829
28.0083
27.4669
27.4669
26.5979
26.5979
25.272
23.7686
23.7686
23.7686
23.7686
23.7686
21.7944
21.7944
21.7944
21.7944
21.7944
21.7944
21.4865
21.4865
21.4865
20.4358
20.4358
19.4718
19.4718
19.0744
19.0744
19.0744
19.0744
19.0744
18.3409
18.3409
18.3152
18.3152
18.3152
17.3541
17.3541
17.3541
17.3541
17.3541
17.3541
17.3541
17.3541
17.3541
17.3541
16.0557
16.0557
16.0557
16.0557
15.172
15.172
14.351
14.351
14.0875
14.0875
14.0875
14.0875
14.0875
14.0875
14.0875
14.0875
14.0875
12.1691
12.1691
12.1691
12.1691
12.1691
12.1691
11.9625
11.9625
11.5884
11.5884
11.2587
11.2587
11.2587
11.2587
10.3139
10.3139
10.3139
10.3139
10.3139
10.3139
10.3139
10.3139
10.3139
10.3139
10.3139
10.3139
9.91425
9.47657
9.47657
9.47657
9.47657
9.05225
8.6943
8.6943
8.6943
8.6943
8.6943
8.6943
8.68247
8.10557
8.10557
8.10557
8.10557
7.9458
7.83566
7.83566
7.83566
7.83566
7.55167
7.02413
6.72839
6.50982
6.50982
6.50982
6.50982
6.50982
6.31689
6.31689
6.31689
6.31193
6.31193
6.31193
5.82436
5.82436
5.82436
5.82436
5.82436
5.82436
5.82436
5.82436
5.82436
5.82436
5.82436
5.82436
5.68992
5.40846
5.29375
5.29375
5.29375
5.29375
4.86006
4.86006
4.86006
4.73204
4.66789
4.66789
4.65325
4.58008
4.41828
3.85858
3.85858
3.85858
3.85858
3.85858
3.85858
3.85858
3.85858
3.85858
3.66492
3.66492
3.64653
3.64653
3.64653
3.48253
3.48253
3.48253
3.48253
3.48253
3.48253
3.48253
3.48253
3.44504
3.32207
3.32207
3.32207
3.16224
3.1183
3.06702
3.06702
3.06702
3.06702
2.99214
2.93438
2.93438
2.81997
2.78358
2.75293
2.75293
2.75293
2.75293
2.62267
2.61192
2.61192
2.61192
2.55372
2.50679
2.50679
2.50679
2.50679
2.50034
2.43203
2.43203
2.25505
2.25505
2.25505
2.18891
2.18891
2.13113
2.13113
2.13113
2.13113
2.13113
2.13113
2.13113
2.03588
2.03063
2.03063
2.03063
2.03063
2.03063
1.99641
1.99641
1.99641
1.99534
1.99534
1.99534
1.99534
1.99534
1.93391
1.81439
1.81439
1.81439
1.63212
1.63212
1.63212
1.63212
1.61754
1.58708
1.58708
1.58708
1.58708
1.58708
1.58708
1.56072
1.56072
1.50479
1.50479
1.50479
1.48743
1.47852
1.47852
1.47852
1.44893
1.44893
1.40591
1.40591
1.40591
1.35703
1.33124
1.33124
1.2988
1.2988
1.2589
1.2589
1.2589
1.22454
1.22454
1.22454
1.19435
1.19435
1.19435
1.1294
1.12065
1.12065
0.990937
0.990937
0.958047
0.958047
0.958047
0.958047
0.958047
0.958047
0.956679
0.956679
0.956679
0.956679
0.956679
0.925835
0.9169
0.9169
0.840881
0.840881
0.840881
0.840881
0.831185
0.831185
0.829642
0.829642
0.826854
0.816876
0.816876
0.812996
0.794415
0.794415
0.78461
0.763767
0.763767
0.763767
0.763767
0.710903
0.679313
0.679313
0.679313
0.679313
0.679313
0.656858
0.656858
0.656858
0.656858
0.656858
0.656858
0.638097
0.638097
0.628725
0.628725
0.627282
0.627282
0.610107
0.560854
0.560854
0.542798
0.53656
0.53656
0.53656
0.53656
0.479545
0.479545
0.479545
0.479545
0.479545
0.479545
0.479545
0.479545
0.479545
0.479545
0.479545
0.479545
0.473647
0.459003
0.459003
0.459003
0.459003
0.442412
0.4133
0.4133
0.4133
0.41275
0.41275
0.41275
0.41275
0.41275
0.394467
0.394467
0.394467
0.394467
0.394467
0.393474
0.386593
0.386593
0.372868
0.372868
0.372868
0.372868
0.323029
0.318241
0.318241
0.318241
0.318241
0.318241
0.318241
0.318241
0.298435
0.298435
0.298435
0.294026
0.283371
0.269489
0.269489
0.269489
0.269489
0.269489
0.240471
0.240471
0.240471
0.240471
0.236499
0.236499
0.236499
0.236499
0.236499
0.210901
0.210901
0.210901
0.210901
0.210901
0.210901
0.210901
0.210901
0.210901
0.203833
0.203833
0.203833
0.203833
0.20095
0.20095
0.20095
0.20095
0.192703
0.192703
0.192703
0.192703
0.191767
0.191767
0.186357
0.186357
0.186357
0.179915
0.171041
0.171041
0.160633
0.158208
0.158208
0.158208
0.158208
0.158208
0.158208
0.158208
0.158208
0.158208
0.158208
0.15478
0.15478
0.151747
0.150761
0.150761
0.150761
0.150761
0.127084
0.119887
0.119887
0.119887
0.119887
0.119645
0.119645
0.117782
0.117782
0.114751
0.114751
0.114751
0.114751
0.114751
0.114751
0.114751
0.114751
0.112894
0.111184
0.111184
0.101067
0.101067
0.101067
0.101067
0.101067
0.101067
0.101067
0.0965714
0.0965714
0.0965714
0.0965714
0.0965714
0.0895964
0.0895964
0.0895964
0.0857648
0.0799221
0.0799221
0.0799221
0.0799221
0.0799221
0.0796455
0.0796455
0.0796455
0.0756569
0.0756569
0.0756263
0.0716167
0.0716167
0.0707728
0.0707728
0.0656285
0.0656285
0.0656285
0.0636524
0.0636524
0.0636524
0.0636524
0.0634565
0.0634565
0.0634565
0.0634565
0.0634565
0.0634565
0.0634565
0.0634565
0.0623116
0.0593017
0.0593017
0.0593017
0.0593017
0.0593017
0.0592954
0.0592954
0.0592954
0.052706
0.052706
0.052706
0.052706
0.050935
0.050935
0.0505581
0.0505118
0.0503984
0.0503984
0.0502218
0.0502218
0.0498458
0.0487841
0.0487068
0.0477059
0.0475146
0.0447344
0.0447344
0.0447344
0.0447344
0.0447344
0.0413633
0.0377922
0.0377922
0.0377922
0.0377922
0.0377922
0.0377922
0.0377922
0.0358761
0.0358761
0.0358761
0.0358761
0.0358761
0.0358761
0.0358761
0.0355396
0.0355396
0.0355396
0.0339124
0.0323981
0.0317118
0.0317118
0.0317118
0.0317118
0.0317118
0.0317118
0.0312642
0.0312099
0.0287615
0.0287615
0.0287615
0.0287615
0.0258801
0.0258801
0.0254007
0.0254007
0.0254007
0.0254007
0.0254007
0.0253647
0.0253647
0.0253647
0.0238908
0.0238908
0.0238908
0.023433
0.023433
0.023433
0.023433
0.023433
0.023433
0.0232634
0.0232634
0.0225862
0.0225862
0.0225862
0.0216196
0.0212966
0.0210294
0.0210294
0.0206807
0.0192487
0.018914
0.018914
0.018914
0.018277
0.018277
0.0179747
0.0179432
0.0179432
0.0177786
0.017583
0.0175491
0.0174553
0.0160274
0.0147922
0.0147922
0.0147922
0.0147922
0.0147922
0.0147922
0.0147922
0.0147922
0.0140473
0.0140473
0.0140473
0.0140181
0.013355
0.0131925
0.0118516
0.0118516
0.0118516
0.0111735
0.0111735
0.0111735
0.0111735
0.0111735
0.0111735
0.0111735
0.0111735
0.0111735
0.0108657
0.0105346
0.0105346
0.0105346
0.00987617
0.00987617
0.00987617
0.00971769
0.00958044
0.00958044
0.00958044
0.00958044
0.00958044
0.00958044
0.00958044
0.00942803
0.00935364
0.00935364
0.0092348
0.0092348
0.0092348
0.0086258
0.0083913
0.00838213
0.00838213
0.00835938
0.00835938
0.00812541
0.00812541
0.00812541
0.00812541
0.00755452
0.00717315
0.00717315
0.00717315
0.00717315
0.00717315
0.0067176
0.00667263
0.00648175
0.00648175
0.00648175
0.00648175
0.00611615
0.00611615
0.00611615
0.00611615
0.00611615
0.00611615
0.00611615
0.00570168
0.00570168
0.00570168
0.00570168
0.00570168
0.00550768
0.00522208
0.00522208
0.00522208
0.00522208
0.00522208
0.00522208
0.00516841
0.00516841
0.00516841
0.00516841
0.00516841
0.00504287
0.00504287
0.00504287
0.00504287
0.00495647
0.00495647
0.00488151
0.00485211
0.00471851
0.00458039
0.00458039
0.00458039
0.00441046
0.00441046
0.00441046
0.00441046
0.00432705
0.00427066
0.00403262
0.00402407
0.00402407
0.00402407
0.00402407
0.00402056
0.00402056
0.00401203
0.00373547
0.00373547
0.00373547
0.00368747
0.00368747
0.00339035
0.00339035
0.00307819
0.00307819
0.00307819
0.00307819
0.00302855
0.00302855
0.00302855
0.00302855
0.00302855
0.00302855
0.00302855
0.00302855
0.00302855
0.00283554
0.00283554
0.002779
0.002779
0.002779
0.002779
0.0027348
0.0023843
0.0023843
0.0022681
0.0022681
0.0022681
0.0022681
0.0022681
0.0022681
0.0022681
0.00224122
0.00224122
0.00224122
0.00224122
0.00224122
0.00224122
0.00224122
0.00221671
0.00219032
0.00219032
0.00219032
0.00219032
0.00219032
0.00204188
0.00204188
0.00204188
0.00204188
0.00200297
0.00200297
0.00198322
0.00196661
0.00196661
0.00196274
0.00189903
0.00189903
0.00188973
0.00186328
0.00180452
0.00180452
0.00179483
0.00179483
0.00179103
0.00173662
0.00173662
0.00172668
0.00172668
0.00169159
0.00169159
0.00169159
0.00169159
0.00153951
0.00153951
0.00153951
0.00153951
0.00153951
0.00153951
0.0014423
0.0014423
0.0014423
0.0014423
0.00141949
0.00141949
0.00141949
0.00141949
0.00140721
0.00139301
0.00138317
0.00138317
0.00130996
0.00130996
0.00130996
0.00130996
0.0012381
0.0012381
0.0012381
0.00116756
0.00116756
0.00116756
0.00116756
0.00115309
0.00115309
0.0011156
0.0011156
0.00106747
0.000995722
0.000995722
0.000995722
0.000995722
0.000972868
0.000972868
0.000972868
0.000972868
0.000890952
0.000890952
0.000875627
0.000875627
0.000875627
0.000875627
0.000875627
0.000869033
0.000869033
0.000869033
0.000869033
0.000858463
0.000848776
0.000846599
0.000838686
0.000838686
0.000801509
0.000731904
0.000731904
0.000731904
0.000731904
0.000731904
0.000713333
0.000713333
0.000705598
0.000705598
0.000705598
0.000705598
0.000705598
0.000705598
0.0007039
0.0007039
0.000610584
0.000594172
0.000594172
0.000594172
0.000594172
0.000594172
0.000594172
0.000594172
0.000594172
0.000594172
0.000594172
0.000594172
0.000550613
0.000538736
0.000522811
0.000522811
0.000522811
0.000522811
0.000522811
0.000522811
0.000522811
0.000512564
0.000489163
0.000489163
0.000457747
0.000457747
0.000455663
0.000455663
0.000455663
0.000455663
0.000455663
0.000455663
0.000455663
0.000455663
0.000455663
0.000455663
0.000455663
0.00044152
0.000412656
0.000406214
0.000406214
0.000406214
0.00039345
0.00039345
0.00039345
0.000379712
0.000351051
0.000332379
0.000332379
0.000332379
0.000332379
0.000332379
0.000332379
0.000332379
0.000332379
0.000332379
0.000332023
0.000332023
0.000326194
0.000299873
0.000299873
0.000299873
0.000299873
0.000299873
0.000299873
0.000248766
0.000248766
0.000244219
0.000244219
0.000244219
0.000244219
0.000244219
0.000244219
0.000244219
0.000244219
0.000244219
0.000238343
0.000229432
0.000229432
0.000229432
0.000229432
0.000229432
0.000229432
0.000223044
0.000223044
0.000222768
0.000217408
0.000217408
0.000217408
0.000217408
0.000217408
0.000217408
0.000208877
0.000202027
0.000202027
0.000202027
0.000199889
0.000196908
0.000196908
0.000196908
0.000186708
0.000184566
0.000184566
0.000184566
0.000184566
0.000184566
0.000181323
0.000181323
0.000180179
0.000180179
0.000167718
0.000167718
0.000167718
0.000167718
0.000167718
0.00015892
0.00015892
0.000153573
0.000153573
0.000153573
0.000152484
0.000152484
0.000152484
0.000152484
0.000152484
0.000152484
0.000152484
0.000150682
0.000143078
0.000137063
0.000137063
0.00013169
0.00013169
0.00013169
0.00013169
0.00013169
0.000125364
0.000125364
0.000125364
0.000125364
0.000125364
0.000125364
0.000122729
0.000122295
0.000119203
0.000119203
0.000119203
0.000119203
0.000117333
0.000117333
0.000117333
0.00010824
0.00010824
0.000107728
0.000107728
0.000107665
0.000102701
0.000102701
0.000101984
0.000101984
0.000101984
9.90755e-005
9.90755e-005
9.85112e-005
9.82148e-005
9.82148e-005
9.66819e-005
9.22006e-005
9.22006e-005
9.22006e-005
9.22006e-005
9.00186e-005
8.93956e-005
8.40958e-005
8.40958e-005
8.18938e-005
8.18938e-005
8.11801e-005
8.11801e-005
8.11801e-005
7.77069e-005
7.77069e-005
7.77069e-005
7.00933e-005
6.99355e-005
6.99355e-005
6.99355e-005
6.99355e-005
6.58669e-005
6.58669e-005
6.58669e-005
6.58669e-005
6.58669e-005
6.43121e-005
6.15682e-005
6.15682e-005
6.15682e-005
6.15682e-005
6.15682e-005
6.15682e-005
6.03677e-005
6.03677e-005
6.03677e-005
6.03677e-005
6.03677e-005
6.03677e-005
5.67041e-005
5.67041e-005
5.64423e-005
5.19102e-005
5.19102e-005
5.19102e-005
5.19102e-005
5.19102e-005
5.19102e-005
5.19102e-005
5.19102e-005
5.19102e-005
5.0723e-005
5.0723e-005
5.01256e-005
5.01256e-005
5.01256e-005
5.01256e-005
4.95202e-005
4.92482e-005
4.92482e-005
4.764e-005
4.764e-005
4.39773e-005
4.39773e-005
4.39773e-005
4.01427e-005
3.97975e-005
3.97975e-005
3.90065e-005
3.90065e-005
3.90065e-005
3.84186e-005
3.76382e-005
3.76382e-005
3.75726e-005
3.75726e-005
3.46501e-005
3.37715e-005
3.37715e-005
3.37715e-005
3.37715e-005
3.37715e-005
3.37715e-005
3.29443e-005
3.29443e-005
3.09325e-005
3.06321e-005
3.06321e-005
3.06321e-005
3.01913e-005
3.01736e-005
3.01736e-005
3.01736e-005
2.67999e-005
2.67999e-005
2.67999e-005
2.60087e-005
2.60087e-005
2.57598e-005
2.51972e-005
2.4881e-005
2.4881e-005
2.4881e-005
2.4881e-005
2.40347e-005
2.39906e-005
2.36691e-005
2.29295e-005
2.29295e-005
2.29295e-005
2.29295e-005
2.23534e-005
2.12945e-005
2.12945e-005
2.1044e-005
2.1044e-005
2.1044e-005
2.1044e-005
2.04785e-005
2.04785e-005
2.00287e-005
1.96025e-005
1.78273e-005
1.78273e-005
1.78273e-005
1.64574e-005
1.64574e-005
1.60634e-005
1.60634e-005
1.60634e-005
1.59943e-005
1.59943e-005
1.58922e-005
1.58922e-005
1.58922e-005
1.58922e-005
1.58922e-005
1.58922e-005
1.58922e-005
1.58922e-005
1.58922e-005
1.58922e-005
1.41109e-005
1.41109e-005
1.41109e-005
1.41109e-005
1.41109e-005
1.29091e-005
1.29091e-005
1.29091e-005
1.29091e-005
1.29091e-005
1.29091e-005
1.29091e-005
1.29091e-005
1.29091e-005
1.29091e-005
1.29091e-005
1.22283e-005
1.22283e-005
1.20391e-005
1.19853e-005
1.19853e-005
1.18158e-005
1.17257e-005
1.17257e-005
1.10974e-005
1.10974e-005
1.10974e-005
1.10129e-005
1.04344e-005
1.04344e-005
1.04344e-005
1.04344e-005
1.04344e-005
1.04344e-005
1.04344e-005
1.04344e-005
1.04344e-005
1.04344e-005
1.03262e-005
8.78969e-006
8.78969e-006
8.78969e-006
8.78969e-006
8.78969e-006
8.78969e-006
8.05615e-006
8.05615e-006
8.05615e-006
8.05615e-006
8.05615e-006
8.05615e-006
8.05615e-006
8.05615e-006
7.77726e-006
7.77726e-006
7.77726e-006
7.07935e-006
7.07935e-006
7.07935e-006
7.07935e-006
7.07935e-006
7.07935e-006
7.07935e-006
7.04345e-006
7.04345e-006
7.04345e-006
6.79165e-006
6.79165e-006
6.79165e-006
6.79165e-006
5.86318e-006
5.86318e-006
5.86318e-006
5.86318e-006
5.86318e-006
5.86318e-006
5.8076e-006
5.70258e-006
5.70258e-006
5.70258e-006
5.40892e-006
5.35476e-006
5.35476e-006
5.2273e-006
5.2273e-006
5.14084e-006
5.14084e-006
4.85627e-006
4.85627e-006
4.85627e-006
4.7794e-006
4.7794e-006
4.7794e-006
4.66957e-006
4.66957e-006
4.66112e-006
4.66112e-006
4.54271e-006
4.3311e-006
4.25529e-006
4.18834e-006
4.04331e-006
4.04331e-006
4.04331e-006
3.80418e-006
3.80418e-006
3.80418e-006
3.73834e-006
3.73834e-006
3.73834e-006
3.73834e-006
3.73834e-006
3.73834e-006
3.73834e-006
3.73834e-006
3.27639e-006
3.27639e-006
3.27639e-006
3.27639e-006
3.19169e-006
3.19169e-006
3.19169e-006
3.19169e-006
3.19169e-006
3.19169e-006
3.19169e-006
3.14052e-006
3.14052e-006
3.05112e-006
2.99598e-006
2.97581e-006
2.97581e-006
2.97581e-006
2.67425e-006
2.67425e-006
2.67425e-006
2.468e-006
2.468e-006
2.468e-006
2.468e-006
2.468e-006
2.468e-006
2.468e-006
2.468e-006
2.468e-006
2.468e-006
2.468e-006
2.468e-006
2.468e-006
2.31648e-006
2.31648e-006
2.20998e-006
2.20998e-006
2.20998e-006
2.20998e-006
2.1805e-006
2.1805e-006
2.1805e-006
2.1805e-006
1.98464e-006
1.98464e-006
1.98464e-006
1.98464e-006
1.98464e-006
1.98464e-006
1.98464e-006
1.90727e-006
1.83799e-006
1.83799e-006
1.83799e-006
1.83029e-006
1.83029e-006
1.75435e-006
1.75435e-006
1.75435e-006
1.7537e-006
1.7537e-006
1.71141e-006
1.71141e-006
1.69163e-006
1.69163e-006
1.66917e-006
1.65332e-006
1.39326e-006
1.39326e-006
1.39326e-006
1.39326e-006
1.39326e-006
1.36779e-006
1.34769e-006
1.34769e-006
1.34769e-006
1.34769e-006
1.33619e-006
1.33619e-006
1.33619e-006
1.2524e-006
1.2524e-006
1.23856e-006
1.2352e-006
1.2352e-006
1.2352e-006
1.2352e-006
1.20023e-006
1.20023e-006
1.20023e-006
1.20023e-006
1.1978e-006
1.1978e-006
1.1978e-006
1.15164e-006
1.15164e-006
1.15164e-006
1.15164e-006
1.15164e-006
9.64261e-007
9.45982e-007
9.28155e-007
8.85413e-007
8.85413e-007
8.85413e-007
8.85413e-007
8.85413e-007
8.85413e-007
8.85413e-007
8.85413e-007
8.64801e-007
8.64801e-007
8.64801e-007
8.64801e-007
8.09154e-007
7.98767e-007
7.98767e-007
7.96682e-007
7.89907e-007
7.64256e-007
7.64256e-007
7.64256e-007
7.64256e-007
7.64256e-007
7.64256e-007
7.64256e-007
7.30333e-007
7.30333e-007
7.30333e-007
7.30333e-007
6.91644e-007
6.91644e-007
6.91644e-007
6.91644e-007
6.68458e-007
6.68458e-007
6.68458e-007
6.68458e-007
6.68458e-007
6.68458e-007
6.68458e-007
5.84572e-007
5.83628e-007
5.83628e-007
5.83628e-007
5.83628e-007
5.81927e-007
5.81927e-007
5.81927e-007
5.33513e-007
4.95241e-007
4.95241e-007
4.95241e-007
4.95241e-007
4.91752e-007
4.7947e-007
4.7947e-007
4.7947e-007
4.74691e-007
4.74691e-007
4.62134e-007
4.62134e-007
4.4368e-007
4.4368e-007
4.4368e-007
4.4368e-007
4.4368e-007
4.3567e-007
4.3567e-007
4.3567e-007
4.3567e-007
4.3567e-007
4.35437e-007
4.35437e-007
4.35437e-007
4.35437e-007
4.35437e-007
4.35437e-007
4.30586e-007
4.30586e-007
4.26963e-007
4.26606e-007
3.77564e-007
3.77564e-007
3.70667e-007
3.70667e-007
3.70667e-007
3.70298e-007
3.70298e-007
3.70298e-007
3.70298e-007
3.45701e-007
3.45701e-007
3.45701e-007
3.45701e-007
3.13894e-007
3.13894e-007
3.13894e-007
3.13894e-007
3.02824e-007
2.93988e-007
2.93988e-007
2.86685e-007
2.86685e-007
2.80764e-007
2.76436e-007
2.76436e-007
2.76436e-007
2.57325e-007
2.57325e-007
2.4933e-007
2.4933e-007
2.34776e-007
2.34776e-007
2.34776e-007
2.34776e-007
2.34776e-007
2.2783e-007
2.2783e-007
2.2783e-007
2.24069e-007
2.24069e-007
2.22005e-007
2.22005e-007
2.18426e-007
2.17452e-007
2.17452e-007
2.13187e-007
2.13187e-007
2.13187e-007
2.10157e-007
2.10157e-007
2.06606e-007
1.86391e-007
1.86391e-007
1.74388e-007
1.74388e-007
1.74388e-007
1.74388e-007
1.74388e-007
1.74388e-007
1.74388e-007
1.74388e-007
1.62492e-007
1.62492e-007
1.62492e-007
1.5984e-007
1.5984e-007
1.5984e-007
1.52958e-007
1.52958e-007
1.49227e-007
1.49227e-007
1.49227e-007
1.49227e-007
1.49227e-007
1.49227e-007
1.49114e-007
1.45311e-007
1.45195e-007
1.45195e-007
1.27451e-007
1.27451e-007
1.27104e-007
1.27104e-007
1.27104e-007
1.27104e-007
1.25335e-007
1.24993e-007
1.24993e-007
1.24993e-007
1.23341e-007
1.23341e-007
1.23341e-007
1.23341e-007
1.19827e-007
1.07664e-007
1.0724e-007
1.0724e-007
1.0724e-007
9.735e-008
9.03992e-008
9.03992e-008
9.03992e-008
9.03992e-008
9.03992e-008
9.03992e-008
9.03992e-008
9.03992e-008
9.03992e-008
8.7654e-008
8.7654e-008
8.66702e-008
8.66702e-008
8.66702e-008
8.66702e-008
8.66702e-008
8.41256e-008
8.41256e-008
8.27119e-008
8.27119e-008
8.07415e-008
8.07415e-008
7.90011e-008
7.90011e-008
7.90011e-008
7.42247e-008
7.42247e-008
7.39835e-008
7.39835e-008
7.39835e-008
7.39835e-008
6.75791e-008
6.69632e-008
6.69632e-008
6.52429e-008
6.52429e-008
6.52429e-008
6.52429e-008
6.45269e-008
6.19713e-008
6.19713e-008
6.10405e-008
6.10405e-008
6.10405e-008
6.10405e-008
5.73284e-008
5.73284e-008
5.73284e-008
5.73284e-008
5.73284e-008
5.7004e-008
5.7004e-008
5.7004e-008
5.7004e-008
5.7004e-008
5.7004e-008
5.34042e-008
5.32484e-008
5.32484e-008
5.32484e-008
5.00398e-008
5.00398e-008
4.97247e-008
4.74251e-008
4.57397e-008
4.42359e-008
4.42359e-008
4.42359e-008
3.96321e-008
3.96321e-008
3.96321e-008
3.96321e-008
3.96321e-008
3.89976e-008
3.89976e-008
3.89976e-008
3.89694e-008
3.89694e-008
3.87463e-008
3.87463e-008
3.87463e-008
3.87463e-008
3.86382e-008
3.82218e-008
3.82218e-008
3.75807e-008
3.73927e-008
3.72089e-008
3.65003e-008
3.65003e-008
3.65003e-008
3.24116e-008
3.24116e-008
3.24116e-008
3.24116e-008
3.00857e-008
3.00857e-008
3.00857e-008
3.00857e-008
3.00857e-008
2.98557e-008
2.94909e-008
2.94909e-008
2.94909e-008
2.94909e-008
2.94909e-008
2.94909e-008
2.9256e-008
2.9256e-008
2.64375e-008
2.64375e-008
2.64375e-008
2.40611e-008
2.30938e-008
2.30938e-008
2.30938e-008
2.30938e-008
2.19148e-008
2.19148e-008
2.19148e-008
2.19148e-008
2.19148e-008
2.19148e-008
2.19148e-008
2.19148e-008
2.12925e-008
2.12925e-008
2.12925e-008
1.95384e-008
1.95384e-008
1.95384e-008
1.95384e-008
1.95384e-008
1.95384e-008
1.95384e-008
1.95384e-008
1.95384e-008
1.95384e-008
1.92498e-008
1.92498e-008
1.92498e-008
1.92498e-008
1.92498e-008
1.92498e-008
1.89648e-008
1.8324e-008
1.8324e-008
1.7834e-008
1.7834e-008
1.71746e-008
1.71746e-008
1.71746e-008
1.68486e-008
1.66229e-008
1.66229e-008
1.66229e-008
1.64988e-008
1.55464e-008
1.43664e-008
1.43664e-008
1.38993e-008
1.38993e-008
1.38993e-008
1.38993e-008
1.38993e-008
1.36256e-008
1.36256e-008
1.36256e-008
1.36256e-008
1.36256e-008
1.36256e-008
1.36256e-008
1.32473e-008
1.32473e-008
1.32473e-008
1.32473e-008
1.32473e-008
1.30457e-008
1.30457e-008
1.2713e-008
1.2713e-008
1.2713e-008
1.26532e-008
1.26532e-008
1.26532e-008
1.23456e-008
1.21883e-008
1.18524e-008
1.08589e-008
1.08011e-008
1.08011e-008
9.3841e-009
9.3841e-009
9.3841e-009
9.3841e-009
9.3841e-009
8.85632e-009
8.7851e-009
8.7851e-009
8.7851e-009
8.7851e-009
8.7851e-009
8.60415e-009
8.60415e-009
8.60415e-009
8.00181e-009
8.00181e-009
8.00181e-009
8.00181e-009
8.00181e-009
8.00181e-009
7.85811e-009
7.85811e-009
7.32447e-009
7.32447e-009
7.32447e-009
7.25783e-009
7.25783e-009
7.25783e-009
7.25783e-009
6.94625e-009
6.94625e-009
6.88773e-009
6.88773e-009
6.8844e-009
6.8844e-009
6.8844e-009
6.88264e-009
6.49843e-009
6.49843e-009
6.30613e-009
6.30613e-009
6.10238e-009
6.10238e-009
6.10238e-009
6.10238e-009
5.94507e-009
5.94507e-009
5.41914e-009
5.41914e-009
5.38902e-009
5.38902e-009
5.38902e-009
5.38902e-009
5.05171e-009
5.05171e-009
5.05171e-009
5.05171e-009
5.05171e-009
5.05171e-009
5.05171e-009
4.91356e-009
4.91356e-009
4.91356e-009
4.91356e-009
4.90848e-009
4.90617e-009
4.34142e-009
4.34142e-009
4.34142e-009
4.3058e-009
4.3058e-009
4.12266e-009
4.12266e-009
4.12266e-009
4.12266e-009
3.94746e-009
3.94746e-009
