20.2075
20.0317
19.8484
19.7012
19.5791
19.452
19.3223
19.2146
19.1151
19.0183
18.9048
18.8584
18.7845
18.6779
18.6288
18.5251
18.3762
18.2642
18.2288
18.166
18.0892
18.0204
17.8607
17.8309
17.6915
17.574
17.534
17.4511
17.4235
17.3868
17.3074
17.2875
17.2447
17.1446
17.1258
17.0697
17.0231
16.9334
16.8428
16.7702
16.6836
16.622
16.5408
16.4805
16.3301
16.248
16.231
16.1625
16.1149
16.0418
15.9788
15.9504
15.876
15.8206
15.7807
15.6895
15.6371
15.5518
15.4601
15.3908
15.3473
15.2979
15.2044
15.1545
15.064
15.0367
14.9844
14.924
14.8648
14.7916
14.7183
14.6371
14.6262
14.5577
14.5148
14.433
14.278
14.2539
14.2039
14.1668
14.0874
14.0611
13.9883
13.9534
13.8948
13.8528
13.7643
13.6677
13.641
13.6055
13.5423
13.4766
13.4282
13.3566
13.2967
13.2258
13.1829
13.1374
13.0455
12.9869
12.9214
12.8348
12.7707
12.7074
12.6577
12.5804
12.5562
12.4778
12.4325
12.3848
12.3269
12.2986
12.1806
12.1374
12.0873
12.0205
11.9817
11.835
11.7766
11.7013
11.691
11.6302
11.5831
11.5362
11.4837
11.4651
11.3915
11.3329
11.2142
11.1642
11.1334
11.0769
11.0391
10.9809
10.9134
10.8032
10.7646
10.7336
10.6228
10.5933
10.5697
10.5233
10.4623
10.4323
10.3828
10.3136
10.2747
10.2289
10.1769
10.1417
10.0415
9.96433
9.95886
9.90205
9.85905
9.82275
9.75242
9.6366
9.60294
9.51322
9.46237
9.437
9.42365
9.38709
9.34121
9.31049
9.27709
9.22402
9.16612
9.11837
9.04043
8.98341
8.93694
8.88641
8.86825
8.80372
8.68311
8.64298
8.58395
8.53306
8.51176
8.44056
8.36945
8.36133
8.33586
8.27391
8.21584
8.1731
8.15131
8.11955
8.0588
8.03844
7.99295
7.9768
7.93377
7.84202
7.80528
7.78143
7.74165
7.69566
7.64518
7.59793
7.55448
7.49577
7.43501
7.42349
7.37049
7.34109
7.29845
7.2386
7.20403
7.18639
7.17635
7.14492
7.10316
7.05231
7.00639
6.97554
6.90118
6.8444
6.81041
6.78251
6.73949
6.71521
6.66444
6.64132
6.60027
6.58396
6.57259
6.52047
6.48839
6.46042
6.39522
6.35352
6.3055
6.28815
6.28506
6.21207
6.20848
6.16699
6.12405
6.09145
6.0553
6.03391
6.01081
5.98276
5.94898
5.89389
5.86911
5.84249
5.81721
5.78409
5.76556
5.74452
5.73615
5.70092
5.67407
5.62467
5.57456
5.52338
5.49502
5.47816
5.40207
5.38704
5.37657
5.36585
5.33615
5.30054
5.23349
5.21612
5.17883
5.17582
5.16576
5.12804
5.10007
5.08249
5.06334
5.00361
4.97974
4.94452
4.91597
4.89918
4.87247
4.81974
4.80448
4.78989
4.73906
4.72654
4.71077
4.70059
4.67751
4.65831
4.63791
4.62947
4.58941
4.57612
4.5705
4.54886
4.51015
4.48151
4.4725
4.45788
4.43882
4.43187
4.4156
4.40018
4.37393
4.35771
4.31518
4.28338
4.25582
4.25553
4.244
4.22551
4.19937
4.18504
4.16711
4.16357
4.14313
4.10471
4.08283
4.05459
4.02265
4.01774
4.00064
3.99499
3.97471
3.95331
3.93268
3.91123
3.893
3.86002
3.84282
3.8343
3.82631
3.8012
3.78096
3.77903
3.73861
3.71808
3.70278
3.6989
3.69306
3.68565
3.6787
3.65702
3.64797
3.62258
3.6135
3.60153
3.59241
3.58389
3.55625
3.53383
3.52575
3.51776
3.49142
3.48281
3.47067
3.45509
3.44669
3.42466
3.41649
3.4119
3.40371
3.39376
3.36633
3.34645
3.33871
3.31926
3.3091
3.30678
3.30401
3.28692
3.2831
3.27315
3.25115
3.23412
3.20275
3.1988
3.19793
3.18096
3.17152
3.16299
3.15606
3.14814
3.1354
3.11574
3.10364
3.06173
3.04949
3.04395
3.03204
3.01823
3.01345
2.99352
2.98711
2.97857
2.96323
2.9533
2.94961
2.9393
2.93071
2.92345
2.90663
2.89223
2.87966
2.86989
2.86784
2.83962
2.82155
2.81522
2.8125
2.81043
2.80055
2.77872
2.76874
2.74744
2.73774
2.7262
2.70753
2.69164
2.679
2.66988
2.65452
2.63768
2.61329
2.59549
2.59008
2.57402
2.55456
2.54615
2.53766
2.51313
2.50223
2.49674
2.49085
2.48168
2.463
2.45583
2.45076
2.44279
2.43547
2.40135
2.39227
2.386
2.3795
2.37569
2.35933
2.34624
2.33116
2.3126
2.29713
2.27666
2.26046
2.24169
2.22087
2.21561
2.20788
2.19003
2.18002
2.16558
2.15252
2.13567
2.12235
2.11481
2.099
2.09505
2.07926
2.06593
2.05484
2.0281
2.0236
1.99872
1.97883
1.95688
1.92927
1.92045
1.90796
1.89263
1.88361
1.87211
1.86165
1.85042
1.8422
1.8306
1.81585
1.80225
1.79579
1.7653
1.7444
1.73456
1.72683
1.72235
1.70113
1.67822
1.65801
1.64739
1.63728
1.63232
