20.1812
19.9272
19.7445
19.6353
19.476
19.3231
19.2168
19.1176
19.0718
18.8927
18.7675
18.6916
18.6478
18.6118
18.4936
18.3807
18.3312
18.2422
18.1914
18.0912
18.0088
17.8937
17.7903
17.7458
17.6623
17.6388
17.5493
17.5177
17.4885
17.4707
17.3901
17.2849
17.1853
17.1258
17.083
16.9964
16.9308
16.869
16.8343
16.7835
16.7148
16.6406
16.6074
16.5461
16.4874
16.4372
16.3212
16.2295
16.084
16.0346
16.0007
15.9536
15.8418
15.8065
15.7402
15.6963
15.6702
15.5755
15.403
15.3499
15.3056
15.2237
15.2157
15.1889
15.1205
15.0754
14.9858
14.9612
14.9026
14.8445
14.7648
14.7054
14.6793
14.6029
14.5661
14.5128
14.46
14.4245
14.343
14.2911
14.173
14.0993
14.0178
13.9739
13.9205
13.8891
13.845
13.8
13.686
13.6141
13.5496
13.4826
13.4189
13.3674
13.3226
13.2065
13.1567
13.0782
12.9952
12.9424
12.9074
12.8616
12.851
12.8029
12.7486
12.7327
12.7028
12.6497
12.5959
12.5648
12.4252
12.3713
12.313
12.2007
12.1646
12.1166
12.0916
11.9945
11.8197
11.7405
11.6989
11.6538
11.5877
11.5036
11.4558
11.3582
11.3193
11.3032
11.2587
11.2279
11.14
11.0793
11.0233
10.9307
10.9172
10.8634
10.8144
10.7547
10.6861
10.6727
10.5944
10.5646
10.5161
10.4377
10.3505
10.3013
10.2249
10.1377
10.0997
10.0104
9.99009
9.96967
9.93673
9.83632
9.80848
9.79823
9.70664
9.64917
9.52656
9.49763
9.44836
9.3542
9.29143
9.26323
9.24683
9.23351
9.19997
9.12404
9.10384
9.08222
9.05523
9.0308
9.00655
8.94153
8.92698
8.85492
8.7678
8.71382
8.67249
8.60148
8.52557
8.50935
8.4892
8.41745
8.40691
8.3341
8.23058
8.21078
8.18074
8.12428
8.09439
8.05197
8.00319
7.97952
7.93076
7.86662
7.82638
7.80134
7.76988
7.71553
7.65805
7.63269
7.61835
7.5851
7.55403
7.48282
7.42061
7.36873
7.32325
7.29278
7.21956
7.17961
7.12491
7.10443
7.0538
7.00438
6.99362
6.8977
6.84307
6.81509
6.80183
6.77898
6.75413
6.70195
6.66295
6.60767
6.59021
6.56781
6.53303
6.50061
6.46224
6.42438
6.3838
6.37467
6.36461
6.33489
6.30124
6.24001
6.23258
6.22071
6.19357
6.16281
6.14542
6.10826
6.06636
6.03348
5.99543
5.95389
5.9376
5.89724
5.87758
5.82703
5.77835
5.73717
5.70454
5.67177
5.6476
5.61242
5.55437
5.53344
5.49864
5.48019
5.46412
5.4383
5.40706
5.3737
5.34881
5.32468
5.296
5.2597
5.24042
5.19214
5.18897
5.17548
5.10537
5.08197
5.05057
5.02901
5.02084
4.99611
4.96648
4.94953
4.9179
4.8903
4.85288
4.83584
4.78926
4.78146
4.74609
4.73491
4.6964
4.6806
4.65708
4.63431
4.59454
4.59349
4.58228
4.57713
4.56228
4.55578
4.52179
4.50305
4.49058
4.45546
4.44152
4.41673
4.37833
4.37078
4.34478
4.33225
4.30229
4.28151
4.25117
4.24291
4.22871
4.21587
4.20062
4.17588
4.15861
4.14207
4.11723
4.08165
4.07289
4.05127
4.02385
4.01063
3.99915
3.99482
3.97094
3.94537
3.92627
3.90633
3.89041
3.87353
3.85269
3.83062
3.81371
3.78044
3.77405
3.76939
3.76159
3.73691
3.72644
3.7184
3.70546
3.69162
3.68395
3.66743
3.64637
3.64233
3.62948
3.61384
3.59312
3.56057
3.54767
3.52733
3.51922
3.49664
3.48637
3.4788
3.45456
3.44827
3.42964
3.42305
3.4072
3.39579
3.37502
3.36746
3.34977
3.33408
3.33069
3.31897
3.3103
3.2922
3.27729
3.25555
3.23792
3.22291
3.22055
3.20965
3.19751
3.17961
3.16912
3.15876
3.14799
3.13634
3.12399
3.11811
3.08843
3.07261
3.05517
3.04896
3.02252
3.0117
3.0046
3.00161
2.99499
2.99029
2.98777
2.9681
2.95185
2.93526
2.92906
2.90468
2.89262
2.88303
2.87587
2.8657
2.85598
2.84555
2.83532
2.82766
2.81018
2.80088
2.79606
2.77239
2.75672
2.74487
2.74196
2.73543
2.7228
2.70211
2.69987
2.68488
2.66955
2.65937
2.65088
2.64633
2.61976
2.61403
2.60182
2.59036
2.58184
2.56345
2.55169
2.53566
2.52682
2.51324
2.49947
2.4747
2.45535
2.44102
2.42211
2.41665
2.38921
2.38305
2.3768
2.36595
2.35025
2.34308
2.31895
2.29883
2.2933
2.29277
2.28218
2.26928
2.24459
2.24216
2.23998
2.23452
2.22369
2.20687
2.19164
2.17357
2.15476
2.14962
2.13527
2.12214
2.10463
2.08873
2.08027
2.06847
2.0596
2.04898
2.04344
2.02752
2.01562
1.99487
1.98625
1.96329
1.95392
1.93138
1.91826
1.8979
1.88277
1.87731
1.8714
1.85229
1.84031
1.82487
1.81742
1.79583
1.78078
1.76814
1.75643
1.73899
1.72305
1.7123
1.69668
1.67505
1.65867
1.63475
1.6287
1.61238
1.57137
1.54464
1.5307
1.50632
1.50167
1.48223
1.4698
1.45565
1.44737
1.41639
1.4084
1.3955
1.38128
1.36842
1.35452
1.34499
1.33857
1.32931
1.31572
1.28719
1.27802
1.27028
1.2538
1.23922
1.22664
1.21079
1.19936
1.19014
1.17895
1.16065
1.13831
1.12719
1.12103
1.11616
1.10545
1.09395
1.07194
1.06117
1.04852
1.03475
1.02229
1.0011
0.983353
0.980769
0.954244
0.944618
0.934852
0.929193
0.920249
0.91362
0.902566
0.884345
0.874033
0.865338
0.84898
0.832691
0.822926
0.802945
0.797203
0.792135
0.78518
0.774997
0.769832
0.762889
0.754365
0.740432
0.729226
0.726881
0.715735
0.705256
0.697586
0.687524
0.681387
0.669235
0.663698
0.661584
0.653874
0.641218
0.635143
0.617909
0.615723
0.605584
0.598375
0.591392
0.585617
0.582261
0.575533
0.568287
0.558431
0.556285
0.544337
0.543301
0.538692
0.535972
0.52849
0.522662
0.515402
0.509091
0.503049
0.494887
0.484799
0.476983
0.468857
0.460776
0.450476
0.444021
0.438769
0.435898
0.430696
0.425984
0.422286
0.417305
0.410648
0.404158
0.397645
0.394033
0.391318
0.386314
0.382737
0.381726
0.377016
0.37014
0.367601
0.363832
0.360341
0.359133
0.353366
0.351355
0.347689
0.344171
0.338217
0.332257
0.329045
0.325494
0.323819
0.318603
0.31315
0.307083
0.303345
0.30008
0.298637
0.297282
0.294367
0.291453
0.288223
0.285746
0.282836
0.278382
0.276761
0.275557
0.269282
0.264987
0.260673
0.259501
0.256969
0.254578
0.251108
0.24796
0.244403
0.240125
0.237144
0.236754
0.2322
0.228538
0.22515
0.223378
0.221197
0.217242
0.213211
0.210087
0.207356
0.205555
0.200825
0.198328
0.19532
0.194004
0.192566
0.190253
0.188744
0.186316
0.185414
0.182745
0.18025
0.178649
0.177462
0.175651
0.174343
0.172308
0.171267
0.170101
0.166872
0.164389
0.162899
0.162346
0.160431
0.158977
0.157355
0.155137
0.152702
0.149802
0.147556
0.146607
0.14584
0.142594
0.141632
0.140816
0.139364
0.137215
0.136242
0.134367
0.132022
0.130011
0.128728
0.126585
0.125683
0.124764
0.123581
0.122947
0.122482
0.121364
0.119987
0.118902
0.118022
0.116704
0.115318
0.113913
0.11284
0.111893
0.109642
0.108754
0.107515
0.106921
0.105571
0.105252
0.104296
0.102907
0.102095
0.10061
0.100152
0.0986019
0.0964595
0.0955253
0.0949146
0.0940457
0.0922746
0.0914862
0.0891738
0.0883172
0.0869343
0.0860992
0.0858953
0.084739
0.083949
0.0835736
0.0831323
0.0821286
0.0805212
0.0795336
0.0785326
0.0782453
0.0769725
0.0763618
0.0760278
0.0749799
0.0739374
0.0732996
0.0724177
0.0722358
0.0715062
0.0709747
0.0705667
0.0699186
0.0687808
0.0686856
0.067989
0.0672072
0.066362
0.0657957
0.0655647
0.0648599
0.0646648
0.0641873
0.0633853
0.0625473
0.0618618
0.061499
0.0609422
0.0603321
0.059837
0.0594728
0.0588528
0.0584347
0.0571578
0.0568022
0.0563778
0.05572
0.0552238
0.0546927
0.0539765
0.0536627
0.0534064
0.0529702
0.0524066
0.0515301
0.0512127
0.0507214
0.0499751
0.0498277
0.0493443
0.0491046
0.0487412
0.0475361
0.0471558
0.0465113
0.0459924
0.045204
0.0448763
0.0445792
0.0442628
0.0436963
0.0432805
0.0430266
0.0426746
0.0423139
0.0419019
0.0415088
0.041171
0.0407566
0.0405612
0.0401283
0.0398336
0.0397455
0.0392202
0.0386293
0.0384141
0.0381517
0.0378037
0.0375441
0.0372934
0.0369065
0.036181
0.0360241
0.0356484
0.0353066
0.0348732
0.0345304
0.034141
0.0339467
0.0337035
0.0332207
0.0327786
0.0323677
0.0321399
0.0319855
0.0317498
0.0312279
0.0309947
0.0306307
0.0304993
0.0301079
0.029731
0.0294274
0.029161
0.028984
0.0289131
0.028683
0.0283982
0.0279882
0.0276865
0.0272362
0.0270394
0.0265901
0.026435
0.0261108
0.0259634
0.0255187
0.0252631
0.0251853
0.024983
0.0248996
0.024681
0.0244241
0.0242708
0.0240905
0.0239981
0.0236754
0.0235442
0.0231783
0.0229746
0.0228121
0.0225531
0.0224896
0.0221915
0.022041
0.0217225
0.0214834
0.0214038
0.0212154
0.0208943
0.020798
0.0206572
0.0204941
0.0202924
0.0201662
0.0198888
0.0196146
0.0194896
0.0192915
0.0191685
0.0188737
0.0186825
0.0185344
0.0184168
0.0182525
0.0182146
0.017987
0.0178822
0.0176784
0.0175609
0.0174112
0.0172238
0.0170074
0.0168706
0.0166344
0.0165516
0.0164562
0.0163551
0.0163404
0.0161781
0.016003
0.0158718
0.0156709
0.0155377
0.0153647
0.0152139
0.0150203
0.0148564
0.0147521
0.0146365
0.0144094
0.0142604
0.0141671
0.013986
0.0138483
0.0136886
0.0135285
0.0133558
0.0132865
0.0131785
0.0130924
0.0129132
0.0127988
0.0126911
0.0125636
0.0125111
0.0124578
0.012304
0.0121186
0.0120209
0.0119253
0.0118633
0.0117197
0.0116203
0.011579
0.0114809
0.0113799
0.0112603
0.0111436
0.0110288
0.0108987
0.0108181
0.0106685
0.0105685
0.010501
0.0102989
0.0102416
0.0102146
0.0101451
0.0100548
0.00998436
0.00990208
0.0097784
0.00964796
0.00960388
0.0095786
0.00947406
0.00937421
0.00929266
0.00925173
0.00918356
0.00906894
0.00904334
0.00901134
0.00887347
0.0087671
0.00871691
0.00866341
0.00860324
0.00851892
0.00840738
0.00838801
0.00835755
0.00827866
0.00818406
0.00813612
0.00797439
0.00790506
0.0078229
0.00778431
0.00775424
0.0076802
0.00760459
0.00747782
0.00740809
0.00729712
0.00722079
0.00718691
0.00715153
0.00710297
0.00707939
0.00696845
0.00689285
0.00684294
0.00682064
0.00677691
0.00671555
0.00660138
0.00651945
0.00647542
0.00640614
0.00634173
0.0063104
0.00626369
0.00622074
0.00614125
0.00612303
0.00610907
0.0060694
0.00601065
0.00597862
0.00593152
0.00588113
0.00585859
0.00579394
0.00576898
0.00574003
0.00569527
0.00564223
0.00557165
0.00546357
0.00542338
0.0054104
0.005325
0.00528198
0.0052331
0.00521324
0.00519117
0.00512236
0.00503569
0.00496797
0.00493592
0.00487014
0.00482459
0.00480526
0.00478356
0.00474496
0.00470357
0.00464207
0.00458979
0.00456154
0.00450501
0.00446244
0.00444052
0.00441187
0.00440296
0.00436863
0.00431698
0.00427568
0.00424977
0.00415549
0.00412081
0.00408392
0.00406102
0.00401842
0.003993
0.0039628
0.00393389
0.00388582
0.00383503
0.00378053
0.00372897
0.00369493
0.00364347
0.00361417
0.00358866
0.00356297
0.00353711
0.00350612
0.00350371
0.00345652
0.00341979
0.00339521
0.00336449
0.00333839
0.00329446
0.00327725
0.00324682
0.00322583
0.00317896
0.00314978
0.00314
0.00311532
0.00305872
0.00304618
0.00304031
0.00300017
0.00298689
0.00296985
0.00295069
0.00291569
0.00288912
0.0028832
0.002858
0.00284101
0.00283619
0.00280697
0.00278471
0.00274245
0.00269759
0.00268521
0.00266201
0.00264993
0.00262289
0.00259765
0.00255561
0.00255188
0.00253833
0.00252412
0.00250243
0.00247191
0.00246637
0.00243491
0.00240697
0.00239909
0.0023747
0.00235917
0.00234081
0.00230789
0.0022582
0.00222972
0.00222059
0.00220437
0.00219027
0.00217535
0.00216513
0.00216068
0.00212893
0.00209934
0.00208025
0.00205249
0.00204083
0.00202411
0.00201657
0.00198278
0.00195984
0.00194226
0.00192746
0.00190982
0.0019056
0.0019032
0.00188154
0.00186298
0.00185178
0.00182806
0.00181818
0.00180133
0.00178624
0.00177387
0.00175087
0.00171963
0.00170791
0.00170229
0.00169297
0.00167175
0.00166251
0.00164172
0.00163003
0.00161983
0.00161429
0.00159847
0.00158922
0.00156582
0.00155111
0.00153677
0.00152153
0.00151263
0.00150553
0.00149604
0.00148395
0.00147303
0.00145927
0.00143738
0.00142839
0.00141343
0.00140961
0.00139166
0.00137544
0.00136289
0.00134285
0.00132612
0.00131936
0.00130904
0.00129787
0.00129009
0.00127386
0.00126717
0.00126237
0.00125109
0.00124253
0.00122229
0.00121141
0.00120502
0.00118345
0.0011722
0.00116212
0.0011529
0.00114938
0.00112897
0.00112098
0.00111277
0.00110762
0.00109922
0.00109587
0.00108195
0.00107073
0.00106954
0.00106123
0.00105936
0.00105686
0.00104041
0.00103185
0.00102335
0.0010132
0.00100636
0.000998145
0.000984635
0.000983962
0.000973271
0.000970787
0.000962205
0.000950232
0.000948956
0.000937755
0.000923833
0.000915702
0.000908707
0.000901495
0.000894751
0.000883526
0.000880293
0.000872756
0.000851226
0.000843631
0.000838515
0.000825689
0.000818784
0.000812867
0.000808133
0.000802617
0.000798271
0.000788086
0.000775536
0.00076764
0.000763618
0.000759723
0.000755786
0.000747717
0.000743936
0.000736043
0.00072409
0.000721082
0.000711622
0.000706437
0.000700035
0.000691996
0.000687579
0.000681256
0.000676425
0.000673634
0.000664219
0.000655672
0.000651176
0.00064693
0.00063726
0.000632342
0.000626313
0.000619834
0.00061789
0.000614209
0.000610498
0.000604899
0.000601895
0.000596017
0.000593041
0.000591751
0.000583387
0.000580994
0.00057499
0.000573541
0.000568936
0.000563444
0.000557907
0.000555842
0.000553445
0.000544166
0.000540684
0.00053435
0.000532206
0.000522191
0.000513691
0.000511846
0.000509998
0.000505851
0.000504844
0.000501498
0.000495964
0.000489016
0.000483053
0.000475826
0.000474085
0.000472179
0.00047027
0.00046481
0.000462632
0.00045712
0.000452665
0.000447218
0.000441219
0.000437914
0.000436647
0.000433932
0.000429655
0.000426133
0.00042095
0.000418645
0.000411629
0.00040475
0.000400472
0.000398121
0.000395109
0.000391655
0.000389882
0.00038695
0.000383531
0.000382223
0.000380452
0.000377344
0.000371782
0.000368511
0.000364919
0.000363214
0.000361445
0.000359155
0.000357301
0.00035473
0.00034858
0.000345894
0.000344396
0.000342483
0.000339932
0.000335852
0.00033203
0.000329848
0.000328197
0.000324534
0.0003221
0.000319825
0.000313805
0.000308533
0.000306698
0.000302787
0.000299347
0.000297185
0.000296621
0.000292476
0.000289686
0.000288076
0.0002853
0.000284716
0.000282661
0.00027983
0.000277429
0.000274557
0.000270343
0.000267032
0.00026459
0.000261822
0.000261069
0.000258637
0.000255427
0.000254062
0.000252581
0.000251122
0.000248579
0.000246219
0.000244254
0.000241752
0.000239758
0.000238438
0.000237755
0.000236176
0.0002329
0.000231471
0.00022962
0.000227415
0.00022616
0.000224573
0.000222011
0.000219729
0.000217824
0.000216302
0.000213817
0.000211468
0.000210047
0.000208965
0.00020775
0.000205578
0.000202534
0.000201357
0.000200519
0.000198831
0.000196701
0.000195452
0.00019346
0.000191583
0.000189958
0.000188373
0.000187042
0.000186542
0.000184356
0.000182156
0.000178526
0.000178248
0.000175976
0.000173769
0.000172421
0.000171263
0.000168698
0.000167794
0.000166014
0.00016368
0.00016267
0.000161939
0.000160478
0.000157745
0.000157426
0.000156904
0.00015657
0.000155946
0.000155252
0.000153509
0.000152442
0.000150655
0.000149097
0.00014862
0.000146716
0.000144802
0.000142459
0.000142132
0.000139387
0.000138554
0.000137146
0.000136333
0.000135489
0.000134558
0.000132961
0.000132132
0.000131099
0.000130078
0.00012847
0.000127273
0.000125883
0.000123925
0.000122539
0.00012201
0.000121456
0.000121013
0.00012072
0.00011976
0.000117512
0.000117334
0.000115616
0.00011494
0.000113479
0.000112637
0.000112034
0.000110816
0.000110183
0.000108916
0.000107936
0.000106306
0.00010563
0.000104625
0.000104531
0.00010321
0.000102135
0.000101823
0.000100878
0.000100313
9.95493e-005
9.91421e-005
9.84532e-005
9.70253e-005
9.62031e-005
9.45372e-005
9.31562e-005
9.26637e-005
9.20394e-005
9.09463e-005
8.98045e-005
8.93195e-005
8.88487e-005
8.84851e-005
8.78829e-005
8.73632e-005
8.67918e-005
8.62891e-005
8.56041e-005
8.48597e-005
8.37062e-005
8.25575e-005
8.20023e-005
8.07798e-005
8.043e-005
7.96311e-005
7.92711e-005
7.86532e-005
7.75693e-005
7.71625e-005
7.67927e-005
7.63176e-005
7.5242e-005
7.45447e-005
7.38417e-005
7.37836e-005
7.33182e-005
7.27751e-005
7.23664e-005
7.2062e-005
7.0607e-005
7.02501e-005
6.9489e-005
6.87195e-005
6.81248e-005
6.73085e-005
6.6812e-005
6.64104e-005
6.60101e-005
6.50722e-005
6.47003e-005
6.40858e-005
6.36913e-005
6.24584e-005
6.18585e-005
6.12882e-005
6.1186e-005
6.09196e-005
6.05065e-005
5.95611e-005
5.90547e-005
5.84893e-005
5.80684e-005
5.74454e-005
5.70477e-005
5.63061e-005
5.61881e-005
5.59312e-005
5.54182e-005
5.48928e-005
5.4494e-005
5.37382e-005
5.34802e-005
5.30353e-005
5.2269e-005
5.14669e-005
5.11072e-005
5.07227e-005
4.99666e-005
4.96576e-005
4.91056e-005
4.84739e-005
4.82429e-005
4.77678e-005
4.70959e-005
4.66251e-005
4.59985e-005
4.58633e-005
4.57097e-005
4.54331e-005
4.52244e-005
4.48147e-005
4.44908e-005
4.4223e-005
4.38883e-005
4.36753e-005
4.32244e-005
4.30851e-005
4.27301e-005
4.22682e-005
4.19988e-005
4.16222e-005
4.11508e-005
4.09083e-005
4.06615e-005
4.01621e-005
3.98269e-005
3.95406e-005
3.93213e-005
3.89243e-005
3.8679e-005
3.8473e-005
3.80064e-005
3.76554e-005
3.72098e-005
3.66905e-005
3.64216e-005
3.58252e-005
3.56141e-005
3.51889e-005
3.47517e-005
3.44623e-005
3.43125e-005
3.40509e-005
3.36171e-005
3.34197e-005
3.3e-005
3.25973e-005
3.24984e-005
3.22811e-005
3.1995e-005
3.18126e-005
3.13138e-005
3.10313e-005
3.08553e-005
3.06654e-005
3.05067e-005
3.00923e-005
2.96426e-005
2.95032e-005
2.9332e-005
2.90203e-005
2.87281e-005
2.85537e-005
2.82415e-005
2.79155e-005
2.76128e-005
2.73535e-005
2.71564e-005
2.69529e-005
2.67387e-005
2.64355e-005
2.62431e-005
2.60636e-005
2.59215e-005
2.57425e-005
2.56013e-005
2.55066e-005
2.53136e-005
2.50648e-005
2.49137e-005
2.47241e-005
2.46196e-005
2.45264e-005
2.42924e-005
2.40607e-005
2.38388e-005
2.36358e-005
2.32605e-005
2.318e-005
2.27889e-005
2.25105e-005
2.2304e-005
2.21924e-005
2.21032e-005
2.19208e-005
2.16878e-005
2.14137e-005
2.12284e-005
2.11025e-005
2.0963e-005
2.04967e-005
2.02329e-005
2.00224e-005
1.98849e-005
1.97638e-005
1.95178e-005
1.94046e-005
1.92917e-005
1.90949e-005
1.89553e-005
1.87685e-005
1.85559e-005
1.8491e-005
1.84005e-005
1.82684e-005
1.8229e-005
1.79522e-005
1.77783e-005
1.7623e-005
1.75172e-005
1.73541e-005
1.71916e-005
1.70947e-005
1.70169e-005
1.67139e-005
1.66812e-005
1.65679e-005
1.64006e-005
1.62998e-005
1.61521e-005
1.60708e-005
1.58957e-005
1.5646e-005
1.55345e-005
1.53981e-005
1.51287e-005
1.50919e-005
1.50268e-005
1.4971e-005
1.48035e-005
1.45574e-005
1.44246e-005
1.43218e-005
1.42372e-005
1.41128e-005
1.39167e-005
1.38649e-005
1.38076e-005
1.3703e-005
1.35885e-005
1.33625e-005
1.33077e-005
1.32674e-005
1.31503e-005
1.30706e-005
1.29752e-005
1.28547e-005
1.26542e-005
1.25685e-005
1.24314e-005
1.24028e-005
1.22391e-005
1.20399e-005
1.19484e-005
1.18163e-005
1.17584e-005
1.16364e-005
1.14894e-005
1.14866e-005
1.14221e-005
1.13364e-005
1.11796e-005
1.11565e-005
1.10186e-005
1.0841e-005
1.0693e-005
1.05373e-005
1.04185e-005
1.03498e-005
1.03141e-005
1.0172e-005
1.01022e-005
9.97156e-006
9.9195e-006
9.91019e-006
9.72644e-006
9.71971e-006
9.64383e-006
9.59103e-006
9.4891e-006
9.44049e-006
9.40882e-006
9.33392e-006
9.18184e-006
9.0514e-006
9.03671e-006
8.94771e-006
8.90898e-006
8.80786e-006
8.68104e-006
8.54702e-006
8.49948e-006
8.44845e-006
8.31088e-006
8.27018e-006
8.23373e-006
8.19578e-006
8.12678e-006
8.02281e-006
7.99366e-006
7.92908e-006
7.86179e-006
7.85982e-006
7.76313e-006
7.73514e-006
7.66067e-006
7.59862e-006
7.5512e-006
7.47265e-006
7.39824e-006
7.35167e-006
7.30543e-006
7.24842e-006
7.17777e-006
7.103e-006
7.03357e-006
6.95484e-006
6.89396e-006
6.81871e-006
6.71986e-006
6.65705e-006
6.63699e-006
6.55661e-006
6.54244e-006
6.45282e-006
6.43653e-006
6.27759e-006
6.21949e-006
6.1801e-006
6.13801e-006
6.08145e-006
6.04639e-006
6.02042e-006
5.96078e-006
5.91777e-006
5.86389e-006
5.79475e-006
5.77889e-006
5.68971e-006
5.6405e-006
5.548e-006
5.51453e-006
5.45639e-006
5.42053e-006
5.3929e-006
5.35889e-006
5.26423e-006
5.20486e-006
5.15379e-006
5.1252e-006
5.09407e-006
5.07787e-006
5.05024e-006
4.99006e-006
4.9671e-006
4.92314e-006
4.89006e-006
4.84883e-006
4.81842e-006
4.73671e-006
4.69732e-006
4.67235e-006
4.63161e-006
4.60443e-006
4.5325e-006
4.5027e-006
4.44707e-006
4.39289e-006
4.31828e-006
4.29414e-006
4.23439e-006
4.17267e-006
4.15767e-006
4.13208e-006
4.11272e-006
4.08943e-006
4.04844e-006
4.01957e-006
3.97075e-006
3.94553e-006
3.91212e-006
3.89716e-006
3.87375e-006
3.84934e-006
3.81903e-006
3.77863e-006
3.7489e-006
3.73771e-006
3.7047e-006
3.67072e-006
3.65072e-006
3.62069e-006
3.59257e-006
3.52692e-006
3.4878e-006
3.47615e-006
3.43661e-006
3.35576e-006
3.33456e-006
3.30284e-006
3.2931e-006
3.24094e-006
3.22206e-006
3.20244e-006
3.17163e-006
3.13871e-006
3.1152e-006
3.0595e-006
3.03929e-006
3.03661e-006
2.9853e-006
2.94155e-006
2.92326e-006
2.90864e-006
2.86495e-006
2.85547e-006
2.82342e-006
2.79024e-006
2.76606e-006
2.74235e-006
2.73263e-006
2.71581e-006
2.69724e-006
2.68275e-006
2.6427e-006
2.63125e-006
2.61238e-006
2.58485e-006
2.57183e-006
2.55083e-006
2.54713e-006
2.52308e-006
2.49483e-006
2.47594e-006
2.46212e-006
2.43889e-006
2.42064e-006
2.40746e-006
2.38759e-006
2.36667e-006
2.34791e-006
2.33574e-006
2.32558e-006
2.31399e-006
2.28264e-006
2.26611e-006
2.2519e-006
2.22368e-006
2.20747e-006
2.18807e-006
2.16741e-006
2.15759e-006
2.14562e-006
2.12556e-006
2.11479e-006
2.09276e-006
2.06434e-006
2.04987e-006
2.00835e-006
1.99959e-006
1.96289e-006
1.93218e-006
1.91166e-006
1.89973e-006
1.88206e-006
1.85756e-006
1.84845e-006
1.83907e-006
1.82632e-006
1.81947e-006
1.81555e-006
1.77383e-006
1.75728e-006
1.74531e-006
1.74356e-006
1.74144e-006
1.72835e-006
1.71624e-006
1.69225e-006
1.66929e-006
1.65233e-006
1.63954e-006
1.62653e-006
1.60657e-006
1.59891e-006
1.5844e-006
1.57314e-006
1.57105e-006
1.54892e-006
1.52071e-006
1.5078e-006
1.49762e-006
1.48507e-006
1.47847e-006
1.45573e-006
1.44732e-006
