613.362
613.362
613.362
613.362
613.362
613.362
536.723
536.723
536.723
536.723
536.723
536.723
448.815
448.815
448.815
448.815
448.815
448.815
448.815
406.681
406.681
406.681
406.681
351.416
249.33
249.33
249.33
249.33
249.33
249.33
239.161
239.161
229.584
229.584
229.584
202.961
190.025
190.025
182.793
135.581
135.581
135.581
135.581
135.581
117.287
117.287
117.287
117.287
90.1382
90.1382
90.1382
90.1382
90.1382
69.6673
69.6673
69.6673
69.6673
69.6673
69.6673
69.6673
69.6673
69.6673
69.6673
52.5662
52.5662
52.5662
52.5662
52.5662
52.5662
52.5662
52.5662
52.0412
51.3065
46.9831
46.9831
44.1976
44.1976
44.1976
39.1367
39.1367
39.1367
39.1367
37.4925
36.8504
30.9858
30.3418
29.684
29.684
29.684
29.684
28.7924
28.7417
28.7417
28.7417
24.0078
24.0078
20.7396
20.7098
20.5747
18.0677
18.0677
15.445
15.445
15.445
15.445
15.445
13.8698
13.8698
13.1481
13.1481
12.8152
12.8152
12.6064
12.6064
12.6064
12.6064
12.6064
12.6064
12.283
9.53747
9.53747
8.64952
8.64952
8.64952
8.64952
8.64952
8.64952
8.64952
8.64952
7.57312
7.57312
7.57312
7.57312
7.55385
7.55385
5.62167
5.62167
5.62167
5.62167
5.62167
5.62167
5.62167
5.62167
5.62167
5.19638
5.19638
5.19638
5.19638
4.52884
4.52884
3.99025
3.99025
3.99025
3.99025
3.99025
3.99025
3.99025
3.7421
3.7421
3.7421
3.7421
2.96568
2.96568
2.96568
2.96568
2.90491
2.90491
2.90491
2.68665
2.68665
2.68665
2.68665
2.68665
2.35698
2.35698
2.35698
2.35698
2.31181
2.31181
2.31181
2.14572
1.95411
1.95411
1.95411
1.95411
1.82001
1.82001
1.82001
1.78317
1.70941
1.70941
1.61809
1.61809
1.61809
1.61809
1.61809
1.53952
1.53952
1.48448
1.48448
1.48448
1.41828
1.41828
1.32444
1.32444
1.32444
1.30004
1.30004
1.30004
1.30004
1.30004
1.28985
1.28985
1.28985
1.28985
1.23034
1.23034
1.23034
1.23034
1.23034
1.23034
1.23034
1.23034
1.23034
1.16808
1.16808
1.16808
1.16808
1.15304
1.15304
1.15304
1.15304
1.12666
1.12666
1.10689
1.10449
1.10449
1.10449
1.10396
1.08149
1.08149
1.08149
1.07354
1.07073
1.07073
1.07073
1.07073
1.06522
1.05823
1.05823
1.05823
1.05823
1.05439
1.04497
1.04497
1.04497
1.04203
1.04203
1.04203
1.03915
1.03915
1.03915
1.03755
1.03545
1.03545
1.03431
1.02515
1.02515
1.02515
1.02515
1.02342
1.02342
1.02342
0.977915
0.977915
0.977915
0.977915
0.977915
0.977915
0.977915
0.977915
0.977915
0.977915
0.977915
0.972333
0.972333
0.972333
0.972333
0.972333
0.972333
0.972333
0.972115
0.917438
0.917438
0.917438
0.917438
0.917438
0.917438
0.917438
0.917438
0.917438
0.917438
0.83899
0.83899
0.83899
0.827652
0.827652
0.827652
0.827652
0.827652
0.827652
0.827652
0.827652
0.827652
0.827652
0.827652
0.827652
0.827652
0.827652
0.827652
0.827652
0.827652
0.827652
0.827652
0.814308
0.814308
0.814308
0.759388
0.759388
0.758915
0.758915
0.758915
0.758915
0.758915
0.758915
0.744409
0.744409
0.744409
0.728193
0.728193
0.707592
0.707592
0.707592
0.707592
0.707592
0.707592
0.707592
0.68682
0.639637
0.639637
0.639637
0.639637
0.607546
0.607546
0.568507
0.568507
0.5371
0.5371
0.5371
0.5371
0.5371
0.5371
0.516401
0.476445
0.437212
0.437212
0.437212
0.437212
0.437212
0.437212
0.437212
0.436761
0.436761
0.377259
0.361038
0.361038
0.361038
0.361038
0.359269
0.359269
0.359269
0.359269
0.352022
0.283912
0.283912
0.27332
0.228955
0.228955
0.228955
0.228955
0.226798
0.225601
0.225601
0.225601
0.225601
0.225601
0.225601
0.225601
0.225601
0.210028
0.203183
0.184173
0.179392
0.179392
0.179392
0.179392
0.150466
0.150466
0.150466
0.150466
0.150286
0.145481
0.12038
0.105724
0.105724
0.105724
0.0856124
0.0826552
0.0826552
0.0826552
0.0826552
0.0826552
0.0826552
0.0826552
0.081879
0.0719063
0.0719063
0.0719063
0.0719063
0.0564557
0.0564557
0.0564557
0.0564557
0.0559005
0.0559005
0.0559005
0.0378045
0.0378045
0.0378045
0.0378045
0.0378045
0.0378045
0.0366981
0.0326569
0.0324244
0.0324244
0.0324244
0.0324244
0.0324244
0.026875
0.026875
0.026875
0.026875
0.026875
0.026875
0.026875
0.0214728
0.0214728
0.0214728
0.0214728
0.0178276
0.0178276
0.0178276
0.0178276
0.0178276
0.0178276
0.0178276
0.0178276
0.0178276
0.0151693
0.0131721
0.0131721
0.0131721
0.0131721
0.0131721
0.0104145
0.0104145
0.0104145
0.0104145
0.0104145
0.00997293
0.00997293
0.00957683
0.00957683
0.00957683
0.00830647
0.0082572
0.0082572
0.0082063
0.0082063
0.00814863
0.00814863
0.00689899
0.00689899
0.0049252
0.0049252
0.0049252
0.0049252
0.0049252
0.0049252
0.00442887
0.00442887
0.00442887
0.00442887
0.0039973
0.0039973
0.0039973
0.00360181
0.00359422
0.00345644
0.00316651
0.00316651
0.0030696
0.0030696
0.0030696
0.00232538
0.00232538
0.00232538
0.00232538
0.00232538
0.00232538
0.00232538
0.00232538
0.00232538
0.00232538
0.00160362
0.00160362
0.00160362
0.00140725
0.00140725
0.00140725
0.00140725
0.00110432
0.00110432
0.00110432
0.00110432
0.00110432
0.00110432
0.000884939
0.000884939
0.000884939
0.000884939
0.000884939
0.000884939
0.000884939
0.000755515
0.000755515
0.000755515
0.000755515
0.000755515
0.000716482
0.000716482
0.000716482
0.000716482
0.000716482
0.000504132
0.000504132
0.000504132
0.000504132
0.000504132
0.000461556
0.000461556
0.000461556
0.000461556
0.000460797
0.000427302
0.00038317
0.00038317
0.000360448
0.000360448
0.000272854
0.000272854
0.000272854
0.000272595
0.000272595
0.000271563
0.000271563
0.000271563
0.000213122
0.00020286
0.000153559
0.000153559
0.000153559
0.000153559
0.000153559
0.000153559
0.000153559
0.00013105
0.00013105
0.00013105
9.97132e-005
9.97132e-005
9.97132e-005
9.97132e-005
9.27386e-005
9.27386e-005
9.27386e-005
9.00769e-005
8.34005e-005
7.18689e-005
7.18689e-005
6.38919e-005
6.38919e-005
6.38919e-005
6.38919e-005
6.33009e-005
6.33009e-005
6.33009e-005
6.33009e-005
6.04891e-005
6.04891e-005
5.03988e-005
5.03988e-005
5.03988e-005
4.49378e-005
4.33935e-005
4.33935e-005
4.33935e-005
4.33935e-005
3.25422e-005
3.25422e-005
3.25422e-005
3.25422e-005
3.25422e-005
3.25422e-005
3.09837e-005
3.06864e-005
3.06864e-005
3.06864e-005
3.06864e-005
3.06864e-005
2.63886e-005
2.63886e-005
2.63886e-005
2.63886e-005
2.63886e-005
1.70389e-005
1.70389e-005
1.70389e-005
1.70389e-005
1.70389e-005
1.70389e-005
1.70389e-005
1.70389e-005
1.70389e-005
1.70389e-005
1.63916e-005
1.63916e-005
1.52294e-005
1.52294e-005
1.17883e-005
1.17883e-005
1.17883e-005
1.17883e-005
1.17883e-005
1.17883e-005
1.17883e-005
1.14419e-005
1.14419e-005
1.14419e-005
8.84348e-006
8.84348e-006
8.84348e-006
8.84348e-006
8.84348e-006
6.69702e-006
6.69702e-006
6.69702e-006
6.69702e-006
6.69702e-006
6.69702e-006
6.69702e-006
6.59423e-006
6.59423e-006
6.59423e-006
6.59423e-006
5.03435e-006
3.74824e-006
3.74824e-006
3.74824e-006
3.74824e-006
3.74824e-006
3.74824e-006
3.74824e-006
3.61156e-006
3.61156e-006
3.61156e-006
3.36258e-006
3.36258e-006
3.36258e-006
3.23912e-006
2.99931e-006
2.99931e-006
2.99931e-006
2.99931e-006
2.99931e-006
2.99931e-006
1.93474e-006
1.93474e-006
1.93474e-006
1.93474e-006
1.93474e-006
1.93474e-006
1.93474e-006
1.93474e-006
1.65785e-006
1.65785e-006
1.65785e-006
1.28777e-006
1.28777e-006
1.27411e-006
1.27411e-006
1.27411e-006
1.22526e-006
1.17238e-006
8.97937e-007
8.80587e-007
8.80587e-007
8.29876e-007
8.29876e-007
8.29876e-007
8.29876e-007
7.52288e-007
7.52288e-007
7.52288e-007
7.52288e-007
7.52288e-007
6.15755e-007
6.15755e-007
6.15755e-007
6.15755e-007
6.15755e-007
3.94079e-007
3.94079e-007
3.94079e-007
3.94079e-007
3.94079e-007
3.94079e-007
3.94079e-007
3.94079e-007
3.94079e-007
3.92373e-007
3.92373e-007
2.976e-007
2.976e-007
2.976e-007
2.976e-007
2.976e-007
2.976e-007
2.976e-007
2.976e-007
2.976e-007
2.39359e-007
2.39359e-007
2.39359e-007
2.39359e-007
2.23537e-007
1.93135e-007
1.93135e-007
1.90443e-007
1.90443e-007
1.90443e-007
1.90443e-007
1.60139e-007
1.58482e-007
1.58482e-007
1.26245e-007
1.26245e-007
1.26245e-007
1.26245e-007
1.26245e-007
1.26245e-007
1.26245e-007
1.26245e-007
1.02235e-007
1.02235e-007
1.02235e-007
1.02235e-007
1.00814e-007
1.00814e-007
8.96495e-008
8.96495e-008
8.42759e-008
8.40292e-008
5.27771e-008
5.27771e-008
5.27771e-008
5.27771e-008
5.27771e-008
5.27771e-008
5.27771e-008
5.16608e-008
5.16608e-008
5.16608e-008
5.16608e-008
5.16608e-008
5.16608e-008
5.16608e-008
5.15402e-008
3.74731e-008
3.74731e-008
3.74202e-008
2.91381e-008
2.91381e-008
2.91381e-008
2.91381e-008
2.91381e-008
2.91381e-008
2.91381e-008
2.91381e-008
2.91381e-008
2.91381e-008
2.91381e-008
2.91381e-008
2.67914e-008
2.42503e-008
2.31235e-008
2.31235e-008
1.82289e-008
1.82289e-008
1.82289e-008
1.82289e-008
1.82289e-008
1.21795e-008
1.21795e-008
1.21795e-008
1.21795e-008
1.21795e-008
1.21795e-008
1.21795e-008
1.21795e-008
1.11963e-008
1.0971e-008
1.00996e-008
1.00996e-008
1.00996e-008
1.00996e-008
1.00996e-008
1.00996e-008
1.00996e-008
1.00996e-008
8.29736e-009
7.26054e-009
7.24441e-009
7.24441e-009
5.25644e-009
5.25644e-009
5.25644e-009
5.25644e-009
5.25644e-009
5.25644e-009
4.9096e-009
4.9096e-009
4.9096e-009
4.9096e-009
4.83677e-009
4.83677e-009
4.83677e-009
4.19156e-009
4.19156e-009
4.19156e-009
4.19156e-009
4.10458e-009
3.51044e-009
3.51044e-009
2.86507e-009
2.86507e-009
2.86507e-009
2.33837e-009
2.33837e-009
2.33837e-009
2.33837e-009
2.33837e-009
2.33837e-009
2.33837e-009
2.33837e-009
2.33837e-009
2.11072e-009
2.11072e-009
1.92555e-009
1.92555e-009
1.84036e-009
1.71463e-009
1.44967e-009
1.44967e-009
1.44967e-009
1.44967e-009
1.44967e-009
1.40019e-009
1.40019e-009
1.01938e-009
1.01938e-009
1.01938e-009
8.80204e-010
8.80204e-010
8.80204e-010
8.80204e-010
8.80204e-010
8.57038e-010
7.96702e-010
7.96702e-010
7.6702e-010
6.99377e-010
6.99377e-010
6.99377e-010
6.99377e-010
6.82674e-010
6.38176e-010
5.35632e-010
4.9154e-010
4.43859e-010
4.43859e-010
4.43859e-010
4.43859e-010
4.43859e-010
4.43859e-010
3.63537e-010
3.63537e-010
3.32382e-010
3.32382e-010
3.32382e-010
3.32382e-010
3.32382e-010
2.95443e-010
2.95443e-010
2.95443e-010
2.58493e-010
2.58493e-010
2.18812e-010
2.18812e-010
2.18812e-010
2.18812e-010
2.18812e-010
2.18812e-010
2.18812e-010
1.70717e-010
1.70717e-010
1.70717e-010
1.70717e-010
1.70717e-010
1.70717e-010
1.70717e-010
1.70717e-010
1.65036e-010
1.44273e-010
1.44273e-010
1.44273e-010
1.44273e-010
1.42169e-010
1.42169e-010
1.42055e-010
1.41713e-010
1.08362e-010
1.08362e-010
1.02563e-010
8.7977e-011
8.7977e-011
8.7977e-011
8.24822e-011
8.24822e-011
8.24822e-011
8.24822e-011
8.24822e-011
8.24822e-011
8.24822e-011
8.24822e-011
6.12571e-011
6.12571e-011
6.12571e-011
6.12571e-011
6.12571e-011
5.5563e-011
5.5563e-011
5.26305e-011
5.26305e-011
5.20748e-011
5.20748e-011
5.16019e-011
3.75983e-011
3.75983e-011
3.75983e-011
3.75983e-011
3.75983e-011
2.95537e-011
2.95537e-011
2.95537e-011
2.95537e-011
2.95537e-011
2.95537e-011
2.95537e-011
2.91642e-011
2.91642e-011
2.91642e-011
2.7588e-011
2.67848e-011
2.51357e-011
2.43109e-011
1.9883e-011
1.9883e-011
1.9883e-011
1.9883e-011
1.45098e-011
1.45098e-011
1.45098e-011
1.45098e-011
1.45098e-011
1.45098e-011
1.45098e-011
1.45098e-011
1.45098e-011
1.04566e-011
1.04566e-011
1.04566e-011
1.04566e-011
1.04566e-011
1.04566e-011
1.04566e-011
1.04566e-011
1.04566e-011
9.80951e-012
9.80951e-012
9.63124e-012
9.31649e-012
7.81467e-012
7.81467e-012
7.81467e-012
7.81467e-012
7.81467e-012
5.70373e-012
5.70373e-012
5.28507e-012
5.28507e-012
5.28507e-012
5.28507e-012
5.28507e-012
4.37511e-012
4.37511e-012
4.37511e-012
4.15622e-012
4.15622e-012
4.15622e-012
3.72523e-012
3.2139e-012
3.2139e-012
3.2139e-012
3.2139e-012
3.2139e-012
3.2139e-012
3.2139e-012
2.12014e-012
2.12014e-012
2.12014e-012
2.12014e-012
2.12014e-012
2.12014e-012
2.12014e-012
2.12014e-012
2.12014e-012
2.04019e-012
2.04019e-012
2.04019e-012
2.04019e-012
1.93028e-012
1.93028e-012
1.93028e-012
1.93028e-012
1.93028e-012
1.93028e-012
1.93028e-012
1.64565e-012
1.64565e-012
1.60034e-012
1.60034e-012
1.60034e-012
1.23057e-012
1.23057e-012
1.23057e-012
1.20699e-012
1.20699e-012
1.05091e-012
8.52836e-013
8.52836e-013
8.52836e-013
8.52836e-013
8.52836e-013
8.52836e-013
6.77985e-013
6.77985e-013
6.77985e-013
6.77985e-013
6.77985e-013
5.74285e-013
5.74285e-013
5.74285e-013
5.74285e-013
5.74285e-013
5.74285e-013
5.74285e-013
4.93306e-013
4.93306e-013
4.93306e-013
4.9069e-013
4.9069e-013
4.60086e-013
3.60639e-013
3.60639e-013
3.60639e-013
3.60639e-013
3.60639e-013
3.60639e-013
3.60639e-013
3.60639e-013
3.60639e-013
3.35447e-013
3.35447e-013
3.35447e-013
2.53809e-013
2.53809e-013
2.53809e-013
2.30315e-013
2.30315e-013
2.30315e-013
2.30315e-013
2.30315e-013
2.07262e-013
2.07262e-013
2.07262e-013
1.48425e-013
1.48425e-013
1.48425e-013
1.48425e-013
1.48425e-013
1.48425e-013
1.48425e-013
1.36393e-013
1.36393e-013
1.36393e-013
1.36393e-013
1.36393e-013
1.36393e-013
1.36393e-013
1.13826e-013
1.13826e-013
1.06135e-013
1.06135e-013
1.06135e-013
1.06135e-013
1.06135e-013
1.06135e-013
8.36426e-014
8.36426e-014
8.36426e-014
8.36426e-014
8.36426e-014
8.36426e-014
8.36426e-014
8.36426e-014
6.64959e-014
6.26772e-014
6.26772e-014
6.26772e-014
6.26772e-014
6.26772e-014
6.26772e-014
6.26772e-014
4.95755e-014
4.95755e-014
4.65536e-014
4.65536e-014
4.65536e-014
4.65536e-014
4.65536e-014
4.65536e-014
4.12318e-014
4.12318e-014
4.12318e-014
3.88623e-014
3.88623e-014
3.88623e-014
3.88623e-014
3.00265e-014
3.00265e-014
3.00265e-014
3.00265e-014
3.00265e-014
3.00265e-014
3.00265e-014
3.00265e-014
3.00265e-014
2.07065e-014
2.07065e-014
2.07065e-014
2.07065e-014
2.07065e-014
2.07065e-014
1.86924e-014
1.86924e-014
1.86924e-014
1.86924e-014
1.86924e-014
1.86924e-014
1.86924e-014
1.65759e-014
1.65759e-014
1.65759e-014
1.65759e-014
1.65759e-014
1.61137e-014
1.61137e-014
1.61137e-014
1.2744e-014
1.2744e-014
1.2744e-014
1.2744e-014
1.2744e-014
1.2744e-014
1.2744e-014
1.2744e-014
1.2744e-014
1.2744e-014
1.18641e-014
1.18641e-014
1.18641e-014
1.06285e-014
9.63021e-015
9.60869e-015
9.60869e-015
9.60869e-015
8.28916e-015
8.28916e-015
8.28916e-015
8.28916e-015
8.28916e-015
7.62525e-015
6.28035e-015
6.28035e-015
5.03606e-015
5.03606e-015
5.03606e-015
5.03606e-015
5.03606e-015
5.03606e-015
3.91392e-015
3.91392e-015
3.91392e-015
3.91392e-015
3.91392e-015
3.91392e-015
3.91392e-015
3.91392e-015
3.91392e-015
3.91392e-015
3.91392e-015
3.81357e-015
3.81357e-015
3.81357e-015
3.81357e-015
3.36287e-015
3.25049e-015
3.25049e-015
3.25049e-015
2.91076e-015
2.91076e-015
2.68942e-015
2.68942e-015
2.57666e-015
2.57222e-015
2.57222e-015
2.46445e-015
2.46445e-015
1.68046e-015
1.68046e-015
1.68046e-015
1.68046e-015
1.68046e-015
1.68046e-015
1.68046e-015
1.1222e-015
1.1222e-015
1.01167e-015
1.01167e-015
1.01167e-015
1.01167e-015
1.01167e-015
1.01167e-015
1.01167e-015
1.01167e-015
1.00945e-015
8.96364e-016
7.88866e-016
6.73723e-016
6.73723e-016
6.73723e-016
4.52383e-016
4.52383e-016
4.52383e-016
4.52383e-016
4.52058e-016
4.52058e-016
4.52058e-016
4.52058e-016
4.48697e-016
4.48697e-016
4.48697e-016
3.36699e-016
3.36699e-016
3.36699e-016
3.36699e-016
2.26327e-016
2.26327e-016
1.16389e-016
1.16389e-016
1.16389e-016
1.15251e-016
1.1357e-016
1.1357e-016
1.1357e-016
1.1357e-016
1.1357e-016
3.57787e-018
3.57787e-018
3.57787e-018
3.57787e-018
3.57787e-018
3.52366e-018
3.52366e-018
2.05998e-018
2.00577e-018
2.00577e-018
2.00577e-018
2.00577e-018
1.89735e-018
1.89735e-018
1.84314e-018
1.68051e-018
1.68051e-018
1.68051e-018
1.68051e-018
1.68051e-018
9.75782e-019
9.75782e-019
9.75782e-019
9.75782e-019
9.75782e-019
9.75782e-019
9.75782e-019
9.75782e-019
9.75782e-019
7.58942e-019
7.58942e-019
7.58942e-019
7.58942e-019
7.58942e-019
7.58942e-019
7.58942e-019
7.58942e-019
7.58942e-019
7.58942e-019
7.58942e-019
7.58942e-019
7.58942e-019
7.58942e-019
6.50521e-019
6.50521e-019
6.50521e-019
6.50521e-019
6.50521e-019
5.96311e-019
5.96311e-019
5.96311e-019
5.96311e-019
5.96311e-019
5.96311e-019
5.96311e-019
5.96311e-019
4.33681e-019
4.33681e-019
4.33681e-019
4.33681e-019
4.33681e-019
4.33681e-019
4.33681e-019
4.33681e-019
4.33681e-019
3.79471e-019
3.79471e-019
3.79471e-019
3.79471e-019
3.79471e-019
2.71051e-019
2.71051e-019
2.71051e-019
2.71051e-019
2.71051e-019
2.71051e-019
2.71051e-019
2.1684e-019
2.1684e-019
2.1684e-019
2.1684e-019
2.1684e-019
2.1684e-019
2.1684e-019
1.6263e-019
1.6263e-019
1.6263e-019
1.6263e-019
1.6263e-019
1.6263e-019
1.6263e-019
1.6263e-019
1.6263e-019
1.0842e-019
1.0842e-019
1.0842e-019
1.0842e-019
1.0842e-019
1.0842e-019
1.0842e-019
1.0842e-019
1.0842e-019
1.0842e-019
1.0842e-019
1.0842e-019
1.0842e-019
1.0842e-019
1.0842e-019
1.0842e-019
1.0842e-019
1.0842e-019
1.0842e-019
1.0842e-019
1.0842e-019
1.0842e-019
1.0842e-019
1.0842e-019
1.0842e-019
1.0842e-019
1.0842e-019
1.0842e-019
1.0842e-019
1.0842e-019
1.0842e-019
1.0842e-019
1.0842e-019
1.0842e-019
1.0842e-019
1.0842e-019
1.0842e-019
5.42101e-020
5.42101e-020
5.42101e-020
5.42101e-020
5.42101e-020
5.42101e-020
5.42101e-020
5.42101e-020
5.42101e-020
5.42101e-020
5.42101e-020
5.42101e-020
5.42101e-020
5.42101e-020
5.42101e-020
5.42101e-020
5.42101e-020
5.42101e-020
5.42101e-020
5.42101e-020
5.42101e-020
5.42101e-020
5.42101e-020
5.42101e-020
5.42101e-020
5.42101e-020
5.42101e-020
5.42101e-020
5.42101e-020
5.42101e-020
5.42101e-020
5.42101e-020
5.42101e-020
5.42101e-020
5.42101e-020
5.42101e-020
5.42101e-020
5.42101e-020
5.42101e-020
5.42101e-020
5.42101e-020
5.42101e-020
5.42101e-020
5.42101e-020
5.42101e-020
5.42101e-020
5.42101e-020
5.42101e-020
5.42101e-020
5.42101e-020
5.42101e-020
5.42101e-020
5.42101e-020
5.42101e-020
5.42101e-020
5.42101e-020
5.42101e-020
5.42101e-020
5.42101e-020
5.42101e-020
5.42101e-020
5.42101e-020
5.42101e-020
5.42101e-020
5.42101e-020
5.42101e-020
5.42101e-020
5.42101e-020
5.42101e-020
5.42101e-020
5.42101e-020
5.42101e-020
5.42101e-020
5.42101e-020
5.42101e-020
5.42101e-020
5.42101e-020
5.42101e-020
5.42101e-020
5.42101e-020
5.42101e-020
5.42101e-020
5.42101e-020
5.42101e-020
5.42101e-020
5.42101e-020
5.42101e-020
5.42101e-020
5.42101e-020
5.42101e-020
5.42101e-020
5.42101e-020
5.42101e-020
5.42101e-020
5.42101e-020
5.42101e-020
5.42101e-020
5.42101e-020
5.42101e-020
5.42101e-020
5.42101e-020
5.42101e-020
5.42101e-020
5.42101e-020
5.42101e-020
5.42101e-020
5.42101e-020
5.42101e-020
5.42101e-020
5.42101e-020
5.42101e-020
5.42101e-020
5.42101e-020
5.42101e-020
5.42101e-020
5.42101e-020
5.42101e-020
5.42101e-020
5.42101e-020
5.42101e-020
5.42101e-020
5.42101e-020
5.42101e-020
5.42101e-020
5.42101e-020
5.42101e-020
5.42101e-020
5.42101e-020
5.42101e-020
5.42101e-020
5.42101e-020
5.42101e-020
5.42101e-020
5.42101e-020
5.42101e-020
5.42101e-020
5.42101e-020
5.42101e-020
5.42101e-020
5.42101e-020
5.42101e-020
5.42101e-020
5.42101e-020
5.42101e-020
5.42101e-020
5.42101e-020
5.42101e-020
5.42101e-020
5.42101e-020
5.42101e-020
5.42101e-020
5.42101e-020
5.42101e-020
5.42101e-020
5.42101e-020
5.42101e-020
5.42101e-020
5.42101e-020
5.42101e-020
5.42101e-020
5.42101e-020
5.42101e-020
5.42101e-020
5.42101e-020
5.42101e-020
5.42101e-020
5.42101e-020
5.42101e-020
5.42101e-020
5.42101e-020
5.42101e-020
5.42101e-020
5.42101e-020
5.42101e-020
5.42101e-020
5.42101e-020
5.42101e-020
5.42101e-020
5.42101e-020
5.42101e-020
5.42101e-020
5.42101e-020
5.42101e-020
5.42101e-020
5.42101e-020
5.42101e-020
5.42101e-020
5.42101e-020
5.42101e-020
5.42101e-020
5.42101e-020
5.42101e-020
5.42101e-020
5.42101e-020
5.42101e-020
5.42101e-020
5.42101e-020
5.42101e-020
5.42101e-020
5.42101e-020
5.42101e-020
5.42101e-020
5.42101e-020
5.42101e-020
5.42101e-020
5.42101e-020
5.42101e-020
5.42101e-020
5.42101e-020
5.42101e-020
5.42101e-020
5.42101e-020
5.42101e-020
5.42101e-020
5.42101e-020
5.42101e-020
5.42101e-020
5.42101e-020
5.42101e-020
5.42101e-020
5.42101e-020
5.42101e-020
5.42101e-020
5.42101e-020
5.42101e-020
5.42101e-020
5.42101e-020
5.42101e-020
5.42101e-020
5.42101e-020
5.42101e-020
5.42101e-020
5.42101e-020
5.42101e-020
5.42101e-020
5.42101e-020
5.42101e-020
5.42101e-020
5.42101e-020
5.42101e-020
5.42101e-020
5.42101e-020
5.42101e-020
5.42101e-020
5.42101e-020
5.42101e-020
5.42101e-020
5.42101e-020
5.42101e-020
5.42101e-020
5.42101e-020
5.42101e-020
5.42101e-020
5.42101e-020
5.42101e-020
5.42101e-020
5.42101e-020
5.42101e-020
5.42101e-020
5.42101e-020
5.42101e-020
5.42101e-020
5.42101e-020
5.42101e-020
5.42101e-020
5.42101e-020
5.42101e-020
5.42101e-020
5.42101e-020
5.42101e-020
5.42101e-020
5.42101e-020
5.42101e-020
5.42101e-020
5.42101e-020
5.42101e-020
5.42101e-020
5.42101e-020
5.42101e-020
5.42101e-020
5.42101e-020
5.42101e-020
5.42101e-020
5.42101e-020
5.42101e-020
5.42101e-020
5.42101e-020
5.42101e-020
5.42101e-020
5.42101e-020
5.42101e-020
5.42101e-020
5.42101e-020
5.42101e-020
5.42101e-020
5.42101e-020
5.42101e-020
5.42101e-020
5.42101e-020
5.42101e-020
5.42101e-020
5.42101e-020
5.42101e-020
5.42101e-020
5.42101e-020
5.42101e-020
5.42101e-020
5.42101e-020
5.42101e-020
5.42101e-020
5.42101e-020
5.42101e-020
5.42101e-020
5.42101e-020
5.42101e-020
5.42101e-020
5.42101e-020
5.42101e-020
5.42101e-020
5.42101e-020
5.42101e-020
5.42101e-020
5.42101e-020
5.42101e-020
5.42101e-020
5.42101e-020
5.42101e-020
5.42101e-020
5.42101e-020
5.42101e-020
5.42101e-020
5.42101e-020
5.42101e-020
5.42101e-020
5.42101e-020
5.42101e-020
5.42101e-020
5.42101e-020
5.42101e-020
5.42101e-020
5.42101e-020
5.42101e-020
5.42101e-020
5.42101e-020
5.42101e-020
5.42101e-020
5.42101e-020
5.42101e-020
5.42101e-020
5.42101e-020
5.42101e-020
5.42101e-020
5.42101e-020
5.42101e-020
5.42101e-020
5.42101e-020
5.42101e-020
5.42101e-020
5.42101e-020
5.42101e-020
5.42101e-020
5.42101e-020
5.42101e-020
5.42101e-020
5.42101e-020
5.42101e-020
5.42101e-020
5.42101e-020
5.42101e-020
5.42101e-020
5.42101e-020
5.42101e-020
5.42101e-020
5.42101e-020
5.42101e-020
5.42101e-020
5.42101e-020
5.42101e-020
5.42101e-020
5.42101e-020
5.42101e-020
5.42101e-020
5.42101e-020
5.42101e-020
5.42101e-020
5.42101e-020
5.42101e-020
5.42101e-020
5.42101e-020
5.42101e-020
5.42101e-020
5.42101e-020
5.42101e-020
5.42101e-020
5.42101e-020
5.42101e-020
5.42101e-020
5.42101e-020
5.42101e-020
5.42101e-020
5.42101e-020
5.42101e-020
5.42101e-020
5.42101e-020
5.42101e-020
5.42101e-020
5.42101e-020
5.42101e-020
5.42101e-020
5.42101e-020
5.42101e-020
5.42101e-020
5.42101e-020
5.42101e-020
5.42101e-020
5.42101e-020
5.42101e-020
5.42101e-020
5.42101e-020
5.42101e-020
5.42101e-020
5.42101e-020
5.42101e-020
5.42101e-020
5.42101e-020
5.42101e-020
5.42101e-020
5.42101e-020
5.42101e-020
5.42101e-020
5.42101e-020
5.42101e-020
5.42101e-020
5.42101e-020
5.42101e-020
5.42101e-020
5.42101e-020
5.42101e-020
5.42101e-020
5.42101e-020
5.42101e-020
5.42101e-020
5.42101e-020
5.42101e-020
5.42101e-020
5.42101e-020
5.42101e-020
5.42101e-020
5.42101e-020
5.42101e-020
5.42101e-020
5.42101e-020
5.42101e-020
5.42101e-020
5.42101e-020
5.42101e-020
5.42101e-020
5.42101e-020
5.42101e-020
5.42101e-020
5.42101e-020
5.42101e-020
5.42101e-020
5.42101e-020
5.42101e-020
5.42101e-020
5.42101e-020
5.42101e-020
5.42101e-020
5.42101e-020
5.42101e-020
5.42101e-020
5.42101e-020
5.42101e-020
5.42101e-020
5.42101e-020
5.42101e-020
5.42101e-020
5.42101e-020
5.42101e-020
5.42101e-020
5.42101e-020
5.42101e-020
5.42101e-020
5.42101e-020
5.42101e-020
5.42101e-020
5.42101e-020
5.42101e-020
5.42101e-020
5.42101e-020
5.42101e-020
5.42101e-020
5.42101e-020
5.42101e-020
5.42101e-020
5.42101e-020
5.42101e-020
5.42101e-020
5.42101e-020
5.42101e-020
5.42101e-020
5.42101e-020
5.42101e-020
5.42101e-020
5.42101e-020
5.42101e-020
5.42101e-020
5.42101e-020
5.42101e-020
5.42101e-020
5.42101e-020
5.42101e-020
5.42101e-020
5.42101e-020
5.42101e-020
5.42101e-020
5.42101e-020
5.42101e-020
5.42101e-020
5.42101e-020
5.42101e-020
5.42101e-020
5.42101e-020
5.42101e-020
5.42101e-020
5.42101e-020
5.42101e-020
5.42101e-020
5.42101e-020
5.42101e-020
5.42101e-020
5.42101e-020
5.42101e-020
5.42101e-020
5.42101e-020
5.42101e-020
5.42101e-020
5.42101e-020
5.42101e-020
5.42101e-020
5.42101e-020
5.42101e-020
5.42101e-020
5.42101e-020
5.42101e-020
5.42101e-020
5.42101e-020
5.42101e-020
5.42101e-020
5.42101e-020
5.42101e-020
5.42101e-020
5.42101e-020
5.42101e-020
5.42101e-020
5.42101e-020
5.42101e-020
5.42101e-020
5.42101e-020
5.42101e-020
5.42101e-020
5.42101e-020
5.42101e-020
5.42101e-020
5.42101e-020
5.42101e-020
5.42101e-020
5.42101e-020
5.42101e-020
5.42101e-020
5.42101e-020
5.42101e-020
5.42101e-020
5.42101e-020
5.42101e-020
5.42101e-020
5.42101e-020
5.42101e-020
5.42101e-020
5.42101e-020
5.42101e-020
5.42101e-020
5.42101e-020
5.42101e-020
5.42101e-020
5.42101e-020
5.42101e-020
5.42101e-020
5.42101e-020
5.42101e-020
5.42101e-020
5.42101e-020
5.42101e-020
5.42101e-020
5.42101e-020
5.42101e-020
5.42101e-020
5.42101e-020
5.42101e-020
5.42101e-020
5.42101e-020
5.42101e-020
5.42101e-020
5.42101e-020
5.42101e-020
5.42101e-020
5.42101e-020
5.42101e-020
5.42101e-020
5.42101e-020
5.42101e-020
5.42101e-020
5.42101e-020
5.42101e-020
5.42101e-020
5.42101e-020
5.42101e-020
5.42101e-020
5.42101e-020
5.42101e-020
5.42101e-020
5.42101e-020
5.42101e-020
5.42101e-020
5.42101e-020
5.42101e-020
5.42101e-020
5.42101e-020
5.42101e-020
5.42101e-020
5.42101e-020
5.42101e-020
5.42101e-020
5.42101e-020
5.42101e-020
5.42101e-020
5.42101e-020
5.42101e-020
5.42101e-020
5.42101e-020
5.42101e-020
5.42101e-020
5.42101e-020
5.42101e-020
5.42101e-020
5.42101e-020
5.42101e-020
5.42101e-020
5.42101e-020
5.42101e-020
5.42101e-020
5.42101e-020
5.42101e-020
5.42101e-020
5.42101e-020
5.42101e-020
5.42101e-020
5.42101e-020
5.42101e-020
5.42101e-020
5.42101e-020
5.42101e-020
5.42101e-020
5.42101e-020
5.42101e-020
5.42101e-020
5.42101e-020
5.42101e-020
5.42101e-020
5.42101e-020
5.42101e-020
5.42101e-020
5.42101e-020
5.42101e-020
5.42101e-020
5.42101e-020
5.42101e-020
5.42101e-020
5.42101e-020
5.42101e-020
5.42101e-020
5.42101e-020
5.42101e-020
5.42101e-020
5.42101e-020
5.42101e-020
5.42101e-020
5.42101e-020
5.42101e-020
5.42101e-020
5.42101e-020
5.42101e-020
5.42101e-020
5.42101e-020
5.42101e-020
5.42101e-020
5.42101e-020
5.42101e-020
5.42101e-020
5.42101e-020
5.42101e-020
5.42101e-020
5.42101e-020
5.42101e-020
5.42101e-020
5.42101e-020
5.42101e-020
5.42101e-020
5.42101e-020
5.42101e-020
5.42101e-020
5.42101e-020
5.42101e-020
5.42101e-020
5.42101e-020
5.42101e-020
5.42101e-020
5.42101e-020
5.42101e-020
5.42101e-020
5.42101e-020
5.42101e-020
5.42101e-020
5.42101e-020
5.42101e-020
5.42101e-020
5.42101e-020
5.42101e-020
5.42101e-020
5.42101e-020
5.42101e-020
5.42101e-020
5.42101e-020
5.42101e-020
5.42101e-020
5.42101e-020
5.42101e-020
5.42101e-020
5.42101e-020
5.42101e-020
5.42101e-020
5.42101e-020
5.42101e-020
5.42101e-020
5.42101e-020
5.42101e-020
5.42101e-020
5.42101e-020
5.42101e-020
5.42101e-020
5.42101e-020
5.42101e-020
5.42101e-020
5.42101e-020
5.42101e-020
5.42101e-020
5.42101e-020
5.42101e-020
5.42101e-020
5.42101e-020
5.42101e-020
5.42101e-020
5.42101e-020
5.42101e-020
5.42101e-020
5.42101e-020
5.42101e-020
5.42101e-020
5.42101e-020
5.42101e-020
5.42101e-020
5.42101e-020
5.42101e-020
5.42101e-020
5.42101e-020
5.42101e-020
5.42101e-020
5.42101e-020
5.42101e-020
5.42101e-020
5.42101e-020
5.42101e-020
5.42101e-020
5.42101e-020
5.42101e-020
5.42101e-020
5.42101e-020
5.42101e-020
5.42101e-020
5.42101e-020
5.42101e-020
5.42101e-020
5.42101e-020
5.42101e-020
5.42101e-020
5.42101e-020
5.42101e-020
5.42101e-020
5.42101e-020
5.42101e-020
5.42101e-020
5.42101e-020
5.42101e-020
5.42101e-020
5.42101e-020
5.42101e-020
5.42101e-020
5.42101e-020
5.42101e-020
5.42101e-020
5.42101e-020
5.42101e-020
5.42101e-020
5.42101e-020
5.42101e-020
5.42101e-020
5.42101e-020
5.42101e-020
5.42101e-020
5.42101e-020
5.42101e-020
5.42101e-020
5.42101e-020
5.42101e-020
5.42101e-020
5.42101e-020
5.42101e-020
5.42101e-020
5.42101e-020
5.42101e-020
5.42101e-020
5.42101e-020
5.42101e-020
5.42101e-020
5.42101e-020
5.42101e-020
5.42101e-020
5.42101e-020
5.42101e-020
5.42101e-020
5.42101e-020
5.42101e-020
5.42101e-020
5.42101e-020
5.42101e-020
5.42101e-020
5.42101e-020
5.42101e-020
5.42101e-020
5.42101e-020
5.42101e-020
5.42101e-020
5.42101e-020
5.42101e-020
5.42101e-020
5.42101e-020
5.42101e-020
5.42101e-020
5.42101e-020
5.42101e-020
5.42101e-020
5.42101e-020
5.42101e-020
5.42101e-020
5.42101e-020
5.42101e-020
5.42101e-020
5.42101e-020
5.42101e-020
5.42101e-020
5.42101e-020
5.42101e-020
5.42101e-020
5.42101e-020
5.42101e-020
5.42101e-020
5.42101e-020
5.42101e-020
5.42101e-020
5.42101e-020
5.42101e-020
5.42101e-020
5.42101e-020
5.42101e-020
5.42101e-020
5.42101e-020
5.42101e-020
5.42101e-020
5.42101e-020
5.42101e-020
5.42101e-020
5.42101e-020
5.42101e-020
5.42101e-020
5.42101e-020
5.42101e-020
5.42101e-020
5.42101e-020
5.42101e-020
5.42101e-020
5.42101e-020
5.42101e-020
5.42101e-020
5.42101e-020
5.42101e-020
5.42101e-020
5.42101e-020
5.42101e-020
5.42101e-020
5.42101e-020
5.42101e-020
5.42101e-020
5.42101e-020
5.42101e-020
5.42101e-020
5.42101e-020
5.42101e-020
5.42101e-020
5.42101e-020
5.42101e-020
5.42101e-020
5.42101e-020
5.42101e-020
5.42101e-020
5.42101e-020
5.42101e-020
5.42101e-020
5.42101e-020
5.42101e-020
5.42101e-020
5.42101e-020
5.42101e-020
5.42101e-020
5.42101e-020
5.42101e-020
5.42101e-020
5.42101e-020
5.42101e-020
5.42101e-020
5.42101e-020
5.42101e-020
5.42101e-020
5.42101e-020
5.42101e-020
5.42101e-020
5.42101e-020
5.42101e-020
5.42101e-020
5.42101e-020
5.42101e-020
5.42101e-020
5.42101e-020
5.42101e-020
5.42101e-020
5.42101e-020
5.42101e-020
5.42101e-020
5.42101e-020
5.42101e-020
5.42101e-020
5.42101e-020
5.42101e-020
5.42101e-020
5.42101e-020
5.42101e-020
5.42101e-020
5.42101e-020
5.42101e-020
5.42101e-020
5.42101e-020
5.42101e-020
5.42101e-020
5.42101e-020
5.42101e-020
5.42101e-020
5.42101e-020
5.42101e-020
5.42101e-020
5.42101e-020
5.42101e-020
5.42101e-020
5.42101e-020
5.42101e-020
5.42101e-020
5.42101e-020
5.42101e-020
5.42101e-020
5.42101e-020
5.42101e-020
5.42101e-020
5.42101e-020
5.42101e-020
5.42101e-020
5.42101e-020
5.42101e-020
5.42101e-020
5.42101e-020
5.42101e-020
5.42101e-020
5.42101e-020
5.42101e-020
5.42101e-020
5.42101e-020
5.42101e-020
5.42101e-020
5.42101e-020
5.42101e-020
5.42101e-020
5.42101e-020
5.42101e-020
5.42101e-020
5.42101e-020
5.42101e-020
5.42101e-020
5.42101e-020
5.42101e-020
5.42101e-020
5.42101e-020
5.42101e-020
5.42101e-020
5.42101e-020
5.42101e-020
5.42101e-020
5.42101e-020
5.42101e-020
5.42101e-020
5.42101e-020
5.42101e-020
5.42101e-020
5.42101e-020
5.42101e-020
5.42101e-020
5.42101e-020
5.42101e-020
5.42101e-020
5.42101e-020
5.42101e-020
5.42101e-020
5.42101e-020
5.42101e-020
5.42101e-020
5.42101e-020
5.42101e-020
5.42101e-020
5.42101e-020
5.42101e-020
5.42101e-020
5.42101e-020
5.42101e-020
5.42101e-020
5.42101e-020
5.42101e-020
5.42101e-020
5.42101e-020
5.42101e-020
5.42101e-020
5.42101e-020
5.42101e-020
5.42101e-020
5.42101e-020
5.42101e-020
5.42101e-020
5.42101e-020
5.42101e-020
5.42101e-020
5.42101e-020
5.42101e-020
5.42101e-020
5.42101e-020
5.42101e-020
5.42101e-020
5.42101e-020
5.42101e-020
5.42101e-020
5.42101e-020
5.42101e-020
5.42101e-020
5.42101e-020
5.42101e-020
5.42101e-020
5.42101e-020
5.42101e-020
5.42101e-020
5.42101e-020
5.42101e-020
5.42101e-020
5.42101e-020
5.42101e-020
5.42101e-020
5.42101e-020
5.42101e-020
5.42101e-020
5.42101e-020
5.42101e-020
5.42101e-020
5.42101e-020
5.42101e-020
5.42101e-020
5.42101e-020
5.42101e-020
5.42101e-020
5.42101e-020
5.42101e-020
5.42101e-020
5.42101e-020
5.42101e-020
5.42101e-020
5.42101e-020
5.42101e-020
5.42101e-020
5.42101e-020
5.42101e-020
5.42101e-020
5.42101e-020
5.42101e-020
5.42101e-020
5.42101e-020
5.42101e-020
5.42101e-020
5.42101e-020
5.42101e-020
5.42101e-020
5.42101e-020
5.42101e-020
5.42101e-020
5.42101e-020
5.42101e-020
5.42101e-020
5.42101e-020
5.42101e-020
5.42101e-020
5.42101e-020
5.42101e-020
5.42101e-020
5.42101e-020
5.42101e-020
5.42101e-020
5.42101e-020
5.42101e-020
5.42101e-020
5.42101e-020
5.42101e-020
5.42101e-020
5.42101e-020
5.42101e-020
5.42101e-020
5.42101e-020
5.42101e-020
5.42101e-020
5.42101e-020
5.42101e-020
5.42101e-020
5.42101e-020
5.42101e-020
5.42101e-020
5.42101e-020
5.42101e-020
5.42101e-020
5.42101e-020
5.42101e-020
5.42101e-020
5.42101e-020
5.42101e-020
5.42101e-020
5.42101e-020
5.42101e-020
5.42101e-020
5.42101e-020
5.42101e-020
5.42101e-020
5.42101e-020
5.42101e-020
5.42101e-020
5.42101e-020
5.42101e-020
5.42101e-020
5.42101e-020
5.42101e-020
5.42101e-020
5.42101e-020
5.42101e-020
5.42101e-020
5.42101e-020
5.42101e-020
5.42101e-020
5.42101e-020
5.42101e-020
5.42101e-020
5.42101e-020
5.42101e-020
5.42101e-020
5.42101e-020
5.42101e-020
5.42101e-020
5.42101e-020
5.42101e-020
5.42101e-020
5.42101e-020
5.42101e-020
5.42101e-020
5.42101e-020
5.42101e-020
5.42101e-020
5.42101e-020
5.42101e-020
5.42101e-020
5.42101e-020
5.42101e-020
5.42101e-020
5.42101e-020
5.42101e-020
5.42101e-020
5.42101e-020
5.42101e-020
5.42101e-020
5.42101e-020
5.42101e-020
5.42101e-020
5.42101e-020
5.42101e-020
5.42101e-020
5.42101e-020
5.42101e-020
5.42101e-020
5.42101e-020
5.42101e-020
5.42101e-020
5.42101e-020
5.42101e-020
5.42101e-020
5.42101e-020
5.42101e-020
5.42101e-020
5.42101e-020
5.42101e-020
5.42101e-020
5.42101e-020
5.42101e-020
5.42101e-020
5.42101e-020
5.42101e-020
5.42101e-020
5.42101e-020
5.42101e-020
5.42101e-020
5.42101e-020
5.42101e-020
5.42101e-020
5.42101e-020
5.42101e-020
5.42101e-020
5.42101e-020
5.42101e-020
5.42101e-020
5.42101e-020
5.42101e-020
5.42101e-020
5.42101e-020
5.42101e-020
5.42101e-020
5.42101e-020
5.42101e-020
5.42101e-020
5.42101e-020
5.42101e-020
5.42101e-020
5.42101e-020
5.42101e-020
5.42101e-020
5.42101e-020
5.42101e-020
5.42101e-020
5.42101e-020
5.42101e-020
5.42101e-020
5.42101e-020
5.42101e-020
5.42101e-020
5.42101e-020
5.42101e-020
5.42101e-020
5.42101e-020
5.42101e-020
5.42101e-020
5.42101e-020
5.42101e-020
5.42101e-020
5.42101e-020
5.42101e-020
5.42101e-020
5.42101e-020
5.42101e-020
5.42101e-020
5.42101e-020
5.42101e-020
5.42101e-020
5.42101e-020
5.42101e-020
5.42101e-020
5.42101e-020
5.42101e-020
5.42101e-020
5.42101e-020
5.42101e-020
5.42101e-020
5.42101e-020
5.42101e-020
5.42101e-020
5.42101e-020
5.42101e-020
5.42101e-020
5.42101e-020
5.42101e-020
5.42101e-020
5.42101e-020
5.42101e-020
5.42101e-020
5.42101e-020
5.42101e-020
5.42101e-020
5.42101e-020
5.42101e-020
5.42101e-020
5.42101e-020
5.42101e-020
5.42101e-020
5.42101e-020
5.42101e-020
5.42101e-020
5.42101e-020
5.42101e-020
5.42101e-020
5.42101e-020
5.42101e-020
5.42101e-020
5.42101e-020
5.42101e-020
5.42101e-020
5.42101e-020
5.42101e-020
5.42101e-020
5.42101e-020
5.42101e-020
5.42101e-020
5.42101e-020
5.42101e-020
5.42101e-020
5.42101e-020
5.42101e-020
5.42101e-020
5.42101e-020
5.42101e-020
5.42101e-020
5.42101e-020
5.42101e-020
5.42101e-020
5.42101e-020
5.42101e-020
5.42101e-020
5.42101e-020
5.42101e-020
5.42101e-020
5.42101e-020
5.42101e-020
5.42101e-020
5.42101e-020
5.42101e-020
5.42101e-020
5.42101e-020
5.42101e-020
5.42101e-020
5.42101e-020
5.42101e-020
5.42101e-020
5.42101e-020
5.42101e-020
5.42101e-020
5.42101e-020
5.42101e-020
5.42101e-020
5.42101e-020
5.42101e-020
5.42101e-020
5.42101e-020
5.42101e-020
5.42101e-020
5.42101e-020
5.42101e-020
5.42101e-020
5.42101e-020
5.42101e-020
5.42101e-020
5.42101e-020
5.42101e-020
5.42101e-020
5.42101e-020
5.42101e-020
5.42101e-020
5.42101e-020
5.42101e-020
5.42101e-020
5.42101e-020
5.42101e-020
5.42101e-020
5.42101e-020
5.42101e-020
5.42101e-020
5.42101e-020
5.42101e-020
5.42101e-020
5.42101e-020
5.42101e-020
5.42101e-020
5.42101e-020
5.42101e-020
5.42101e-020
5.42101e-020
5.42101e-020
5.42101e-020
5.42101e-020
5.42101e-020
5.42101e-020
5.42101e-020
5.42101e-020
5.42101e-020
5.42101e-020
5.42101e-020
5.42101e-020
5.42101e-020
5.42101e-020
5.42101e-020
5.42101e-020
5.42101e-020
5.42101e-020
5.42101e-020
5.42101e-020
5.42101e-020
5.42101e-020
5.42101e-020
5.42101e-020
5.42101e-020
5.42101e-020
5.42101e-020
5.42101e-020
5.42101e-020
5.42101e-020
5.42101e-020
5.42101e-020
5.42101e-020
5.42101e-020
5.42101e-020
5.42101e-020
5.42101e-020
5.42101e-020
5.42101e-020
5.42101e-020
5.42101e-020
5.42101e-020
5.42101e-020
5.42101e-020
5.42101e-020
5.42101e-020
5.42101e-020
5.42101e-020
5.42101e-020
5.42101e-020
5.42101e-020
5.42101e-020
5.42101e-020
5.42101e-020
5.42101e-020
5.42101e-020
5.42101e-020
5.42101e-020
5.42101e-020
5.42101e-020
5.42101e-020
5.42101e-020
5.42101e-020
5.42101e-020
5.42101e-020
5.42101e-020
5.42101e-020
5.42101e-020
5.42101e-020
5.42101e-020
5.42101e-020
5.42101e-020
5.42101e-020
5.42101e-020
5.42101e-020
5.42101e-020
5.42101e-020
5.42101e-020
5.42101e-020
5.42101e-020
5.42101e-020
5.42101e-020
5.42101e-020
5.42101e-020
5.42101e-020
5.42101e-020
5.42101e-020
5.42101e-020
5.42101e-020
5.42101e-020
5.42101e-020
5.42101e-020
5.42101e-020
5.42101e-020
5.42101e-020
5.42101e-020
5.42101e-020
5.42101e-020
5.42101e-020
5.42101e-020
5.42101e-020
5.42101e-020
5.42101e-020
5.42101e-020
5.42101e-020
5.42101e-020
5.42101e-020
5.42101e-020
5.42101e-020
5.42101e-020
5.42101e-020
5.42101e-020
5.42101e-020
5.42101e-020
5.42101e-020
5.42101e-020
5.42101e-020
5.42101e-020
5.42101e-020
5.42101e-020
5.42101e-020
5.42101e-020
5.42101e-020
5.42101e-020
5.42101e-020
5.42101e-020
5.42101e-020
5.42101e-020
5.42101e-020
5.42101e-020
5.42101e-020
5.42101e-020
5.42101e-020
5.42101e-020
