130170
124916
107079
105322
100392
100392
94206.8
91034.3
91034.3
86524.6
84011.7
80958
80770.4
75886.5
75886.5
75886.5
75618.8
75618.8
75618.8
73698.5
73698.5
71991
70417.7
70417.7
70088.3
70083.8
68131.1
68131.1
68131.1
67282.5
67282.5
65011.2
65011.2
64870.3
64870.3
64870.3
64870.3
64870.3
64870.3
64870.3
64870.3
64870.3
64870.3
64454.1
64454.1
64454.1
64454.1
63396
63396
63396
63396
63396
60306.2
60306.2
59932.6
59697.2
59697.2
58253.6
58253.6
58253.6
58253.6
58253.6
58253.6
58253.6
58253.6
58253.6
58253.6
58253.6
55439.9
55212.5
55212.5
55212.5
55212.5
55212.5
55212.5
55212.5
55212.5
55212.5
55212.5
55212.5
55212.5
55212.5
55212.5
55004.5
55004.5
55004.5
55004.5
55004.5
55004.5
54426.4
54426.4
54426.4
51834.8
51834.8
51834.8
51834.8
51834.8
51834.8
51834.8
51834.8
51834.8
51834.8
49816.3
49816.3
49051.2
49051.2
49051.2
49051.2
49051.2
49051.2
49051.2
49051.2
49051.2
49051.2
48400.2
48400.2
48400.2
48400.2
48400.2
48400.2
48400.2
48400.2
48400.2
48400.2
48400.2
48400.2
48400.2
48400.2
47134.3
47134.3
47134.3
47134.3
47134.3
47134.3
47134.3
47134.3
47134.3
46574.2
46574.2
46574.2
46574.2
46574.2
45905.3
45905.3
45459.3
45459.3
45459.3
45459.3
45459.3
44725.4
44450.8
44450.8
44450.8
44450.8
44450.8
44450.8
44450.8
44450.8
44450.8
44450.8
43188.4
43188.4
42567.3
42567.3
42567.3
42567.3
42567.3
42567.3
42567.3
42567.3
42194.3
42113.9
42113.9
42113.9
42113.9
42113.9
42113.9
42113.9
42113.9
39537.5
39537.5
39537.5
39537.5
39399
39034.6
38761.8
38761.8
38761.8
38635.9
38635.9
38212.2
38212.2
38212.2
38212.2
37586
37586
37586
37586
37586
37586
37586
37253.9
37253.9
36712.7
36712.7
36712.7
36712.7
36712.7
36712.7
36482.7
36482.7
36482.7
36482.7
36482.7
36482.7
35221
35221
35221
35221
35221
34440.6
34440.6
34440.6
34440.6
34440.6
34440.6
34440.6
34440.6
34440.6
34440.6
34440.6
34440.6
34440.6
34440.6
34440.6
34440.6
34440.6
34440.6
34440.6
34440.6
33954.8
33954.8
33954.8
33954.8
33954.8
33954.8
33954.8
33828.2
33828.2
32878.3
32878.3
32878.3
32878.3
32652.5
32652.5
32110.2
32110.2
32110.2
32110.2
32110.2
32110.2
31873.8
31873.8
31873.8
31873.8
31676.9
31676.9
31676.9
31676.9
31544.2
31544.2
31544.2
31530.4
31530.4
31530.4
31530.4
31530.4
31530.4
31530.4
31530.4
31530.4
31530.4
31530.4
31530.4
29956.1
29956.1
29956.1
29956.1
29227.3
29227.3
29089.3
29089.3
29089.3
29089.3
29089.3
29089.3
29089.3
29089.3
29089.3
29089.3
29089.3
29089.3
29089.3
29089.3
29089.3
29024.5
28339.4
28110.2
28110.2
28110.2
27211.1
27211.1
27038.7
27038.7
27038.7
27038.7
27038.7
27038.7
26519.4
26519.4
26519.4
26519.4
26519.4
26519.4
26519.4
26519.4
26519.4
26519.4
26519.4
26519.4
26519.4
26276.6
26276.6
26276.6
26276.6
26276.6
26276.6
26276.6
25547.2
25547.2
25074
25074
25074
25070.5
25070.5
24914.1
24914.1
24914.1
24914.1
24331.8
24331.8
24331.8
24331.8
24331.8
24047
23852.8
23852.8
23797.7
23797.7
23797.7
23709
23709
23709
23709
23709
23709
23414.2
23414.2
23414.2
23343
23343
23343
23212.4
23212.4
23212.4
23212.4
23212.4
23212.4
23212.4
23212.4
23212.4
23212.4
23084.9
23084.9
23084.9
23050.5
23050.5
23050.5
23050.5
23050.5
23050.5
23050.5
23050.5
23050.5
23050.5
23050.5
23050.5
23050.5
22968.4
22373.1
22373.1
22373.1
22373.1
21979.8
21339.5
21339.5
21199.8
21199.8
21118.5
20926.2
20926.2
20926.2
20926.2
20926.2
20926.2
20926.2
20926.2
20926.2
20926.2
20926.2
20926.2
20926.2
20926.2
20788.8
20488.1
20488.1
20488.1
20488.1
20488.1
20488.1
20488.1
20488.1
20488.1
20488.1
20488.1
20488.1
19661.9
19561.6
19561.6
19561.6
19246.6
19246.6
19246.6
19246.6
19246.6
19246.6
19246.6
19246.6
19246.6
19246.6
19246.6
19246.6
19246.6
18771.7
18618.6
18618.6
18618.6
18618.6
18618.6
18618.6
18618.6
18618.6
18618.6
18618.6
18618.6
18618.6
18618.6
18618.6
18618.6
18618.6
18618.6
18618.6
18618.6
18618.6
18618.6
18618.6
18618.6
18618.6
18618.6
18531.7
18184.8
18184.8
18184.8
18184.8
18184.8
18184.8
18184.8
18184.8
17895
17895
17895
17895
17895
17895
17895
17895
17895
17895
17895
17895
17895
17895
17895
17895
17895
17895
17895
17895
17895
17835.3
17835.3
17780.3
17780.3
17780.3
17780.3
17780.3
17780.3
17780.3
17780.3
17780.3
17780.3
17780.3
17780.3
17780.3
17780.3
17780.3
17780.3
17274.7
17274.7
17274.7
17274.7
17274.7
17250.1
17250.1
17250.1
17250.1
17250.1
17250.1
17250.1
17130.7
17130.7
17130.7
17130.7
17130.7
17130.7
16988.7
16988.7
16988.7
16988.7
16834.3
16679.5
16679.5
16679.5
16679.5
16459.8
16459.8
16459.8
16459.8
16459.8
16283.6
16223.1
16223.1
16223.1
16223.1
16223.1
16223.1
16223.1
16223.1
15956.3
15956.3
15956.3
15926
15926
15926
15926
15926
15699.7
15699.7
15374
15374
14929.7
14929.7
14929.7
14929.7
14929.7
14605.2
14605.2
14605.2
14331.7
14190.3
14190.3
14190.3
14190.3
14190.3
14190.3
14190.3
14190.3
14190.3
14142
14142
14142
14142
14142
14142
14142
14009.8
14009.8
14009.8
14009.8
14009.8
14009.8
14001.6
14001.6
14001.6
14001.6
13766.5
13766.5
13766.5
13766.5
13351.3
13351.3
13351.3
13351.3
13351.3
13351.3
13351.3
13251.2
13251.2
13251.2
13115
13115
13115
12791.5
12791.5
12791.5
12791.5
12791.5
12791.5
12791.5
12526
12526
12526
12526
12526
12503.7
12503.7
12503.7
12503.7
12078.7
12078.7
12078.7
12078.7
12078.7
12078.7
12078.7
12078.7
12078.7
12078.7
12078.7
12078.7
12078.7
12078.7
12078.7
12078.7
12078.7
12078.7
12078.7
12078.7
12078.7
12078.7
11998.6
11998.6
11925.5
11925.5
11925.5
11925.5
11925.5
11925.5
11925.5
11835.7
11835.7
11835.7
11835.7
11835.7
11718.5
11718.5
11718.5
11718.5
11512.6
11512.6
11512.6
11512.6
11338
11224.7
11224.7
11224.7
11224.7
11224.7
11224.7
11224.7
11098.5
11098.5
11098.5
11098.5
11098.5
11098.5
10774.2
10774.2
10774.2
10774.2
10774.2
10774.2
10774.2
10774.2
10774.2
10774.2
10774.2
10774.2
10712.7
10712.7
10712.7
10712.7
10712.7
10712.7
10712.7
10559.7
10559.7
10559.7
10559.7
10308.7
10308.7
10308.7
10308.7
10308.7
10308.7
10303.3
10303.3
10303.3
10303.3
10303.3
10303.3
10303.3
10105.4
10105.4
10105.4
10105.4
10105.4
10105.4
10038.5
10038.5
10038.5
10007.8
9841.12
9841.12
9774.84
9774.84
9774.84
9687.32
9649.76
9649.76
9649.76
9649.76
9649.76
9649.76
9649.76
9359.22
9334.36
9334.36
9107.7
9107.7
9107.7
9107.7
9107.7
9107.7
9107.7
9107.7
9107.7
9107.7
9107.7
9107.7
9107.7
9107.7
9107.7
9107.7
9107.7
9056.89
9056.89
9056.89
8949.16
8949.16
8949.16
8949.16
8949.16
8949.16
8949.16
8949.16
8949.16
8949.16
8949.16
8949.16
8949.16
8949.16
8949.16
8949.16
8949.16
8949.16
8949.16
8949.16
8949.16
8949.16
8949.16
8949.16
8949.16
8949.16
8949.16
8949.16
8949.16
8780.27
8780.27
8780.27
8509.83
8509.83
8509.83
8509.83
8509.83
8509.83
8509.83
8509.83
8509.83
8509.83
8509.83
8509.83
8509.83
8509.83
8509.83
8509.83
8509.83
8509.83
8464.15
8464.15
8446.74
8446.74
8446.74
8446.74
8446.74
8442.79
8306.21
8192.52
8192.52
8192.52
8192.52
8192.52
8192.52
8192.52
8192.52
8170.54
8170.54
8170.54
8170.54
8170.54
8170.54
8051.41
8051.41
8051.41
8051.41
8051.41
8051.41
8051.41
8051.41
8051.41
7844.24
7844.24
7844.24
7844.24
7844.24
7844.24
7844.24
7844.24
7844.24
7774.6
7774.6
7774.6
7774.6
7774.6
7751.85
7751.85
7751.85
7751.85
7751.85
7557.18
7557.18
7557.18
7557.18
7557.18
7557.18
7557.18
7557.18
7471.12
7471.12
7471.12
7262.92
7262.92
7262.92
7262.92
7262.92
7262.92
7262.92
7249.35
7222.25
7222.25
7196.34
7196.34
7196.34
7196.34
7180.51
7170.93
7170.93
7154.39
7017.85
7017.85
7017.85
7017.85
7017.85
7017.85
7017.85
6994.77
6994.77
6980.36
6980.36
6912.34
6912.34
6905.4
6905.4
6905.4
6905.4
6846.65
6846.65
6846.65
6846.65
6721.92
6721.92
6721.92
6721.92
6721.92
6721.92
6721.92
6721.92
6721.92
6517.95
6517.95
6517.95
6338.89
6338.89
6338.89
6338.89
6338.89
6114.93
6114.93
6114.93
6114.93
6114.93
6114.93
5954.24
5954.24
5954.24
5954.24
5954.24
5954.24
5954.24
5954.24
5954.24
5954.24
5954.24
5920.27
5920.27
5920.27
5920.27
5897.66
5897.66
5896.59
5896.59
5896.59
5896.59
5896.59
5896.59
5896.59
5896.59
5896.59
5896.59
5896.59
5896.59
5896.59
5896.59
5896.59
5856.08
5856.08
5856.08
5856.08
5856.08
5796.93
5796.93
5796.93
5796.93
5796.93
5761.39
5761.39
5761.39
5636.03
5532.45
5532.45
5532.45
5532.45
5532.45
5532.45
5518.85
5518.85
5518.85
5136.17
5136.17
5136.17
5136.17
5136.17
5136.17
5112.8
5112.8
5112.8
5112.8
5073.59
5073.59
5073.59
5073.59
5073.59
5073.59
5073.59
5038.58
4997.31
4997.31
4997.31
4997.31
4997.31
4997.31
4997.31
4997.31
4997.31
4997.31
4997.31
4997.31
4997.31
4997.31
4997.31
4997.31
4997.31
4997.31
4997.31
4997.31
4997.31
4967.06
4967.06
4967.06
4967.06
4967.06
4967.06
4967.06
4967.06
4967.06
4967.06
4967.06
4967.06
4967.06
4967.06
4967.06
4967.06
4967.06
4967.06
4967.06
4967.06
4967.06
4967.06
4967.06
4967.06
4967.06
4964.28
4964.28
4964.28
4964.28
4964.28
4964.28
4964.28
4964.28
4964.28
4964.28
4964.28
4964.28
4964.28
4964.28
4964.28
4964.28
4964.28
4964.28
4964.28
4964.28
4964.28
4964.28
4894.61
4894.61
4894.61
4894.61
4804.12
4804.12
4804.12
4804.12
4804.12
4790.97
4790.97
4790.97
4790.97
4790.97
4790.97
4790.97
4780.87
4780.87
4780.87
4780.87
4780.87
4780.87
4780.87
4621.69
4546.76
4546.76
4546.76
4546.76
4546.76
4546.76
4539.7
4539.7
4418.55
4410.59
4410.59
4410.59
4410.59
4410.59
4410.59
4325.91
4303.54
4253.84
4253.84
4253.84
4253.84
4253.84
4253.11
4253.11
4253.11
4253.11
4253.11
4253.11
4253.11
4162.68
4162.68
4162.68
4162.68
4162.68
4162.68
4162.68
4162.68
4162.68
4162.68
4162.68
4162.68
4162.68
4139.61
4139.61
4139.61
4139.61
4078.05
4078.05
4078.05
4078.05
4078.05
4078.05
4078.05
4078.05
4078.05
4078.05
4078.05
4011.72
3984.16
3984.16
3983.15
3983.15
3983.15
3983.15
3983.15
3983.15
3983.15
3983.15
3983.15
3983.15
3947.15
3901.6
3901.6
3901.6
3901.6
3889
3889
3889
3889
3883.05
3883.05
3883.05
3883.05
3883.05
3883.05
3883.05
3862.93
3862.93
3862.93
3862.93
3862.93
3822.66
3822.66
3822.66
3822.66
3822.66
3822.66
3822.66
3822.66
3822.66
3822.66
3822.66
3822.66
3775.13
3775.13
3775.13
3750.16
3735.27
3735.27
3735.27
3735.27
3735.27
3735.27
3637.22
3601.57
3601.57
3601.57
3540.61
3540.61
3540.61
3528.5
3528.5
3528.5
3528.5
3528.5
3528.5
3528.5
3528.5
3528.5
3528.5
3528.5
3528.5
3528.5
3528.5
3528.5
3492.62
3492.62
3492.62
3492.62
3485.43
3485.43
3485.43
3485.43
3485.43
3485.43
3469.04
3469.04
3469.04
3469.04
3469.04
3469.04
3469.04
3469.04
3347
3347
3347
3347
3347
3340.97
3340.97
3340.97
3316.71
3316.71
3316.71
3316.71
3275.25
3275.25
3224.87
3224.87
3224.87
3224.87
3224.87
3224.87
3224.87
3224.87
3224.87
3224.87
3224.87
3224.87
3224.87
3196.09
3196.09
3196.09
3196.09
3196.09
3127.13
3127.13
3127.13
3127.13
3127.13
3127.13
3125.92
3125.92
3125.92
3040.39
3040.39
3040.39
3040.39
3040.39
3040.39
3040.39
3029.9
3029.9
3029.9
3029.9
3029.9
3012.29
3012.29
3011.06
2965.15
2965.15
2965.15
2965.15
2965.15
2965.15
2926.12
2926.12
2926.12
2851.77
2851.77
2851.77
2851.77
2771.29
2771.29
2771.29
2771.29
2771.29
2771.29
2721.84
2721.84
2721.84
2721.84
2721.84
2721.84
2721.84
2721.84
2721.84
2721.84
2721.84
2721.84
2721.84
2721.84
2721.84
2721.84
2698.44
2698.44
2698.44
2631.64
2624.45
2624.45
2605.54
2605.54
2605.54
2605.54
2605.54
2605.54
2605.54
2605.54
2605.54
2605.54
2605.54
2605.54
2605.54
2605.54
2605.54
2605.54
2605.54
2597.3
2597.3
2597.3
2597.3
2597.3
2597.3
2597.3
2597.3
2585.01
2585.01
2560.66
2531.37
2531.37
2531.37
2531.37
2531.37
2531.37
2531.37
2531.37
2531.37
2526.09
2526.09
2526.09
2526.09
2526.09
2526.09
2460.24
2460.24
2460.24
2460.24
2460.24
2460.24
2460.24
2460.24
2460.24
2460.24
2460.24
2437.36
2383.3
2383.3
2379.28
2379.28
2379.28
2379.28
2374.62
2374.62
2364.65
2364.65
2364.65
2364.65
2364.65
2356.69
2356.69
2328.78
2254.47
2194.55
2194.55
2194.55
2194.55
2194.55
2194.55
2155.43
2155.43
2155.43
2144.07
2144.07
2122.68
2122.68
2122.68
2122.68
2122.68
2122.68
2122.68
2122.68
2122.68
2122.68
2122.68
2122.68
2122.68
2063.6
2063.6
2054.08
2046.49
2046.49
2046.49
2046.49
2018.01
2018.01
2018.01
2018.01
2010.58
2010.58
2010.58
2010.58
2010.58
1913.61
1913.61
1913.61
1913.61
1913.61
1913.61
1913.61
1913.61
1896.87
1893.32
1893.32
1893.32
1876.22
1876.22
1876.22
1876.22
1876.22
1876.22
1860.9
1860.9
1860.9
1860.9
1860.9
1860.9
1860.9
1860.9
1860.9
1860.9
1860.9
1860.9
1852.86
1852.86
1849.1
1849.1
1849.1
1849.1
1849.1
1849.1
1849.1
1849.1
1849.1
1849.1
1849.1
1849.1
1849.1
1847.17
1834.58
1834.58
1780.7
1780.7
1780.7
1780.7
1780.7
1769.32
1769.32
1769.32
1769.32
1763.56
1763.56
1763.56
1763.56
1747.54
1747.54
1747.54
1747.54
1747.54
1747.54
1747.54
1713.12
1713.12
1713.12
1713.12
1713.12
1713.12
1713.12
1713.12
1713.12
1659.62
1643.29
1643.29
1643.29
1643.29
1643.29
1643.29
1643.29
1636.04
1636.04
1636.04
1636.04
1636.04
1636.04
1636.04
1635.72
1635.72
1635.72
1635.72
1635.72
1635.72
1635.72
1635.72
1635.72
1635.72
1635.72
1635.72
1635.72
1635.72
1635.72
1635.72
1627.99
1627.99
1627.99
1627.99
1627.99
1627.99
1598.7
1598.7
1598.7
1598.7
1593.13
1593.13
1593.13
1593.13
1593.13
1593.13
1593.13
1593.13
1593.13
1593.13
1574.8
1564.8
1564.8
1564.8
1564.8
1557.2
1545.95
1545.95
1545.95
1545.4
1535.24
1535.24
1535.24
1535.24
1535.12
1535.12
1531.7
1531.7
1531.7
1531.7
1496.56
1496.56
1496.56
1496.56
1424.17
1424.17
1424.17
1424.17
1424.17
1424.17
1424.17
1424.17
1424.17
1419.83
1399.76
1399.76
1399.76
1399.76
1399.76
1399.76
1384.28
1384.28
1384.28
1384.28
1384.28
1365.92
1332.09
1332.09
1332.09
1316.87
1316.87
1316.87
1316.87
1306.13
1306.13
1306.13
1306.13
1306.13
1306.13
1306.13
1306.13
1277.23
1277.23
1277.23
1277.23
1277.23
1274.6
1274.6
1274.6
1274.6
1274.6
1274.6
1274.6
1274.6
1274.6
1274.6
1274.6
1274.6
1271.5
1271.5
1271.5
1256.63
1256.63
1256.63
1256.63
1256.63
1256.63
1256.63
1256.63
1241.97
1241.97
1241.97
1241.97
1241.97
1241.97
1240.08
1240.08
1240.08
1236.51
1230.32
1230.32
1230.32
1230.32
1230.32
1230.32
1230.32
1211.11
1207.68
1207.68
1207.68
1207.68
1202.01
1202.01
1202.01
1198.1
1198.1
1191.16
1191.16
1191.16
1191.16
1191.16
1191.16
1187.96
1187.96
1187.96
1187.96
1187.96
1187.96
1187.96
1187.96
1187.96
1187.96
1187.96
1182.62
1182.62
1178.54
1167.54
1167.54
1167.54
1167.54
1167.54
1160.8
1149.96
1134.3
1134.3
1115
1115
1115
1115
1115
1115
1115
1115
1115
1115
1115
1115
1106.43
1096.28
1096.28
1096.28
1096.28
1095.77
1095.77
1095.77
1095.77
1095.77
1095.77
1095.77
1095.77
1046.57
1046.57
1040.81
1040.81
1040.81
1040.81
1040.81
1040.81
1040.81
1040.81
1040.81
1038.51
1031.45
1031.45
1031.45
1031.45
1031.45
1031.45
1029.95
1029.95
1029.95
1029.95
1029.95
1020.97
1019.6
1016.09
1016.09
1016.09
1008.57
1002.43
990.444
990.444
990.444
990.444
990.444
990.444
971.552
971.552
971.552
971.552
971.552
971.552
971.552
971.552
971.552
964.575
964.575
964.575
964.575
964.575
964.575
963.85
963.85
961.273
961.273
961.273
913.879
913.879
913.879
913.879
913.879
913.879
903.958
903.958
903.958
903.958
890.413
890.413
890.413
890.413
881.565
881.565
881.565
881.565
881.565
881.565
881.565
881.565
881.565
881.565
881.565
881.565
876.397
876.397
876.397
876.397
876.397
876.397
876.397
863.111
863.111
863.111
861.779
861.779
858.601
858.601
858.601
858.601
858.601
852.225
852.225
845.111
844.082
844.082
844.082
844.082
844.082
844.082
844.082
835.463
835.463
835.463
835.463
830.338
830.338
830.006
830.006
814.141
806.381
802.016
802.016
802.016
800.253
800.253
800.253
798.657
798.657
798.488
798.488
798.488
798.488
798.488
770.996
770.996
770.996
770.996
744.026
744.026
743.885
743.762
743.762
743.762
742.239
742.239
742.239
724.139
724.139
718.673
718.673
706.07
706.07
706.07
705.454
705.454
705.454
705.454
695.612
695.612
695.612
695.612
695.612
695.612
695.612
693.852
691.423
691.423
691.423
691.423
691.423
682.233
682.233
682.233
682.233
682.233
682.233
682.233
682.233
682.233
682.233
682.233
682.233
682.233
682.233
682.233
682.233
682.233
682.233
682.233
682.233
680.948
680.948
680.922
676.101
676.101
676.101
676.101
675.034
674.31
674.31
665.222
662.53
662.53
662.53
662.53
662.53
662.53
662.53
657.394
654.294
654.294
654.294
654.294
654.294
654.294
654.294
654.294
654.294
652.644
652.644
624.47
624.47
624.47
621.014
616.721
615.026
614.059
614.059
614.059
613.029
611.356
608.871
606.856
605.067
605.067
599.236
599.236
599.236
599.236
599.236
595.602
592.255
590.774
590.774
590.774
590.774
590.774
590.774
590.774
590.774
590.774
590.774
590.774
587.856
580.221
580.221
579.674
579.181
579.181
579.181
579.181
577.089
577.089
577.089
577.089
577.089
572.98
570.813
570.813
570.813
570.813
570.813
570.813
568.333
568.333
566.119
566.01
566.01
566.01
558.377
557.911
557.911
553.377
552.292
552.292
536.48
536.48
535.648
530.903
525.567
522.252
522.252
522.252
520.068
513.132
510.493
510.493
510.493
510.493
510.493
510.493
495.028
492.426
492.426
492.426
492.426
492.426
492.426
491.679
491.679
491.679
491.679
491.679
491.679
491.679
491.679
491.679
491.679
491.207
491.207
491.207
487.929
485.373
476.181
476.181
476.181
476.172
476.172
476.172
476.172
476.172
476.172
476.172
476.164
476.164
469.539
469.539
441.727
441.727
441.727
441.727
441.727
440.079
440.079
440.079
436.167
433.393
433.393
433.186
433.186
433.186
433.186
432.978
432.978
430.636
430.636
430.636
427.014
427.014
427.014
424.341
424.341
424.341
424.341
424.341
422.671
422.394
391.721
391.721
391.721
391.721
391.721
391.45
391.45
391.45
391.45
391.45
391.45
389.262
389.262
389.262
389.262
389.262
389.262
389.262
388.537
388.537
386.323
386.323
385.383
378.955
378.955
378.955
378.423
378.423
378.423
378.423
378.423
377.823
377.823
377.287
377.287
377.287
372.824
372.824
372.824
372.824
372.824
372.824
372.824
372.824
372.824
370.589
370.589
370.589
370.589
370.589
369.907
369.907
369.253
369.253
369.253
369.253
368.026
368.026
368.026
368.026
368.026
368.026
368.026
368.026
368.014
368.014
368.014
368.014
368.014
368.014
368.014
368.014
367.839
367.79
367.79
367.79
359.529
359.529
357.945
355.298
355.298
355.298
351.028
351.028
349.78
349.78
349.517
349.517
349.517
349.517
348.169
348.169
348.019
348.019
344.043
344.043
344.043
344.043
342.781
342.781
342.781
340.149
337.703
337.703
337.703
335.856
335.856
335.856
335.856
335.856
335.856
335.856
332.503
332.503
329.744
327.891
327.891
327.891
327.891
327.891
327.891
327.891
327.891
327.891
327.891
326.425
323.554
323.554
323.554
313.556
311.548
304.581
304.581
301.414
299.106
299.106
299.106
299.106
297.579
297.579
297.579
297.579
297.579
297.579
297.579
297.579
297.579
297.579
297.579
295.751
292.181
292.181
292.181
292.181
292.181
292.181
290.011
290.011
290.011
290.011
285.711
285.711
285.711
285.711
283.679
283.679
283.679
283.679
283.679
282.182
274.59
274.59
274.59
274.59
274.59
274.59
274.59
274.59
274.59
273.52
273.52
273.52
273.52
273.52
273.52
273.52
270.817
270.817
270.239
270.239
270.239
270.239
268.515
268.515
268.515
268.515
262.95
262.95
262.95
261.47
261.47
261.47
261.47
260.025
260.025
260.025
260.025
260.025
260.025
260.025
260.025
260.025
260.025
260.025
260.025
260.025
256.404
256.404
256.404
256.404
256.185
256.185
255.725
255.247
255.247
254.199
254.199
249.139
249.139
237.259
226.875
226.251
226.251
226.251
226.251
226.251
226.251
225.292
225.292
225.292
225.292
225.292
224.493
224.493
224.493
224.493
224.493
224.493
224.493
224.493
224.493
224.493
224.493
224.493
223.376
223.376
223.376
223.376
223.376
221.748
221.748
221.748
221.748
221.748
221.748
221.748
220.289
220.289
220.289
220.289
219.644
219.644
219.644
219.644
219.024
219.024
219.003
219.003
219.003
219.003
218.801
218.801
218.801
218.311
218.311
218.311
217.956
217.956
217.956
217.956
217.956
217.956
217.956
217.956
217.956
214.191
214.191
214.191
214.191
213.41
213.41
213.41
213.41
212.272
212.272
212.272
212.272
212.115
212.115
212.115
212.115
211.36
210.746
210.746
210.746
210.746
210.746
210.746
210.746
210.746
210.746
209.241
209.241
209.241
208.792
208.792
208.792
208.792
208.589
208.589
208.589
208.589
208.589
208.589
208.589
208.589
208.589
208.589
208.589
208.589
208.589
207.544
202.815
202.815
202.815
202.815
202.174
202.174
202.174
202.174
201.445
201.445
200.07
200.07
193.093
191.473
190.768
190.768
190.768
190.768
190.768
190.768
190.768
190.768
190.768
190.768
190.768
190.768
190.768
189.379
189.379
188.368
188.368
188.368
188.368
188.368
185.885
185.885
185.885
185.885
185.885
185.885
184.651
184.651
184.651
183.89
183.89
183.89
183.89
183.89
183.89
183.89
183.89
183.89
183.835
181.866
181.539
180.811
180.811
180.811
180.576
180.576
180.576
180.458
180.458
180.261
180.261
180.261
180.187
180.187
170.932
170.932
170.513
170.513
169.372
169.117
169.117
169.117
169.117
169.117
169.117
169.117
169.117
169.117
169.117
169.117
169.117
169.117
169.117
169.117
166.405
165.083
165.083
165.083
165.083
164.774
164.769
164.769
164.284
160.462
160.462
160.442
160.079
160.079
160.079
159.934
159.934
159.41
159.41
159.41
159.41
159.14
159.14
159.14
159.14
159.14
158.885
158.885
158.885
158.885
158.885
158.848
158.848
158.848
158.435
158.188
158.125
157.553
157.552
157.552
157.552
157.305
157.305
157.043
154.929
154.929
154.925
154.925
150.254
150.254
147.389
147.158
147.158
147.158
147.158
147.158
145.925
145.306
145.306
145.306
145.306
145.306
145.268
145.168
144.956
144.796
144.796
144.796
144.291
144.291
144.291
144.022
143.982
143.982
143.982
143.958
141.984
141.908
141.908
140.228
140.228
139.303
139.303
139.303
139.303
139.156
139.156
139.156
139.156
138.186
138.186
138.186
138.186
138.186
138.186
138.161
138.161
138.026
136.638
131.487
131.056
130.753
130.753
128.667
128.667
128.667
128.667
128.667
128.667
128.491
125.982
125.982
125.947
125.712
122.774
122.774
122.774
122.774
122.774
122.774
122.456
122.456
121.527
121.527
121.527
119.967
119.967
119.967
119.967
119.967
119.967
119.967
119.967
119.636
119.636
119.636
119.636
119.636
119.636
119.636
119.403
119.403
119.403
119.403
119.403
119.403
118.559
117.989
117.989
117.989
116.237
114.695
114.695
114.695
114.548
114.548
114.548
114.151
113.871
113.871
113.871
113.871
113.871
113.871
113.871
113.357
112.837
112.837
112.837
112.72
112.72
112.72
112.72
112.275
112.147
112.147
112.147
112.147
111.594
111.594
111.594
111.594
111.594
111.594
111.346
111.346
110.51
110.51
110.16
110.16
110.16
110.148
109.996
109.996
109.996
109.996
109.996
109.996
109
109
109
109
109
109
108.829
108.761
108.761
108.761
108.561
108.561
108.39
108.39
108.39
108.39
107.983
107.983
107.983
107.261
107.261
107.253
107.253
107.253
107.253
107.233
107.233
107.233
107.233
107.233
107.161
106.563
106.563
106.563
106.563
106.079
106.079
106.079
106.079
105.511
103.294
103.294
103.292
103.199
102.827
102.827
102.827
102.6
102.6
102.6
102.6
102.6
102.6
102.6
102.6
102.581
102.581
99.0035
99.0035
98.515
98.515
98.515
95.0895
90.887
90.887
90.6175
90.6175
90.6127
88.5857
88.5857
88.5857
88.5857
88.5857
87.8179
87.8179
87.8179
87.8179
87.8179
87.8179
87.8179
87.8179
87.8179
87.8179
87.7215
87.7215
87.7215
87.7215
87.5552
86.001
86.001
86.001
86.001
86.001
86.001
86.001
86.001
86.001
86.001
85.9223
85.5001
85.5001
85.5001
85.5001
85.5001
85.1854
85.1854
85.1854
85.1854
85.1854
80.8666
80.2881
80.2881
80.2881
80.2379
80.2379
79.9237
79.9237
79.8699
79.8699
79.7284
79.7284
79.7284
79.7284
79.7284
79.7284
79.7284
79.7284
78.0355
78.0355
78.0355
77.3851
76.9131
76.9131
76.9131
76.1515
76.1515
76.0441
76.0441
76.0441
76.0441
76.0441
76.0441
76.0441
75.9532
75.9532
75.9532
75.9532
75.9532
75.9532
75.4564
75.4564
75.4564
74.6918
74.6918
74.6918
74.6918
74.6918
74.6918
74.6918
74.6918
74.5857
74.5857
74.5857
74.5548
74.4474
74.4474
73.6301
73.5023
73.5023
73.5023
73.1124
73.1124
73.1124
72.6446
72.6446
72.6446
72.5353
72.5353
72.5353
72.5353
71.2052
71.2052
68.002
67.1726
67.1726
67.1726
66.6308
66.3683
66.3278
66.2117
66.2117
66.2117
66.2117
66.1821
66.1821
66.0129
65.2454
65.2454
65.2454
65.2454
65.2454
64.9936
64.9143
64.9143
64.9143
64.9143
64.416
64.248
64.248
63.0758
63.0758
63.0758
63.0758
63.0758
63.0758
63.0341
63.0341
63.0341
63.0341
63.0341
63.0341
62.7865
62.7865
62.7865
62.7865
62.7865
62.7744
62.4422
62.4322
62.4322
62.4322
62.4067
62.4067
62.4067
60.5769
60.4968
60.3572
60.3572
60.3572
58.6639
58.6639
58.6639
58.5675
58.5675
58.5675
58.5675
58.531
58.5214
58.5214
58.5214
58.5214
58.5214
58.5214
58.4952
58.4952
58.4952
58.2761
58.0614
58.0614
58.0367
57.938
57.938
56.8676
56.8676
56.8676
56.8676
56.8676
56.7938
56.6888
56.6888
56.6888
56.6888
56.4484
56.4484
56.4484
54.8696
54.8696
54.8696
54.8696
53.928
53.819
53.819
53.819
53.7582
53.7379
53.7379
53.6426
53.6426
53.6426
53.625
53.625
53.5188
53.4637
53.4637
53.4637
53.4637
53.4637
53.3879
53.3879
53.3879
52.976
52.976
52.976
52.9554
52.9554
52.892
52.5436
52.5319
52.5319
52.5319
52.5319
52.5319
52.1953
52.1385
52.1385
52.1385
51.9628
51.9628
51.8951
51.8951
51.8951
51.6372
51.5777
51.5714
51.5714
51.5714
51.5099
51.5099
51.5099
51.5099
51.5099
51.5099
51.5099
51.481
51.481
51.481
51.4404
51.3118
51.3118
51.3118
51.3118
51.3118
51.3118
51.3118
51.3118
51.2867
51.2867
51.2551
50.6107
50.5721
50.3397
50.3397
50.3397
50.3397
50.3397
48.9015
48.9015
48.9015
45.917
45.8661
45.8661
45.8216
45.8216
45.8027
45.7817
45.7817
45.7817
45.7569
45.5655
45.4916
45.4733
45.4366
45.4366
45.4366
45.1516
45.1516
45.0031
45.0031
41.2599
41.2599
41.2201
40.6834
40.6834
40.6834
40.6834
40.6584
40.6584
40.6584
40.6584
40.6584
40.6584
40.6584
40.5337
40.5337
40.5337
40.5337
40.5337
39.7366
39.7366
39.7366
38.8421
38.8421
38.8421
38.8421
38.8421
38.8421
38.8421
38.8386
38.8386
38.8386
38.5857
38.5857
38.5857
38.5857
38.2959
38.2959
38.2959
38.1998
38.1998
38.1998
38.1998
38.1998
38.1998
38.185
38.185
37.8017
37.7977
37.7977
37.7343
37.7343
37.7343
37.7343
37.7343
36.7722
36.7701
36.7701
36.7701
36.7701
36.7025
36.6882
36.6882
36.6882
36.6882
36.5216
36.4721
36.4721
36.4721
36.4412
36.4412
36.4412
36.4412
36.4412
36.4412
36.4412
35.8924
35.6001
35.6001
35.5719
35.5719
35.5719
35.5719
35.5719
35.5719
35.5719
35.5459
35.5459
35.5459
35.5136
35.5136
35.5136
34.4454
34.4262
34.3942
34.3942
34.3942
34.3942
34.0274
34.0274
34.0274
34.0004
34.0004
34.0004
34.0004
33.8899
33.2464
33.2464
33.2464
33.2464
33.2464
33.2464
32.8073
32.6062
32.6003
32.4693
32.3536
32.3536
32.3536
32.3383
32.338
32.338
32.1475
32.1475
32.1294
32.1294
32.1294
32.1294
32.0237
31.9247
31.9247
31.9247
31.9247
31.8951
31.8587
31.4846
31.4846
28.7682
28.5991
28.5926
28.5926
28.568
28.568
28.568
28.568
28.3264
28.3024
28.3024
28.2968
27.1273
27.1273
26.8959
26.8959
26.8959
26.8959
26.7663
26.7663
26.7663
26.7663
26.7663
26.7569
26.7569
26.7569
26.7569
26.6329
26.6248
26.5446
26.5446
26.5446
26.5446
26.4646
26.4646
26.4646
26.4646
26.4523
26.4413
26.4413
26.2993
26.2993
26.121
26.1116
26.1081
26.0781
25.9298
25.9008
25.9008
25.9008
25.7043
25.572
25.572
25.3785
25.3785
25.3785
25.3784
25.0908
25.0908
25.0908
25.0908
25.0908
25.0644
25.0495
25.0495
25.0495
25.0495
24.9732
24.9732
24.7323
24.7323
24.7323
24.7323
24.6767
24.6767
24.6767
24.6767
24.6392
24.6392
24.6392
24.6392
24.6392
24.633
24.1215
24.1215
24.0094
24.0094
24.0094
24.0094
24.0094
24.0094
23.9994
23.9994
23.9994
23.9994
23.8696
23.8696
23.8696
23.6448
23.6337
23.6337
23.6062
23.6062
23.5862
23.5862
23.5862
22.9274
22.9274
22.9274
22.8612
22.8612
22.854
22.8244
22.8244
22.8023
21.7559
21.3405
21.2831
21.2548
21.2548
21.2548
21.2548
21.2548
21.2548
21.2548
21.2548
21.2548
21.2548
20.8512
20.7426
20.7426
20.663
20.6544
20.6341
20.425
20.424
20.424
20.424
19.7413
19.732
19.7285
19.6975
19.6926
19.6296
19.6296
19.5438
19.5354
19.5354
19.5339
19.5339
19.515
19.515
19.5081
19.5081
19.4716
19.4716
19.4716
19.4716
19.4716
19.4337
19.4337
19.4337
19.4281
19.4281
19.4248
19.3934
19.3934
19.3934
19.3264
19.3264
19.3175
19.2366
19.1529
19.1035
19.1035
19.1035
18.858
18.8346
18.8206
18.8206
18.8206
18.8206
18.8206
18.7539
18.5221
18.5019
18.5019
18.5019
18.5019
18.5019
18.3754
18.3622
18.328
18.2361
18.1632
18.1632
18.1632
18.1562
18.1562
18.1338
18.0079
17.998
17.9646
17.9646
17.9646
17.9646
17.9646
17.9646
17.7878
17.7862
17.7862
17.7862
17.7862
17.7328
17.7328
17.7328
17.7132
17.7053
17.6265
17.5877
17.5877
17.5877
17.5581
17.4516
17.4516
17.4516
17.2797
17.2797
17.2797
17.2797
17.194
17.194
17.194
17.194
17.194
17.1431
17.1431
17.122
17.122
17.122
17.122
17.0309
17.0298
17.0298
16.9835
16.9671
16.6851
16.6851
16.3978
16.3978
16.3784
16.3784
16.3784
16.1309
16.1309
15.5411
15.5411
15.523
15.5162
15.5162
15.5162
15.5162
15.4746
15.4746
15.4746
15.4746
15.4746
15.4746
15.4722
15.4722
15.2775
15.2371
15.2371
15.2371
15.2371
15.2371
15.2228
15.1823
15.1823
15.1073
15.1073
15.0641
15.0641
15.0376
14.9942
14.9942
14.9182
14.9182
14.9182
14.9182
14.9135
14.7922
14.7922
14.7922
14.7908
14.7908
14.7885
14.7779
14.7779
14.7779
14.7779
14.7779
14.7779
14.7683
14.7683
14.7683
14.7683
14.7683
14.7683
14.7544
14.7544
14.7449
14.7449
14.7449
14.7449
14.7449
14.7449
14.7449
14.7344
14.7118
14.7118
14.5863
14.5276
14.5174
14.5174
14.5174
14.5034
14.5034
14.5034
14.5034
14.5034
14.2922
14.2456
14.2456
14.2456
14.2163
14.0135
13.9258
13.9226
13.8469
13.8078
13.8078
13.8078
13.8078
13.8078
13.8078
13.7407
13.5959
13.1736
12.9542
12.9271
12.9271
12.9271
12.9126
12.9126
12.8886
12.8886
12.8886
12.7768
12.7768
12.7768
12.7768
12.7768
12.7768
12.7687
12.7537
12.749
12.7486
12.7153
12.7153
12.7153
12.7153
12.7153
12.7064
12.7064
12.7064
12.7064
12.6942
12.6942
12.6382
12.6382
12.6382
12.6382
12.6203
12.5933
12.5322
12.5322
12.5322
12.5322
12.5208
12.5208
12.3688
12.3688
12.3688
12.3688
12.3688
12.3688
12.3688
12.2963
12.2963
12.2963
12.2963
12.1151
12.1151
12.1013
12.0849
12.06
12.0139
11.7029
11.6282
11.6282
11.6282
11.6282
11.6122
11.608
11.608
11.608
11.608
11.608
11.608
11.608
11.608
11.5111
11.406
11.406
11.406
11.2956
11.2956
11.2956
11.29
11.091
11.0749
11.0749
11.0749
11.0436
11.0436
11.022
10.9836
10.9832
10.9659
10.9659
10.9659
10.9659
10.9314
10.9314
10.9306
10.9266
10.9265
10.8752
10.8218
10.8218
10.8218
10.7982
10.7535
10.7472
10.7082
10.7066
10.7057
10.6338
10.6338
10.6338
10.6303
10.6303
10.6303
10.6303
10.6303
10.6303
10.6303
10.5836
10.5836
10.5836
10.5809
10.5809
10.4255
10.3928
10.3902
10.3902
10.3819
10.3083
10.3052
10.3052
10.3052
10.3014
10.2784
10.2784
10.2709
10.2709
10.2709
10.2663
10.2581
10.2394
10.2394
10.2394
10.2394
10.2221
10.2208
10.2208
10.2139
10.2139
10.2139
10.1218
10.1218
10.1218
10.1143
10.1136
10.099
10.099
10.096
10.0672
10.0457
10.0389
10.0389
10.0385
9.85251
9.84718
9.84718
9.80564
9.80564
9.80564
9.80564
9.79168
9.79168
9.79168
9.79168
9.79168
9.64596
9.64596
9.64221
9.62429
9.62429
9.624
9.624
9.51896
9.51795
9.5077
9.50471
9.50222
9.19664
9.18672
9.16907
9.16199
9.16114
9.12125
9.10606
9.10606
9.07425
9.07425
9.07425
9.06979
9.02111
9.02111
9.02111
9.02111
9.02111
9.02111
9.02068
9.01929
9.01929
9.01709
8.99857
8.96561
8.95711
8.94731
8.93336
8.93336
8.93336
8.92888
8.92727
8.9239
8.91117
8.91117
8.85089
8.85089
8.85089
8.83585
8.83585
8.81567
8.79646
8.79646
8.71292
8.70305
8.70282
8.69901
8.69901
8.69084
8.69084
8.68545
8.68349
8.67839
8.67839
8.66526
8.66526
8.65398
8.63706
8.63706
8.62062
8.62062
8.57053
8.56386
8.43448
8.43448
8.42722
8.42722
8.4083
8.4083
8.39799
8.38349
8.38349
8.38349
8.36284
8.35561
8.34361
8.33309
8.33309
8.26339
8.26339
8.26339
8.2407
8.2407
8.2407
8.21225
8.19565
8.19565
8.19565
8.19565
8.17736
7.87895
7.87895
7.87859
7.85547
7.85547
7.85343
7.83247
7.81374
7.56073
7.55351
7.53201
7.53201
7.53201
7.53201
7.53201
7.36033
7.36033
7.36033
7.36033
7.35874
7.35874
7.34219
7.34096
7.34096
7.34096
7.34096
7.33686
7.33686
7.33624
7.33603
7.33346
7.33302
7.32861
7.31909
7.31594
7.31594
7.31412
7.3062
7.3062
7.27778
7.0851
7.0851
7.0851
7.08028
7.06455
7.0288
7.0178
7.01403
7.01403
7.00598
7.00598
6.99627
6.9943
6.99311
6.99186
6.98273
6.98273
6.97751
6.86456
6.86006
6.85704
6.85704
6.84862
6.84808
6.84808
6.84149
6.83234
6.83234
6.83234
6.80889
6.77772
6.77772
6.76789
6.76789
6.76718
6.74138
6.74138
6.74138
6.74138
6.74017
6.67368
6.67368
6.67156
6.67116
6.65911
6.6248
6.60224
6.59595
6.59595
6.59595
6.48245
6.48245
6.48245
6.41794
6.41794
6.41794
6.3771
6.3771
6.37694
6.37694
6.29621
6.29621
6.29582
6.29577
6.29424
6.28692
6.25961
6.25319
6.25319
6.25289
6.25081
6.24881
6.24881
6.24881
6.24664
6.2434
6.23647
6.23647
6.19473
6.19473
6.19129
6.19129
6.17144
6.17144
6.17137
6.11013
6.10154
6.09463
5.96276
5.96276
5.96093
5.94005
5.91506
5.91506
5.88168
5.88168
5.88168
5.87075
5.86923
5.86698
5.86698
5.86698
5.86607
5.86607
5.85837
5.85837
5.85837
5.85569
5.76094
5.7553
5.75123
5.75035
5.68639
5.68639
5.68639
5.68562
5.68562
5.68562
5.67637
5.67637
5.66211
5.66211
5.66167
5.66152
5.66052
5.5847
5.58128
5.55684
5.4883
5.48713
5.48578
5.46834
5.46834
5.46351
5.46197
5.46197
5.46197
5.46098
5.45773
5.45077
5.45077
5.45036
5.45036
5.44531
5.44519
5.33831
5.33831
5.30995
5.30908
5.24001
5.24001
5.2396
5.23751
5.22275
5.19284
5.19049
5.19042
5.19042
5.18982
5.18915
5.18915
5.1854
5.1854
5.1854
5.18524
5.16947
5.16947
5.16002
5.15063
5.14599
5.04509
5.04509
5.009
5.00374
5.00374
5.00374
4.92422
4.92422
4.92422
4.92422
4.92422
4.92422
4.92422
4.92195
4.92195
4.90959
4.89611
4.89477
4.89063
4.89063
4.89063
4.89063
4.87498
4.87222
4.87222
4.86526
4.86192
4.85083
4.80769
4.80726
4.80342
4.80342
4.80259
4.8
4.79831
4.79395
4.78631
4.78631
4.78631
4.78631
4.77678
4.76547
4.76268
4.74788
4.74788
4.73445
4.71681
4.71481
4.71481
4.70491
4.70477
4.70477
4.70379
4.70379
4.69946
4.691
4.64616
4.64555
4.64484
4.64484
4.63245
4.62192
4.62192
4.6214
4.61823
4.60819
4.6076
4.6076
4.6076
4.6076
4.60477
4.60477
4.60477
4.57923
4.57923
4.55004
4.54746
4.5401
4.53953
4.48593
4.48593
4.44165
4.44139
4.44136
4.44136
4.43761
4.43761
4.39006
4.36993
4.34398
4.34168
4.34168
4.34077
4.34077
4.32906
4.32906
4.32906
4.32906
4.32906
4.32906
4.32175
4.32175
4.32006
4.32006
4.32006
4.32006
4.31953
4.31953
4.31859
4.31859
4.31859
4.31381
4.31361
4.31361
4.31361
4.30422
4.3041
4.3041
4.3041
4.3041
4.3033
4.3024
4.23795
4.23527
4.23502
4.23429
4.20357
4.20327
4.18125
4.18125
4.18125
4.18125
4.1801
4.17786
4.17786
4.15397
4.15389
4.14289
4.1382
4.1332
4.13176
4.1302
4.1302
4.12989
4.12989
4.12842
4.12441
4.12441
4.12441
4.12441
4.12025
4.12025
4.11929
4.11829
4.07884
4.07847
4.07847
4.07789
4.07765
4.07765
4.07343
4.07177
4.07008
4.06702
4.06702
4.04926
4.01797
4.01797
4.01797
3.96407
3.96407
3.9566
3.9566
3.94856
3.946
3.946
3.946
3.946
3.94559
3.94528
3.94528
3.94358
3.94358
3.94358
3.94341
3.94341
3.94341
3.94341
3.91624
3.91543
3.90722
3.90328
3.89787
3.88982
3.88779
3.88706
3.88706
3.88706
3.88629
3.88629
3.88527
3.8838
3.86352
3.85963
3.8541
3.85343
3.85221
3.85203
3.85203
3.85164
3.84974
3.84624
3.84462
3.84462
3.8442
3.8436
3.84343
3.84343
3.84282
3.84282
3.75471
3.75325
3.75325
3.75325
3.75265
3.75253
3.75253
3.75253
3.7504
3.7504
3.74442
3.74442
3.73881
3.7107
3.70954
3.70954
3.70198
3.69872
3.68925
3.68925
3.68925
3.68925
3.68882
3.68882
3.68826
3.68807
3.68679
3.68558
3.68503
3.68442
3.68164
3.68138
3.67919
3.67919
3.67919
3.67919
3.6765
3.65717
3.65717
3.62663
3.62653
3.62595
3.62595
3.62415
3.62415
3.61135
3.61135
3.60532
3.60395
3.59977
3.59977
3.58956
3.58956
3.58956
3.58589
3.58302
3.58264
3.58264
3.58264
3.58214
3.57984
3.57984
3.57251
3.57251
3.55675
3.55311
3.55269
3.55269
3.53334
3.53334
3.53334
3.5277
3.5277
3.51391
3.51368
3.51333
3.4728
3.46701
3.46701
3.4652
3.4652
3.46033
3.46033
3.46011
3.45566
3.45566
3.45431
3.45421
3.44387
3.44387
3.42477
3.42477
3.42464
3.4213
3.41984
3.40604
3.40604
3.40604
3.39912
3.39528
3.35739
3.35553
3.35553
3.3546
3.3546
3.35458
3.34893
3.34365
3.34365
3.33198
3.33174
3.33174
3.33174
3.33152
3.33033
3.32994
3.3243
3.32408
3.32256
3.32256
3.31902
3.31486
3.31354
3.3099
3.30373
3.29773
3.29636
3.28668
3.25697
3.25697
3.2549
3.2549
3.2549
3.2549
3.25406
3.25284
3.25037
3.25037
3.24032
3.23917
3.23917
3.23917
3.23836
3.2359
3.2359
3.23479
3.23206
3.22575
3.22437
3.22215
3.22137
3.22073
3.22073
3.22073
3.22068
3.21687
3.1977
3.1977
3.14873
3.14873
3.1475
3.1475
3.1473
3.13529
3.13529
3.13213
3.13088
3.13088
3.13088
3.13049
3.13049
3.13049
3.13049
3.12876
3.12876
3.12876
3.12876
3.1172
3.1172
3.11479
3.1146
3.1146
3.1146
3.11438
3.11243
3.11107
3.11107
3.11107
3.11107
3.11107
3.11107
3.11107
3.11106
3.10027
3.09826
3.0979
3.0979
3.07862
3.07644
3.07316
3.07316
3.07252
3.06413
3.06413
3.06406
3.05281
3.05223
3.05215
3.052
3.052
3.05112
3.03289
3.03289
3.03108
3.03108
3.03065
3.00665
3.00618
3.00618
3.00477
3.00401
3.00396
3.00396
3.00244
2.99453
2.99395
2.99286
2.99243
2.99243
2.99032
2.98858
2.98858
2.98569
2.98441
2.98395
2.97886
2.97876
2.97855
2.97768
2.97632
2.97161
2.97161
2.96074
2.9597
2.95859
2.95656
2.95656
2.95539
2.95539
2.95262
2.95237
2.95155
2.9501
2.95008
2.94984
2.94909
2.94909
2.94816
2.94704
2.93835
2.93835
2.93835
2.92332
2.92249
2.92249
2.92095
2.92095
2.92095
2.92037
2.91679
2.91135
2.91135
2.91135
2.91103
2.91084
2.91084
2.91084
2.91084
2.91084
2.90477
2.90447
2.90447
2.90421
2.90421
2.90351
2.89319
2.89255
2.89052
2.88871
2.88865
2.88854
2.88854
2.88846
2.88651
2.88564
2.8647
2.86324
2.86324
2.86324
2.8628
2.86211
2.86211
2.86211
2.86115
2.86044
2.85972
2.85941
2.85941
2.85941
2.85896
2.85711
2.85711
2.85627
2.85398
2.84441
2.83966
2.83696
2.83696
2.83696
2.83588
2.8244
2.82416
2.81499
2.81404
2.81058
2.81058
2.80825
2.80568
2.80447
2.80447
2.80447
2.80263
2.79734
2.79709
2.79604
2.79273
2.79273
2.79273
2.79273
2.79114
2.78372
2.78372
2.78324
2.78042
2.77997
2.77885
2.77636
2.77636
2.77636
2.77374
2.77374
2.77319
2.77319
2.77319
2.77283
2.77039
2.76979
2.76735
2.74414
2.74278
2.73934
2.73903
2.73406
2.72744
2.72738
2.72738
2.72657
2.72538
2.72472
2.7134
2.71237
2.70386
2.70071
2.69823
2.69758
2.69617
2.69617
2.69447
2.68722
2.68004
2.67992
2.67992
2.67958
2.67871
2.6764
2.67474
2.67408
2.6738
2.6702
2.66726
2.66614
2.66614
2.66595
2.66567
2.66157
2.66157
2.66114
2.654
2.6519
2.64758
2.64758
2.64689
2.6439
2.64094
2.64087
2.63826
2.62721
2.62699
2.62607
2.62607
2.6239
2.6233
2.6233
2.6233
2.62151
2.62015
2.61356
2.6126
2.6126
2.6126
2.61257
2.61257
2.59784
2.59773
2.59424
2.59136
2.59046
2.59046
2.59046
2.59039
2.58709
2.58709
2.57902
2.57902
2.57902
2.57711
2.57582
2.57582
2.57582
2.57582
2.57582
2.57582
2.57269
2.57241
2.57177
2.56964
2.56964
2.56931
2.56931
2.56931
2.56571
2.56335
2.56333
2.56021
2.55509
2.55363
2.55285
2.54998
2.54739
2.5473
2.54554
2.54478
2.53853
2.53836
2.53836
2.53836
2.53666
2.53666
2.53666
2.53394
2.53394
2.53394
2.53303
2.53303
2.53303
2.52936
2.52936
2.52936
2.52447
2.52447
2.52433
2.5125
2.51189
2.51142
2.50549
2.50541
2.50338
2.50338
2.50174
2.50084
2.50084
2.50024
2.50017
2.50017
2.50017
2.49582
2.48946
2.47933
2.47905
2.47905
2.47899
2.47738
2.47447
2.46842
2.46842
2.46806
2.46806
2.46176
2.46176
2.46062
2.45611
2.45603
2.45216
2.45216
2.45075
2.45064
2.45064
2.45052
2.44959
2.44909
2.44909
2.44909
2.44871
2.4448
2.44442
2.44355
2.44348
2.4416
2.43662
2.43657
2.43262
2.43146
2.4205
2.42029
2.42029
2.42029
2.4186
2.41848
2.41848
2.41771
2.41019
2.40504
2.4037
2.4037
2.40252
2.40248
2.40248
2.40141
2.40093
2.39961
2.39961
2.39961
2.39921
2.38939
2.38939
2.38939
2.38939
2.38939
2.38939
2.3892
2.3892
2.3892
2.38683
2.38601
2.3849
2.38429
2.38376
2.38278
2.37871
2.37871
2.37871
2.37638
2.37622
2.37622
2.37594
2.36504
2.36503
2.36164
2.36154
2.36133
2.36096
2.36079
2.35927
2.35927
2.35659
2.3514
2.3514
2.35073
2.35073
2.35059
2.34904
2.34833
2.34762
2.34762
2.34668
2.34629
2.34609
2.34609
2.34609
2.34449
2.34445
2.34423
2.34423
2.33721
2.33721
2.33624
2.33542
2.33406
2.33406
2.33406
2.33406
2.33295
2.33218
2.32801
2.32801
2.32796
2.32794
2.3229
2.32144
2.32144
2.31985
2.31985
2.31978
2.31978
2.31978
2.31929
2.31929
2.31929
2.31373
2.31259
2.31259
2.31259
2.31257
2.31254
2.3082
2.3082
2.30793
2.30793
2.3061
2.30447
2.30327
2.30327
2.30327
2.30327
2.30209
2.30151
2.30151
2.29975
