100 
99 
98.01 
97.0299 
96.0596 
95.099 
94.148 
93.2065 
92.2745 
91.3517 
90.4382 
89.5338 
88.6385 
87.7521 
86.8746 
86.0058 
85.1458 
84.2943 
83.4514 
82.6169 
81.7907 
80.9728 
80.1631 
79.3614 
78.5678 
77.7821 
77.0043 
76.2343 
75.4719 
74.7172 
73.97 
73.2303 
72.498 
71.7731 
71.0553 
70.3448 
69.6413 
68.9449 
68.2555 
67.5729 
66.8972 
66.2282 
65.5659 
64.9103 
64.2612 
63.6185 
62.9824 
62.3525 
61.729 
61.1117 
60.5006 
59.8956 
59.2966 
58.7037 
58.1166 
57.5355 
56.9601 
56.3905 
55.8266 
55.2683 
54.7157 
54.1685 
53.6268 
53.0906 
52.5596 
52.0341 
51.5137 
50.9986 
50.4886 
49.9837 
49.4839 
48.989 
48.4991 
48.0141 
47.534 
47.0587 
46.5881 
46.1222 
45.661 
45.2044 
44.7523 
44.3048 
43.8618 
43.4231 
42.9889 
42.559 
42.1334 
41.7121 
41.295 
40.882 
40.4732 
40.0685 
39.6678 
39.2711 
38.8784 
38.4896 
38.1047 
37.7237 
37.3464 
36.973 
