1  100 150000  30 1 100 4
2  100 200000  30 1 100 4
3  100 500000  30 1 100 4
4  100 500000  30 1 100 4
5  100 300000  30 1 100 4
5  100 2000000 30 1 100 4
6  100 10000   30 1 100 4
6  100 150000  30 1 100 4
7  100 300000  30 1 100 4
8  100 900000  30 1 100 4
9  100 100000  30 1 100 4
9  100 500000  30 1 100 4
10 100 50000   30 1 100 4
10 100 200000  30 1 100 4
11 100 50000   30 1 100 4
11 100 300000  30 1 100 4
12 100 50000   30 1 100 4
12 100 150000  30 1 100 4
13 100 50000   30 1 100 4
13 100 150000  30 1 100 4