1  30 100000 50   1 0.05 0.1
1  30 100000 100  1 0.05 0.1
2  30 100000 50   1 0.05 0.1
2  30 100000 100  1 0.05 0.1
3  30 100000 50   1 0.05 0.1
3  30 100000 100  1 0.05 0.1
4  30 100000 50   1 0.05 0.1
4  30 100000 100  1 0.05 0.1
5  30 100000 50   1 0.05 0.1
5  30 100000 100  1 0.05 0.1
6  30 100000 50   1 0.05 0.1
6  30 100000 100  1 0.05 0.1
7  30 100000 50   1 0.05 0.1
7  30 100000 100  1 0.05 0.1
8  30 100000 50   1 0.05 0.1
8  30 100000 100  1 0.05 0.1
9  30 100000 50   1 0.05 0.1
9  30 100000 100  1 0.05 0.1
10 30 100000 50   1 0.05 0.1
10 30 100000 100  1 0.05 0.1
11 30 100000 50   1 0.05 0.1
11 30 100000 100  1 0.05 0.1
12 30 100000 50   1 0.05 0.1
12 30 100000 100  1 0.05 0.1
13 30 100000 50   1 0.05 0.1
13 30 100000 100  1 0.05 0.1

