59705.2
51351.2
46573.2
42244.1
37020.2
34220
30416.1
29849.6
26687.9
25221
22285.8
20631.1
18768.6
16855.5
15870.6
14485.1
13739.6
12345.3
11663.9
10579.9
9293.63
8924.74
8766.2
8241.51
7491.8
6830.33
6308.14
5792.93
5276.39
4746.29
4476.75
4297.04
4066.59
3598.25
3250.85
2961.42
2830.75
2590.18
2383.55
2147.27
1929.28
1760.88
1618.04
1544.34
1446.41
1356.43
1306.15
1149.34
1085.46
961.895
936.862
859.328
818.598
744.016
672.188
634.259
605.399
551.905
478.904
434.419
415.495
379.518
374.971
348.985
307.97
288.263
268.728
250.296
218.934
203.693
191.932
166.631
162.698
144.735
135.047
124.911
116.21
109.456
106.498
96.0576
89.0327
86.5011
81.893
77.7528
71.6855
68.7607
62.6832
57.2104
54.1679
51.1445
46.1945
44.2669
41.8879
39.4173
35.5512
30.6523
28.0441
25.8987
23.3223
21.6781
20.6703
19.2507
18.2918
17.3967
16.5382
15.9088
14.5509
13.6625
13.0824
12.064
11.5959
10.6346
9.82478
9.36541
8.69928
7.91805
7.60507
7.44485
6.76222
6.55699
5.73221
5.49886
5.17702
4.83869
4.51144
4.10772
3.84902
3.54115
3.28122
3.16275
2.83822
2.66232
2.49976
2.31112
2.1775
1.98998
1.89283
1.6637
1.55849
1.44709
1.39195
1.2442
1.08067
0.97384
0.909221
0.881013
0.788766
0.69027
0.625403
0.596225
0.542981
0.500673
0.477829
0.449274
0.414603
0.373214
0.346805
0.317466
0.299673
0.272211
0.253632
0.227754
0.215071
0.194784
0.176783
0.161635
0.153696
0.143311
0.13346
0.129014
0.122922
0.115163
0.10782
0.101446
0.091928
0.0869047
0.0770226
0.0698064
0.0655287
0.0629504
0.0570714
0.0533056
0.0500922
0.0450076
0.0411938
0.0389172
0.0362954
0.0338934
0.0308011
0.0286369
0.027086
0.0232719
0.0219713
0.0211136
0.020183
0.0175093
0.0159586
0.0149828
0.0138322
0.0134433
0.0126664
0.0114432
0.0109352
0.00994429
0.00902635
0.00859512
0.00783966
0.00718538
0.00659752
0.00612858
0.00569371
0.0051146
0.00492358
0.00462874
0.00433958
0.00398793
0.00370245
0.00348822
0.00328578
0.00301688
0.00275929
0.00258078
0.00245737
0.00218151
0.00212262
0.00201959
0.00190165
0.00164437
0.00158321
0.00153326
0.00137354
0.00136197
0.00127742
0.00121911
0.00116441
0.00111121
0.000916513
0.000830671
0.000704159
0.000665579
0.000574035
0.000557758
0.00052444
0.000488418
0.000446582
0.000427433
0.000370015
0.000353397
0.000310284
0.000283106
0.000262836
0.00025414
0.000231313
0.000211074
0.000199445
0.000184798
0.000155622
0.000143632
0.000140382
0.000134832
0.000123936
0.000111327
0.000100935
9.49979e-005
9.11075e-005
8.32409e-005
7.77467e-005
6.53987e-005
6.28453e-005
5.92992e-005
5.81189e-005
5.49449e-005
5.24079e-005
4.88237e-005
4.49513e-005
4.14176e-005
3.879e-005
3.61119e-005
3.17849e-005
2.8714e-005
2.48372e-005
2.11082e-005
1.8997e-005
1.87287e-005
1.67753e-005
1.57252e-005
1.47701e-005
1.37282e-005
1.30273e-005
1.11925e-005
1.05492e-005
1.01569e-005
9.31476e-006
8.97555e-006
8.75954e-006
8.09077e-006
7.29228e-006
6.99022e-006
6.69064e-006
6.19176e-006
5.7122e-006
5.42441e-006
5.16842e-006
4.4285e-006
4.19324e-006
4.04738e-006
3.60241e-006
3.34904e-006
3.18525e-006
2.87427e-006
2.57538e-006
2.363e-006
2.21858e-006
1.92675e-006
1.90973e-006
1.75982e-006
1.65388e-006
1.45324e-006
1.30225e-006
1.22052e-006
1.15943e-006
1.1313e-006
1.0488e-006
9.29586e-007
8.98694e-007
8.59202e-007
7.92864e-007
7.31071e-007
6.93099e-007
6.62634e-007
5.90507e-007
5.735e-007
5.35267e-007
5.19662e-007
4.88438e-007
4.66278e-007
4.45458e-007
4.08233e-007
3.71685e-007
3.47954e-007
3.34939e-007
3.16653e-007
2.78127e-007
2.58456e-007
2.4111e-007
2.25577e-007
2.08508e-007
1.94124e-007
1.68766e-007
1.58893e-007
1.43418e-007
1.30382e-007
1.22312e-007
1.14302e-007
1.06596e-007
9.71915e-008
9.17129e-008
8.68106e-008
8.23818e-008
7.83374e-008
7.09411e-008
6.41639e-008
5.71703e-008
5.33989e-008
4.87267e-008
4.38787e-008
3.96246e-008
3.74007e-008
3.52746e-008
2.91705e-008
2.56147e-008
2.44966e-008
2.29508e-008
2.0353e-008
1.95533e-008
1.71615e-008
1.54862e-008
1.40594e-008
1.36895e-008
1.24737e-008
1.09345e-008
9.8421e-009
8.87663e-009
8.30055e-009
7.9232e-009
7.2877e-009
6.82549e-009
6.50007e-009
6.04831e-009
5.71411e-009
5.26603e-009
4.80833e-009
4.65812e-009
4.39706e-009
3.96327e-009
3.49323e-009
3.17386e-009
3.156e-009
2.78409e-009
2.73965e-009
2.3919e-009
2.29604e-009
1.99347e-009
1.80687e-009
1.77011e-009
1.63038e-009
1.50849e-009
1.4738e-009
1.44316e-009
1.35415e-009
1.25142e-009
1.1408e-009
1.06829e-009
9.63396e-010
9.44279e-010
8.39556e-010
7.91448e-010
7.67345e-010
6.56927e-010
6.35554e-010
5.60737e-010
5.3252e-010
5.00791e-010
4.40073e-010
3.76485e-010
3.54243e-010
3.31451e-010
3.22202e-010
3.14037e-010
2.9413e-010
2.86228e-010
2.69848e-010
2.50439e-010
2.36676e-010
2.14163e-010
2.02195e-010
1.9315e-010
1.80632e-010
1.64055e-010
1.47161e-010
1.42555e-010
1.31478e-010
1.23372e-010
1.15726e-010
1.04963e-010
9.32638e-011
8.24256e-011
7.34493e-011
7.05582e-011
6.66398e-011
6.42532e-011
6.24319e-011
5.98164e-011
5.33435e-011
5.24048e-011
4.92103e-011
4.68627e-011
4.38716e-011
3.97129e-011
3.7033e-011
3.35166e-011
3.20975e-011
2.92582e-011
2.75877e-011
2.51152e-011
2.12667e-011
1.9597e-011
1.83043e-011
1.6584e-011
1.5243e-011
1.49287e-011
1.31164e-011
1.20891e-011
1.1445e-011
1.05218e-011
1.02955e-011
8.78243e-012
7.84133e-012
7.20199e-012
6.76607e-012
6.3573e-012
5.99534e-012
5.60902e-012
5.02843e-012
4.39907e-012
3.94359e-012
3.36739e-012
3.21694e-012
2.98129e-012
2.73313e-012
2.63022e-012
2.50816e-012
2.39086e-012
2.09729e-012
1.96405e-012
1.8637e-012
1.8105e-012
1.69103e-012
1.57405e-012
1.51208e-012
1.38717e-012
1.34397e-012
1.33567e-012
1.24589e-012
1.20242e-012
1.1177e-012
1.04771e-012
9.82569e-013
9.26612e-013
8.64467e-013
8.28732e-013
7.88519e-013
7.18468e-013
6.5254e-013
5.91878e-013
5.70734e-013
5.38155e-013
4.7439e-013
4.55308e-013
4.27556e-013
3.94403e-013
3.54237e-013
3.34863e-013
3.24905e-013
3.06416e-013
2.82572e-013
2.74111e-013
2.37651e-013
2.33322e-013
2.25524e-013
2.01112e-013
1.73914e-013
1.70904e-013
1.54049e-013
1.46867e-013
1.33164e-013
1.25401e-013
1.20385e-013
1.17911e-013
1.04041e-013
9.8321e-014
8.82606e-014
8.3537e-014
7.83177e-014
7.39363e-014
6.84973e-014
6.43571e-014
6.36236e-014
5.89134e-014
5.75944e-014
5.49867e-014
5.0278e-014
4.87784e-014
4.60508e-014
4.48017e-014
3.75406e-014
3.70904e-014
3.52984e-014
3.4586e-014
3.39635e-014
3.05265e-014
2.91595e-014
2.76374e-014
2.67663e-014
2.42423e-014
2.2586e-014
1.95651e-014
1.86885e-014
1.7559e-014
1.63539e-014
1.31675e-014
1.26893e-014
1.24055e-014
1.15116e-014
1.0049e-014
9.61788e-015
8.79898e-015
7.95907e-015
7.86634e-015
7.36356e-015
7.26571e-015
7.02914e-015
6.63637e-015
6.55824e-015
5.83258e-015
5.50637e-015
5.09527e-015
4.93465e-015
4.27344e-015
3.8024e-015
3.73055e-015
3.59027e-015
3.53805e-015
3.28766e-015
3.05926e-015
2.99221e-015
2.43449e-015
2.39526e-015
2.27861e-015
2.07239e-015
2.00538e-015
1.86131e-015
1.7319e-015
1.6412e-015
1.58018e-015
1.27308e-015
1.25958e-015
1.20742e-015
1.17392e-015
1.01842e-015
8.30555e-016
7.90868e-016
7.63753e-016
7.15657e-016
6.84819e-016
6.78521e-016
6.35707e-016
5.69727e-016
5.18278e-016
4.76909e-016
4.50942e-016
4.13318e-016
3.74345e-016
3.7051e-016
2.7884e-016
2.75665e-016
2.65092e-016
2.53837e-016
2.40917e-016
2.10636e-016
1.4703e-016
1.46073e-016
1.2395e-016
1.22429e-016
1.19977e-016
1.17473e-016
1.12917e-016
1.01798e-016
9.40887e-017
8.20071e-017
8.15287e-017
8.11835e-017
8.00293e-017
7.39358e-017
6.57265e-017
6.44561e-017
6.11624e-017
5.64487e-017
5.46901e-017
5.16974e-017
4.22453e-017
3.7644e-017
3.6856e-017
3.59212e-017
3.06765e-017
3.01691e-017
2.74534e-017
2.64642e-017
2.37901e-017
2.27954e-017
1.90246e-017
1.74404e-017
1.70194e-017
1.54807e-017
1.25593e-017
1.09663e-017
9.68881e-018
9.63134e-018
8.48927e-018
8.09029e-018
7.9239e-018
6.7779e-018
6.08888e-018
5.55453e-018
3.80569e-018
3.63306e-018
3.58208e-018
3.29644e-018
3.21394e-018
3.12323e-018
2.93715e-018
2.70885e-018
2.64689e-018
2.18533e-018
2.12535e-018
1.80958e-018
1.60198e-018
1.59124e-018
1.38787e-018
1.30925e-018
1.11487e-018
1.04244e-018
1.01823e-018
9.49646e-019
8.3376e-019
8.10588e-019
7.21764e-019
6.55131e-019
5.14973e-019
5.08892e-019
5.04478e-019
4.68776e-019
4.57848e-019
4.23209e-019
4.17299e-019
4.13065e-019
4.02276e-019
3.59992e-019
3.34481e-019
3.2933e-019
2.35138e-019
2.32701e-019
2.26734e-019
2.18618e-019
1.88846e-019
1.72321e-019
1.70639e-019
1.66407e-019
1.5795e-019
1.38012e-019
1.3573e-019
1.32898e-019
1.2973e-019
1.28166e-019
1.20347e-019
9.98904e-020
9.39693e-020
8.3613e-020
7.02032e-020
6.87564e-020
6.79095e-020
6.40451e-020
6.22052e-020
5.61777e-020
5.18401e-020
5.05585e-020
4.8986e-020
4.16061e-020
4.09572e-020
3.48838e-020
3.46175e-020
3.19932e-020
3.14063e-020
2.85903e-020
2.83011e-020
2.57969e-020
2.45975e-020
2.17824e-020
1.87685e-020
1.57038e-020
1.52679e-020
1.49004e-020
1.45833e-020
1.43912e-020
1.17634e-020
1.16804e-020
1.09434e-020
1.01124e-020
8.86083e-021
8.7708e-021
7.34941e-021
6.86054e-021
6.73122e-021
6.55043e-021
6.47372e-021
6.00905e-021
5.70957e-021
5.38814e-021
5.2931e-021
4.84878e-021
4.7475e-021
3.90771e-021
3.6866e-021
3.53138e-021
3.12688e-021
2.67868e-021
2.63739e-021
2.45004e-021
2.2648e-021
2.17781e-021
2.10352e-021
1.9403e-021
1.92227e-021
1.74107e-021
1.55854e-021
1.49823e-021
1.48438e-021
1.37914e-021
1.27752e-021
1.17295e-021
1.03629e-021
9.3756e-022
8.13545e-022
8.08549e-022
8.02121e-022
7.74941e-022
6.85635e-022
6.32702e-022
5.97605e-022
4.98937e-022
4.39566e-022
4.09164e-022
3.79749e-022
3.55252e-022
3.49106e-022
3.2488e-022
3.21947e-022
3.20311e-022
3.02962e-022
2.76667e-022
2.72966e-022
2.58974e-022
2.43691e-022
2.36187e-022
2.19947e-022
2.18321e-022
1.95291e-022
1.90479e-022
1.79789e-022
1.69845e-022
1.68251e-022
1.40317e-022
1.21673e-022
1.20984e-022
1.20184e-022
1.19335e-022
1.10363e-022
1.07294e-022
1.03285e-022
9.66693e-023
9.28833e-023
8.61115e-023
7.23478e-023
4.90105e-023
4.86637e-023
4.84271e-023
4.80622e-023
4.79386e-023
4.16052e-023
4.14837e-023
4.03728e-023
3.86429e-023
3.664e-023
2.96707e-023
2.49682e-023
2.22028e-023
1.78866e-023
1.77751e-023
1.70741e-023
1.53576e-023
1.39663e-023
1.3639e-023
1.35059e-023
1.24743e-023
1.06741e-023
1.03698e-023
9.79556e-024
9.09913e-024
9.09235e-024
7.98319e-024
7.51887e-024
7.46607e-024
7.36369e-024
7.14756e-024
6.76999e-024
6.65131e-024
5.94707e-024
5.90114e-024
5.8718e-024
5.05431e-024
5.02436e-024
4.61588e-024
4.45882e-024
4.09418e-024
3.24379e-024
3.19634e-024
2.77882e-024
2.35185e-024
2.2417e-024
2.13239e-024
2.04059e-024
1.89265e-024
1.81552e-024
1.79655e-024
1.65968e-024
1.54277e-024
1.53356e-024
1.23042e-024
1.07154e-024
1.0168e-024
1.01098e-024
1.00277e-024
8.03243e-025
7.97593e-025
7.17481e-025
6.66514e-025
6.64171e-025
5.93235e-025
5.63266e-025
5.45133e-025
4.84042e-025
4.81171e-025
4.19213e-025
4.15304e-025
4.09264e-025
3.26707e-025
3.15751e-025
3.08782e-025
2.97634e-025
2.53882e-025
2.52796e-025
2.51225e-025
2.19284e-025
2.175e-025
1.96887e-025
1.5141e-025
1.25761e-025
1.19794e-025
1.13341e-025
1.11476e-025
1.11336e-025
9.18053e-026
8.27114e-026
7.56005e-026
7.47338e-026
6.56134e-026
6.52156e-026
6.50285e-026
5.34268e-026
4.17144e-026
4.16352e-026
3.98179e-026
3.87165e-026
3.36155e-026
3.07839e-026
3.03625e-026
3.01117e-026
2.99627e-026
2.67518e-026
2.64622e-026
2.57103e-026
2.10008e-026
2.07999e-026
2.04022e-026
1.7651e-026
1.46134e-026
1.34928e-026
1.21505e-026
1.06473e-026
1.03931e-026
9.79864e-027
9.53216e-027
7.51918e-027
7.50796e-027
6.9177e-027
6.72399e-027
5.86618e-027
5.1164e-027
5.04844e-027
4.8545e-027
3.613e-027
3.21471e-027
3.16797e-027
2.94973e-027
2.64422e-027
2.58939e-027
2.5691e-027
2.21756e-027
1.89185e-027
1.88803e-027
1.86724e-027
1.65571e-027
1.29249e-027
1.13555e-027
1.12854e-027
1.12214e-027
1.08484e-027
1.07272e-027
9.92042e-028
8.58673e-028
8.45061e-028
8.44246e-028
6.85015e-028
6.78909e-028
6.70809e-028
4.77234e-028
4.74582e-028
4.68847e-028
4.67363e-028
4.16081e-028
3.95989e-028
3.95806e-028
3.83209e-028
3.73642e-028
3.40623e-028
2.78795e-028
2.60193e-028
2.24857e-028
2.19549e-028
1.69289e-028
1.59436e-028
1.39609e-028
1.38183e-028
1.28684e-028
1.19435e-028
1.03382e-028
9.13123e-029
9.11187e-029
9.01493e-029
8.71103e-029
6.90145e-029
6.88081e-029
5.0767e-029
5.02334e-029
4.44705e-029
4.02909e-029
3.76445e-029
3.45754e-029
3.42041e-029
3.41194e-029
3.35988e-029
2.78863e-029
2.69754e-029
2.13459e-029
2.12412e-029
2.09439e-029
1.76952e-029
1.70943e-029
1.56824e-029
1.48345e-029
1.38391e-029
1.35602e-029
1.22849e-029
1.06689e-029
9.74315e-030
9.52875e-030
9.17572e-030
8.25319e-030
7.82532e-030
7.81831e-030
7.13132e-030
6.97506e-030
6.00602e-030
5.24054e-030
4.415e-030
4.27891e-030
4.10585e-030
4.05919e-030
4.01836e-030
3.48338e-030
3.23464e-030
3.14754e-030
3.12369e-030
2.93531e-030
2.63614e-030
2.46145e-030
2.34207e-030
2.07596e-030
2.06499e-030
2.0291e-030
1.93428e-030
1.69371e-030
1.41906e-030
1.41525e-030
1.39854e-030
1.38569e-030
1.24783e-030
1.17568e-030
1.00995e-030
1.0019e-030
8.76295e-031
8.73167e-031
7.42293e-031
7.16567e-031
6.3201e-031
5.06713e-031
5.00487e-031
4.89174e-031
3.39019e-031
3.37329e-031
3.20971e-031
3.18746e-031
3.16828e-031
3.04322e-031
2.65776e-031
2.58555e-031
2.39457e-031
2.37786e-031
2.2985e-031
2.25649e-031
2.13422e-031
2.10379e-031
1.72912e-031
1.69424e-031
1.64818e-031
1.47838e-031
1.33069e-031
1.20633e-031
1.19028e-031
1.15018e-031
1.04722e-031
9.48835e-032
8.96593e-032
8.43585e-032
6.90282e-032
6.87978e-032
6.68396e-032
6.28639e-032
5.52004e-032
5.49773e-032
5.38251e-032
4.35078e-032
4.33155e-032
4.30754e-032
4.27904e-032
4.13169e-032
3.77965e-032
3.74794e-032
3.66504e-032
3.4315e-032
3.40612e-032
3.38151e-032
3.3687e-032
3.01222e-032
2.6708e-032
2.37608e-032
1.95191e-032
1.93381e-032
1.66526e-032
1.65023e-032
1.37836e-032
1.36782e-032
1.32039e-032
1.17015e-032
1.06878e-032
1.05216e-032
8.7403e-033
8.49085e-033
8.40562e-033
7.84794e-033
7.60843e-033
6.93153e-033
6.33875e-033
5.6247e-033
5.43368e-033
5.16244e-033
4.47098e-033
4.45475e-033
4.35532e-033
4.10864e-033
3.99986e-033
3.77461e-033
3.24956e-033
3.23084e-033
2.9838e-033
2.31234e-033
2.3085e-033
2.28067e-033
2.27124e-033
2.14634e-033
1.86991e-033
1.86097e-033
1.61549e-033
1.61123e-033
1.47697e-033
1.32438e-033
1.31013e-033
1.30533e-033
1.25387e-033
1.03331e-033
9.50249e-034
9.36183e-034
8.66272e-034
8.65724e-034
8.03048e-034
6.53429e-034
5.2294e-034
5.20573e-034
4.80475e-034
3.62507e-034
3.57911e-034
3.56163e-034
3.48766e-034
2.9478e-034
2.63832e-034
2.3308e-034
2.31737e-034
2.28871e-034
2.00164e-034
1.81771e-034
1.81109e-034
1.80153e-034
1.79675e-034
1.58434e-034
1.52835e-034
1.37584e-034
1.36517e-034
1.22697e-034
1.12145e-034
1.11973e-034
9.10783e-035
8.9345e-035
8.10535e-035
8.076e-035
7.45267e-035
6.00862e-035
5.96566e-035
5.28494e-035
4.86308e-035
4.5119e-035
4.37722e-035
4.09794e-035
3.48363e-035
3.23678e-035
3.10241e-035
3.09822e-035
3.0107e-035
2.61898e-035
2.21245e-035
2.14797e-035
2.14634e-035
1.97446e-035
1.90625e-035
1.90203e-035
1.73996e-035
1.65905e-035
1.6402e-035
1.51982e-035
1.44747e-035
1.31331e-035
1.19433e-035
1.1673e-035
1.09068e-035
1.04672e-035
9.39507e-036
8.86239e-036
8.70072e-036
6.59144e-036
6.55338e-036
5.59572e-036
5.56474e-036
5.31168e-036
4.38967e-036
4.31917e-036
3.88787e-036
3.5443e-036
3.1439e-036
3.13427e-036
2.54359e-036
2.3271e-036
2.31678e-036
2.30796e-036
2.20395e-036
2.19083e-036
1.82374e-036
1.72369e-036
1.64864e-036
1.60327e-036
1.39164e-036
1.37862e-036
1.14969e-036
1.14591e-036
1.07516e-036
9.90496e-037
9.8799e-037
9.79799e-037
8.50674e-037
8.48471e-037
7.69088e-037
6.42532e-037
6.40269e-037
4.99171e-037
4.96859e-037
4.83985e-037
4.14769e-037
3.64121e-037
3.63352e-037
3.62384e-037
3.59043e-037
3.1778e-037
2.88378e-037
2.86354e-037
2.71643e-037
2.51215e-037
2.18203e-037
2.01573e-037
2.01125e-037
1.9123e-037
1.89742e-037
1.73817e-037
1.71988e-037
1.60752e-037
1.4973e-037
1.42817e-037
1.34732e-037
1.1814e-037
1.15828e-037
1.14466e-037
1.0445e-037
9.89432e-038
8.66379e-038
7.55431e-038
7.4011e-038
7.37169e-038
7.01206e-038
6.27748e-038
5.94141e-038
5.90046e-038
5.70606e-038
5.15584e-038
4.73475e-038
4.13669e-038
3.78113e-038
2.99771e-038
2.96817e-038
2.95758e-038
2.56666e-038
2.54733e-038
2.42401e-038
2.38093e-038
2.17482e-038
2.17454e-038
1.92777e-038
1.80097e-038
1.5181e-038
1.51177e-038
1.42854e-038
1.20646e-038
1.20213e-038
1.20077e-038
1.16205e-038
1.08595e-038
7.61964e-039
7.52915e-039
7.37659e-039
7.24744e-039
7.06193e-039
7.05575e-039
6.53036e-039
6.42057e-039
6.25495e-039
4.52413e-039
4.51606e-039
4.50744e-039
4.49954e-039
3.87948e-039
3.87776e-039
3.87521e-039
3.86742e-039
3.57869e-039
3.05612e-039
2.99646e-039
2.8629e-039
2.85767e-039
2.38774e-039
2.37844e-039
2.07228e-039
2.06087e-039
1.85618e-039
1.66518e-039
1.41996e-039
1.37497e-039
1.32537e-039
1.23546e-039
1.20888e-039
9.77207e-040
8.65683e-040
8.35455e-040
6.8501e-040
6.76958e-040
6.36777e-040
6.33785e-040
5.98641e-040
4.85346e-040
3.79168e-040
3.77936e-040
3.39983e-040
2.82344e-040
2.81587e-040
2.65097e-040
2.64959e-040
2.11683e-040
2.10068e-040
2.0481e-040
1.8781e-040
1.86945e-040
1.60677e-040
1.44326e-040
1.40478e-040
1.2355e-040
1.23387e-040
1.1372e-040
1.03958e-040
9.29977e-041
8.78001e-041
8.27283e-041
7.60206e-041
7.05564e-041
5.57933e-041
5.56532e-041
4.81173e-041
4.54929e-041
4.54604e-041
4.48865e-041
4.31686e-041
4.15434e-041
4.0413e-041
3.73314e-041
3.54955e-041
3.54828e-041
3.22682e-041
3.14183e-041
2.91876e-041
2.24094e-041
1.97461e-041
1.97013e-041
1.8379e-041
1.53119e-041
1.43349e-041
1.33125e-041
1.27078e-041
1.26819e-041
1.17709e-041
8.95013e-042
8.8294e-042
7.76943e-042
7.75834e-042
7.09215e-042
6.40493e-042
4.64865e-042
4.58339e-042
3.74666e-042
3.74416e-042
3.73534e-042
3.50105e-042
3.38738e-042
3.30957e-042
2.96089e-042
2.73637e-042
2.46747e-042
2.37984e-042
2.09666e-042
1.97036e-042
1.89211e-042
1.61647e-042
1.61426e-042
1.58109e-042
1.18951e-042
1.02265e-042
8.83211e-043
8.81287e-043
8.79172e-043
8.79065e-043
8.73769e-043
7.49658e-043
7.05964e-043
6.73043e-043
5.9923e-043
4.76343e-043
4.26677e-043
4.18603e-043
3.69713e-043
3.66419e-043
2.87078e-043
2.74555e-043
2.3416e-043
2.25059e-043
1.89136e-043
1.60131e-043
1.59513e-043
1.47497e-043
1.31132e-043
9.81339e-044
9.04765e-044
7.10413e-044
7.00334e-044
6.91924e-044
6.8415e-044
6.83029e-044
6.81425e-044
6.02242e-044
5.35634e-044
4.85578e-044
4.31617e-044
4.29382e-044
4.27565e-044
4.232e-044
3.32709e-044
3.22196e-044
3.18599e-044
2.7034e-044
2.69409e-044
2.67037e-044
2.53528e-044
1.82822e-044
1.68639e-044
1.67806e-044
1.60239e-044
1.59034e-044
1.58546e-044
1.40614e-044
1.2303e-044
1.06111e-044
9.52788e-045
9.002e-045
8.92471e-045
8.82421e-045
8.27657e-045
7.99922e-045
7.81632e-045
6.43809e-045
5.44756e-045
5.2012e-045
5.11314e-045
4.66673e-045
4.12173e-045
4.09595e-045
3.94411e-045
3.295e-045
2.76411e-045
2.383e-045
2.37947e-045
1.90518e-045
1.87379e-045
1.85026e-045
1.84741e-045
1.66022e-045
1.32154e-045
1.31852e-045
1.29871e-045
1.25601e-045
1.24699e-045
1.19401e-045
1.19291e-045
1.15244e-045
9.94632e-046
9.02232e-046
7.71753e-046
7.69551e-046
6.9168e-046
5.41485e-046
5.18163e-046
4.39339e-046
4.35105e-046
3.84763e-046
3.32006e-046
3.29204e-046
3.24214e-046
2.99483e-046
2.31093e-046
2.00486e-046
1.94025e-046
1.50479e-046
1.4977e-046
1.31043e-046
1.30664e-046
1.20154e-046
1.1155e-046
9.89456e-047
9.62884e-047
8.74414e-047
8.07128e-047
6.86541e-047
6.58411e-047
6.41269e-047
5.87685e-047
5.50607e-047
5.48888e-047
3.79017e-047
3.0664e-047
2.864e-047
2.85249e-047
2.84559e-047
2.84231e-047
2.78994e-047
2.78927e-047
2.76994e-047
2.76735e-047
2.00732e-047
1.97753e-047
1.906e-047
1.67215e-047
1.55189e-047
1.20499e-047
1.18067e-047
1.05829e-047
1.02084e-047
6.62594e-048
6.56106e-048
6.49382e-048
6.37728e-048
6.29767e-048
6.203e-048
6.19807e-048
3.88955e-048
3.85462e-048
3.75346e-048
3.11906e-048
2.78691e-048
2.77651e-048
2.64424e-048
2.25642e-048
2.15279e-048
1.9991e-048
1.99506e-048
1.72259e-048
1.68805e-048
1.54067e-048
1.41611e-048
1.3953e-048
1.1694e-048
1.00196e-048
9.9259e-049
9.8288e-049
9.09132e-049
8.17403e-049
7.10534e-049
6.51342e-049
6.33985e-049
6.26425e-049
6.12655e-049
5.15397e-049
5.14681e-049
5.11445e-049
4.05653e-049
3.94668e-049
3.92557e-049
3.89537e-049
3.89193e-049
3.5993e-049
3.57188e-049
3.10991e-049
3.091e-049
2.67598e-049
2.41199e-049
2.40846e-049
2.27932e-049
2.1857e-049
2.18277e-049
2.14287e-049
2.12465e-049
2.02359e-049
1.82315e-049
1.59364e-049
1.54277e-049
1.54048e-049
1.52198e-049
1.13637e-049
1.13288e-049
1.12858e-049
8.6159e-050
8.58786e-050
8.51806e-050
8.02381e-050
6.9076e-050
6.37372e-050
6.36935e-050
5.07202e-050
5.04728e-050
4.05109e-050
4.04148e-050
3.8771e-050
3.37758e-050
3.35158e-050
3.15509e-050
2.89517e-050
2.35608e-050
2.31864e-050
2.30058e-050
2.02204e-050
1.86937e-050
1.80232e-050
1.75817e-050
1.69865e-050
1.45124e-050
1.44836e-050
1.32055e-050
1.19432e-050
9.7023e-051
9.69991e-051
9.4605e-051
9.44796e-051
8.23184e-051
7.73387e-051
7.70129e-051
7.06546e-051
6.6325e-051
6.62397e-051
6.57202e-051
6.30005e-051
6.10376e-051
5.79592e-051
5.49595e-051
5.27138e-051
5.18626e-051
5.10733e-051
4.67281e-051
4.39269e-051
4.29952e-051
4.09981e-051
3.89151e-051
3.61916e-051
3.34471e-051
3.10754e-051
2.86658e-051
2.85614e-051
2.54102e-051
2.44181e-051
2.24785e-051
2.18022e-051
1.73136e-051
1.63784e-051
1.40387e-051
1.40188e-051
1.25403e-051
1.10185e-051
1.1014e-051
1.10052e-051
1.01525e-051
7.51355e-052
7.50936e-052
6.56518e-052
5.76098e-052
5.07271e-052
4.51678e-052
4.27405e-052
3.71359e-052
3.45693e-052
3.22152e-052
3.18371e-052
2.77382e-052
2.76717e-052
2.53341e-052
2.20091e-052
2.19803e-052
2.19794e-052
2.19158e-052
2.16889e-052
1.68522e-052
1.67926e-052
1.47174e-052
1.46979e-052
1.46611e-052
1.44362e-052
1.42647e-052
9.88739e-053
8.92634e-053
8.89521e-053
7.75315e-053
6.71149e-053
6.70657e-053
6.70126e-053
6.18602e-053
4.84267e-053
4.79968e-053
4.53666e-053
4.09516e-053
4.08269e-053
3.65325e-053
3.57339e-053
2.69945e-053
2.69654e-053
2.59535e-053
2.59436e-053
2.38177e-053
1.64249e-053
1.64183e-053
1.47e-053
1.40924e-053
1.2684e-053
1.26731e-053
1.26245e-053
1.02307e-053
1.00505e-053
8.59765e-054
8.04727e-054
7.99909e-054
7.99305e-054
6.51683e-054
5.85166e-054
5.23825e-054
4.38497e-054
3.72765e-054
3.37394e-054
3.32375e-054
3.24655e-054
3.12352e-054
3.08236e-054
2.62711e-054
2.58952e-054
2.28015e-054
1.94984e-054
1.70287e-054
1.5948e-054
1.522e-054
1.19e-054
1.05849e-054
1.0374e-054
8.44675e-055
7.67265e-055
7.5883e-055
6.97737e-055
6.65899e-055
6.551e-055
5.21004e-055
5.02661e-055
4.21706e-055
3.7523e-055
3.13931e-055
2.75634e-055
2.36568e-055
2.3177e-055
2.09585e-055
1.72591e-055
1.71701e-055
1.50272e-055
1.48118e-055
1.41164e-055
1.25646e-055
1.24014e-055
1.22e-055
1.15008e-055
9.31825e-056
9.17355e-056
9.16061e-056
7.14808e-056
6.97113e-056
6.87402e-056
5.65579e-056
5.20904e-056
5.18615e-056
4.08698e-056
3.68233e-056
2.80227e-056
2.7995e-056
2.5519e-056
2.54861e-056
2.49772e-056
2.29701e-056
2.08813e-056
1.95294e-056
1.94067e-056
1.79114e-056
1.4433e-056
1.43593e-056
1.41528e-056
1.25601e-056
1.21086e-056
1.20264e-056
1.07939e-056
9.6329e-057
7.92425e-057
7.77948e-057
7.4447e-057
6.6126e-057
5.93002e-057
4.77022e-057
4.74619e-057
4.66868e-057
4.6227e-057
3.91098e-057
3.77981e-057
3.75729e-057
3.74584e-057
3.71132e-057
2.86027e-057
2.8513e-057
2.83293e-057
2.77918e-057
2.51585e-057
2.44185e-057
2.38652e-057
2.19412e-057
1.94426e-057
1.77258e-057
1.42496e-057
1.41516e-057
1.41374e-057
1.29842e-057
1.24049e-057
1.12648e-057
9.53586e-058
8.33323e-058
7.97693e-058
7.15413e-058
5.80727e-058
5.33077e-058
4.61538e-058
4.45393e-058
4.35287e-058
4.05892e-058
3.35611e-058
3.08397e-058
3.04918e-058
2.92693e-058
2.71748e-058
2.24378e-058
2.19267e-058
1.97076e-058
1.92742e-058
1.62849e-058
1.59059e-058
1.57504e-058
1.55442e-058
1.21195e-058
1.1715e-058
1.00896e-058
9.87461e-059
9.58943e-059
9.39682e-059
6.96204e-059
6.56913e-059
6.44508e-059
6.13509e-059
5.65817e-059
5.61952e-059
5.04588e-059
4.84241e-059
3.92877e-059
3.81129e-059
3.6406e-059
3.51765e-059
3.16302e-059
2.86895e-059
2.5765e-059
2.37277e-059
2.17843e-059
2.14054e-059
1.93714e-059
1.7314e-059
1.67769e-059
1.40753e-059
1.378e-059
1.28916e-059
1.23953e-059
1.13606e-059
9.53683e-060
8.62141e-060
8.44591e-060
8.17785e-060
7.7919e-060
7.35916e-060
6.69055e-060
6.13824e-060
5.04164e-060
4.92162e-060
4.2479e-060
4.01944e-060
3.65156e-060
2.82489e-060
2.66266e-060
2.59493e-060
2.54245e-060
2.39102e-060
2.28181e-060
2.26818e-060
2.00621e-060
1.89181e-060
1.72889e-060
1.56492e-060
1.52741e-060
1.44452e-060
1.40008e-060
1.36814e-060
1.32518e-060
1.2296e-060
1.17426e-060
1.03987e-060
9.4234e-061
8.76955e-061
7.88452e-061
7.54639e-061
7.44072e-061
6.74834e-061
6.29112e-061
5.55755e-061
4.94921e-061
4.57866e-061
4.3631e-061
3.92678e-061
3.43031e-061
3.32733e-061
3.19747e-061
2.82476e-061
2.71395e-061
2.53415e-061
2.44956e-061
2.39416e-061
2.29349e-061
2.12226e-061
2.05983e-061
1.96624e-061
1.78325e-061
1.7143e-061
1.61486e-061
1.37686e-061
1.36552e-061
1.31976e-061
1.26692e-061
1.21116e-061
