1  100 150000  30 1 0.05 0.1
2  100 200000  30 1 0.05 0.1
3  100 500000  30 1 0.05 0.1
4  100 500000  30 1 0.05 0.1
5  100 300000  30 1 0.05 0.1
5  100 2000000 30 1 0.05 0.1
6  100 10000   30 1 0.05 0.1
6  100 150000  30 1 0.05 0.1
7  100 300000  30 1 0.05 0.1
8  100 900000  30 1 0.05 0.1
9  100 100000  30 1 0.05 0.1
9  100 500000  30 1 0.05 0.1
10 100 50000   30 1 0.05 0.1
10 100 200000  30 1 0.05 0.1
11 100 50000   30 1 0.05 0.1
11 100 300000  30 1 0.05 0.1
12 100 50000   30 1 0.05 0.1
12 100 150000  30 1 0.05 0.1
13 100 50000   30 1 0.05 0.1
13 100 150000  30 1 0.05 0.1