3.64668e+06
1.4441e+08
1.13611e+08
9.22926e+07
7.48664e+07
6.05937e+07
4.65729e+07
3.87956e+07
3.2404e+07
2.87916e+07
2.3594e+07
2.07407e+07
1.71813e+07
1.52056e+07
1.33959e+07
1.14378e+07
9.40037e+06
8.06769e+06
6.86088e+06
5.84692e+06
4.83521e+06
3.97946e+06
3.3734e+06
2.9065e+06
2.56017e+06
2.2772e+06
1.91009e+06
1.59777e+06
1.38551e+06
1.17932e+06
1.00694e+06
872046
768087
671819
587303
513568
444828
371279
317776
292436
246407
217782
199307
171554
148714
130675
110799
97514.4
85865.3
74858.3
66473.8
58246.9
52546.1
47269.6
41413.5
35789.4
32002.9
28093.5
24013.5
20643
18197.9
16669.1
14279.1
12840.6
11873.1
10578.7
9347.89
7899.13
7066.54
6505.42
5648.08
5168.89
4745.17
4401.3
3864.96
3513.88
3219.78
2996.46
2680.2
2400.36
2237.31
1969.37
1802.91
1601.76
1521.83
1422.23
1274.26
1187.76
1132.71
1057.42
993.796
943.669
871.812
833.71
772.87
735.674
696.323
658.749
628.508
591.442
564.367
535.037
512.138
494.934
474.862
454.953
437.539
420.517
406.986
391.701
379.401
367.983
357.495
345.942
332.9
320.04
312.491
301.327
291.951
284.361
270.539
265.515
259.991
251.723
244.743
236.668
230.93
228.281
216.342
208.309
201.306
189.612
186.8
182.388
177.626
170.395
164.778
157.426
153.609
151.303
147.025
143.388
141.168
139.71
137.825
135.716
133.485
131.604
130.759
127.676
125.465
123.391
121.425
119.331
118.27
115.855
114.706
113.669
112.588
111.082
109.244
107.904
106.475
105.289
104.556
103.492
102.127
101.141
99.9905
99.023
97.9258
97.1825
95.9734
95.2091
94.6032
93.6717
92.836
92.1427
90.8116
90.2602
89.2784
88.6338
87.869
87.0019
86.3626
85.8381
85.2389
84.6733
83.8821
83.5934
82.8058
81.8114
81.4842
80.882
80.6002
79.9695
79.3601
79.0027
78.5294
78.1313
77.8185
77.2993
76.6941
76.3335
75.9789
75.7619
74.6997
73.9515
73.6072
73.0615
72.8635
72.521
72.0655
71.7441
71.3854
70.151
69.6366
69.3572
68.5068
67.846
67.6195
67.0913
66.8771
66.596
66.0421
65.7169
64.4884
64.266
63.9273
63.7642
63.1399
63.0345
62.5089
62.401
62.0532
60.954
60.7668
60.5463
60.391
60.1589
59.9663
59.3652
59.1769
58.9997
58.6345
58.4714
58.3185
58.0518
57.7803
57.6451
57.5238
57.3783
57.3281
57.0921
56.9357
56.6268
56.5082
56.3146
56.2195
56.055
55.905
55.8604
55.7417
55.6225
55.5233
55.3991
55.2761
55.1076
54.982
54.8884
54.6827
54.5999
54.4817
54.409
54.3293
54.2491
54.1798
54.103
54.0581
53.9885
53.9297
53.8862
53.8203
53.7395
53.6524
53.5648
53.5149
53.4714
53.4221
53.3513
53.3202
53.2323
53.1787
53.1265
53.0662
53.02
52.8617
52.7399
52.6897
52.6431
52.5604
52.4386
52.3147
52.2394
52.2047
52.0931
52.0429
51.9485
51.7594
51.7076
51.5935
51.506
51.4393
51.3051
51.1138
50.93
50.8206
50.6376
50.5125
50.3069
50.1699
50.0727
50.0199
49.8357
49.6824
49.5448
49.3764
49.3019
49.1281
49.1109
49.0391
48.9201
48.8203
48.7269
48.6649
48.5854
48.4334
48.2773
48.1914
48.1391
48.0571
48.0202
47.9388
47.9142
47.8799
47.8347
47.8073
47.7626
47.7302
47.6381
47.613
47.5977
47.5672
47.5248
47.4938
47.4029
47.3511
47.2949
47.174
47.1198
47.0189
46.9389
46.8688
46.7279
46.6029
46.5173
46.4898
46.4256
46.312
46.2418
46.156
46.0661
46.0117
45.8971
45.8085
45.6793
45.6262
45.5056
45.4896
45.3438
45.2395
45.1375
45.1015
45.0616
45.0001
44.9644
44.9348
44.8976
44.8742
44.8446
44.7212
44.6964
44.5622
44.4517
44.3807
44.2033
44.166
44.1257
44.088
44.0688
44.0115
43.9876
43.9665
43.9412
43.909
43.8831
43.8591
43.8443
43.8275
43.8075
43.7895
43.7492
43.7255
43.6992
43.6667
43.6385
43.6117
43.5852
43.5652
43.5405
43.5133
43.4774
43.4563
43.4275
43.4043
43.3815
43.3532
43.3214
43.296
43.249
43.1721
43.1194
43.1047
43.0624
43.0397
42.9332
42.8764
42.7967
42.7419
42.6445
42.6288
42.5715
42.4641
42.4042
42.3078
42.2778
42.1226
42.0235
41.8405
41.8149
41.7267
41.688
41.6628
41.6219
41.582
41.562
41.4725
41.4202
41.3829
41.3502
41.2965
41.2763
41.2551
41.2343
41.178
41.1178
41.0924
41.0659
41.0251
40.9773
40.9549
40.9326
40.8969
40.8255
40.7978
40.7872
40.7633
40.7482
40.7059
40.6649
40.6382
40.5768
40.5534
40.5301
40.5103
40.4719
40.4032
40.3806
40.3612
40.3293
40.3113
40.2856
40.2607
40.2412
40.2007
40.1721
40.1312
40.1033
40.0513
39.9993
39.9335
39.9069
39.8511
39.7924
39.5849
39.3345
39.1833
38.9972
38.8955
38.8663
38.844
38.7409
38.7185
38.6965
38.674
38.6452
38.6129
38.5767
38.5447
38.5063
38.4601
38.4457
38.4212
38.403
38.3754
38.3536
38.3247
38.3012
38.268
38.2434
38.2087
38.1896
38.1602
38.1439
38.1217
38.1047
38.0878
38.0623
38.0274
38.005
37.9707
37.9457
37.9235
37.8942
37.8699
37.838
37.8022
37.7761
37.7494
37.7258
37.6969
37.6588
37.6379
37.6056
37.5721
37.541
37.5198
37.4983
37.4814
37.4408
37.387
37.3581
37.3223
37.2383
37.1867
37.1148
37.068
36.9968
36.9465
36.8778
36.8327
36.789
36.733
36.7132
36.6734
36.652
36.6109
36.587
36.5463
36.5206
36.4918
36.4493
36.4068
36.3674
36.3308
36.3041
36.2629
36.2213
36.1644
36.1309
36.0881
36.0168
35.9573
35.8317
35.6707
35.5998
35.5033
35.4484
35.3808
35.3327
35.2838
35.1187
34.9985
34.9687
34.8869
34.8213
34.7574
34.69
34.6654
34.6286
34.5986
34.5436
34.4729
34.4444
34.3721
34.2934
34.2714
34.2208
34.1769
34.114
34.0587
34.0167
33.9824
33.907
33.8605
33.7923
33.7187
33.6769
33.6182
33.5701
33.5
33.465
33.4345
33.3851
33.3169
33.2502
33.1973
33.1193
33.052
32.881
32.6689
32.5701
32.4541
32.3457
32.1982
31.9886
31.6627
31.4128
31.355
31.2163
31.1351
31.0372
30.75
30.6534
30.4597
30.4244
30.3208
30.1245
30.0607
29.9502
29.9234
29.8212
29.7908
29.7419
29.6815
29.618
29.5755
29.5189
29.4958
29.46
29.4243
29.3652
29.3062
29.276
29.2423
29.1772
29.12
29.0464
28.982
28.8911
28.7466
28.6651
28.5091
28.2991
28.2398
28.1513
28.0954
28.0547
27.979
27.8994
27.8304
27.7994
27.7812
27.6894
27.5784
27.4905
27.4246
27.4043
27.3431
27.3039
27.2707
27.1847
27.1334
27.0915
27.0336
26.9562
26.919
26.8602
26.8251
26.7641
26.7185
26.6672
26.6291
26.5603
26.5033
26.4134
26.3445
26.2136
26.0819
25.9097
25.5479
25.4591
25.3512
25.0905
24.9085
24.7586
24.4802
24.3523
24.1707
24.0409
24.0142
23.923
23.775
23.7291
23.6594
23.551
23.4767
23.4382
23.3918
23.3559
23.3173
23.259
23.2174
23.1925
23.132
23.083
23.0372
23.0083
22.9564
22.9013
22.8316
22.8043
22.744
22.7006
22.6652
22.6197
22.5936
22.5556
22.526
22.4861
22.4631
22.4297
22.3932
22.368
22.331
22.2999
22.2693
22.2425
22.2016
22.1708
22.1412
22.0922
22.0565
22.0177
21.9789
21.9373
21.8974
21.8622
21.8374
21.8053
21.7731
21.7391
21.7136
21.6843
21.663
21.6186
21.5818
21.5461
21.4974
21.4734
21.4447
21.4244
21.3894
21.3629
21.3403
21.3081
21.2844
21.2421
21.1865
21.1429
21.1205
21.0958
21.0652
21.0309
21.0083
20.982
20.939
20.9022
20.869
20.8302
20.8028
20.7687
20.7303
20.7087
20.6731
20.6517
20.6162
20.5945
20.5649
20.5148
20.4453
20.404
20.3235
20.2915
20.2487
20.1352
20.1018
19.9967
19.9534
19.8019
19.7324
19.6636
19.5998
19.5191
19.4067
19.2442
19.1529
19.1342
19.1165
19.0983
19.0791
19.0419
19.0209
18.9697
18.9472
18.9296
18.8601
18.7889
18.7362
18.6771
18.6232
18.5688
18.4807
18.383
18.3129
18.186
18.0952
17.9707
17.8243
17.6985
17.6721
17.5835
17.5488
17.4859
17.4067
17.0539
16.9197
16.7981
16.7253
16.7067
16.6481
16.5923
16.5688
16.4814
16.431
16.3616
16.3295
16.2862
16.2266
16.1495
16.103
16.0824
16.0132
15.9701
15.8957
15.8059
15.786
15.7469
15.6978
15.631
15.6062
15.5509
15.5077
15.4887
15.4562
15.4243
15.3956
15.3673
15.3384
15.3141
15.2734
15.2227
15.1886
15.1609
15.1381
15.1165
15.0864
15.0652
15.0488
15.0241
15.0008
14.9648
14.9476
14.9069
14.8756
14.8469
14.7999
14.7735
14.7343
14.7123
14.6634
14.5914
14.5429
14.4103
14.301
14.2329
13.9961
13.9776
13.963
13.6445
13.5656
13.54
13.4937
13.4785
13.4546
13.4312
13.3995
13.3755
13.3293
13.3
13.2575
13.1847
13.1671
13.129
13.0897
13.0574
12.9955
12.9683
12.9217
12.8955
12.8385
12.7955
12.7478
12.7197
12.6874
12.6564
12.6026
12.5407
12.4328
12.2661
12.1617
12.0124
11.8394
11.8195
11.7109
11.6206
11.5491
11.5355
11.4693
11.413
11.3935
11.3665
11.3387
11.3085
11.2725
11.2345
11.2023
11.1683
11.1366
11.0983
11.0706
11.0353
11.008
10.9906
10.9419
10.9187
10.8736
10.8561
10.8339
10.8076
10.7791
10.7568
10.7315
10.7112
10.6766
10.6514
10.636
10.6141
10.5912
10.5645
10.5415
10.5216
10.5013
10.4801
10.4625
10.4364
10.4176
10.3984
10.3706
10.3488
10.3223
10.3052
10.2821
10.2625
10.2393
10.2188
10.2031
10.1796
10.1538
10.1343
10.1128
10.0973
10.0791
10.0578
10.0389
10.012
9.99185
9.97091
9.94982
9.93117
9.91155
9.88967
9.87292
9.85027
9.8285
9.81166
9.78518
9.75994
9.74221
9.71956
9.70072
9.67819
9.65401
9.6321
9.60908
9.58759
9.57252
9.54644
9.5253
9.50005
9.47583
9.45127
9.43701
9.41225
9.39231
9.37033
9.3537
9.33193
9.30915
9.28708
9.26152
9.2382
9.22138
9.20075
9.17754
9.16227
9.14123
9.12094
9.09486
9.07466
9.05579
9.03801
9.02045
9.00509
8.98531
8.96676
8.94312
8.92344
8.90552
8.88907
8.87236
8.8525
8.83237
8.80895
8.78849
8.7707
8.75393
8.73604
8.71097
8.68979
8.67434
8.65392
8.63343
8.61685
8.59351
8.57353
8.54792
8.52846
8.50141
8.48406
8.46065
8.44207
8.42303
8.40842
8.38644
8.37434
8.35195
8.33933
8.32103
8.3064
8.28576
8.26682
8.25263
8.23326
8.21826
8.19982
8.18378
8.16288
8.14514
8.12681
8.11141
8.09692
8.07316
8.05464
8.03105
8.01109
7.99369
7.97556
7.95953
7.93432
7.91319
7.89447
7.87819
7.86327
7.84297
7.82112
7.80189
7.78465
7.76868
7.75354
7.74396
7.71999
7.70499
7.68888
7.66856
7.64756
7.62898
7.60912
7.59042
7.57264
7.55656
7.54079
7.52493
7.5056
7.49301
7.47605
7.45555
7.43765
7.4231
7.40892
7.39545
7.3774
7.36209
7.34506
7.31698
7.30332
7.28613
7.26802
7.25264
7.24103
7.22068
7.20679
7.18513
7.17038
7.15446
7.14234
7.12853
7.11121
7.09884
7.07983
7.05938
7.03989
7.01529
6.99492
6.97641
6.95112
6.92787
6.90953
6.88572
6.86379
6.84235
6.8231
6.79818
6.78211
6.75961
6.74243
6.72593
6.7068
6.69326
6.67433
6.65065
6.63335
6.61554
6.59936
6.57958
6.56511
6.54954
6.52697
6.51072
6.49028
6.47134
6.45086
6.42905
6.41398
6.39933
6.37991
6.3599
6.34282
6.31987
6.30576
6.28577
6.26729
6.25137
6.21408
6.15625
6.12063
6.06129
6.026
6.00184
5.96623
5.93802
5.89447
5.82142
5.62411
5.58162
5.5142
5.42782
5.4144
5.39286
5.3528
5.28257
5.21772
5.12827
5.09437
5.06999
4.98067
4.94298
4.90139
4.89129
4.83441
4.7998
4.76033
4.75106
4.66459
4.63151
4.61057
4.59218
4.57822
4.56147
4.54838
4.50835
4.47853
4.46365
4.44734
4.43706
4.4133
4.37729
4.36232
4.34614
4.32946
4.30051
4.28824
4.27223
4.24528
4.23109
4.2101
4.19115
4.17035
4.15665
4.14277
4.12541
4.10958
4.09448
4.07685
4.06174
4.0507
4.03227
4.01148
3.99748
3.98533
3.96783
3.95488
3.94022
3.92891
3.91154
3.89658
3.87822
3.86085
3.83979
3.82233
3.80588
3.79032
3.77604
3.75596
3.74418
3.73141
3.71588
3.70124
3.68332
3.67246
3.65727
3.64995
3.62972
3.61725
3.60613
3.58467
3.57489
3.56344
3.55487
3.5406
3.53006
3.51814
3.50827
3.49586
3.48673
3.47317
3.46585
3.45334
3.44239
3.42967
3.41829
3.4113
3.40317
3.391
3.3802
3.36671
3.35614
3.34569
3.33623
3.32518
3.31478
3.30654
3.29341
3.28061
3.26767
3.25747
3.24411
3.2278
3.21245
3.202
3.19171
3.17864
3.16631
3.15459
3.14238
3.13055
3.11794
3.1109
3.09752
3.08546
3.07303
3.06394
3.05529
3.04696
3.03292
3.01955
3.00381
2.98974
2.98054
2.96626
2.95429
2.94271
2.93276
2.91693
2.90874
2.89724
2.88853
2.88153
2.86929
2.86033
2.84746
2.83578
2.82606
2.80897
2.80173
2.79247
2.78334
2.77469
2.76341
2.74777
2.74064
2.72974
2.71941
2.7099
2.69778
2.68496
2.67596
2.66607
2.65391
2.63972
2.62999
2.62102
2.60921
2.59837
2.58798
2.57976
2.5706
2.55927
2.55035
2.54138
2.52807
2.51689
2.50551
2.50048
2.49381
2.48637
2.47756
2.46537
2.4559
2.44478
2.43646
2.43244
2.42357
2.41722
2.41133
2.40653
2.40086
2.39321
2.38647
2.37921
2.37356
2.36513
2.35863
2.3535
2.34648
2.33707
2.32998
2.32207
2.31418
2.30956
2.30028
2.29322
2.28652
2.28202
2.27168
2.26569
2.25869
2.25107
2.24215
2.23276
2.22218
2.21425
2.20308
2.19383
2.18588
2.17733
2.16891
2.16082
2.15445
2.14759
2.13626
2.12931
2.12017
2.10629
2.09283
2.08481
2.07702
2.06909
2.0621
2.05123
2.0422
2.0356
2.03077
2.02444
2.01854
2.01151
2.00396
1.9935
1.98499
1.97983
1.97096
1.96412
1.95806
1.95153
1.94379
1.93626
1.92931
1.91914
1.91219
1.9036
1.89508
1.88916
1.88306
1.87711
1.86879
1.85981
1.8524
1.84609
1.8361
1.82725
1.81726
1.812
1.80622
1.79921
1.79318
1.78644
1.78268
1.77597
1.76876
1.76302
1.75422
1.75035
1.74454
1.73811
1.73152
1.72503
1.72103
1.71604
1.70755
1.70086
1.69681
1.69039
1.686
1.68205
1.67447
1.67108
1.66421
1.6604
1.65326
1.64845
1.64467
1.63748
1.63353
1.62761
1.62446
1.62141
1.61569
1.61033
1.60716
1.6002
1.5941
1.59124
1.58365
1.57798
1.5749
1.56956
1.56351
1.55937
1.55446
1.55169
1.54826
1.54309
1.53962
1.5359
1.53056
1.52671
1.52378
1.51762
1.51396
1.51028
1.5054
1.50229
1.49847
1.49308
1.48909
1.48601
1.48076
1.47787
1.4733
1.47014
1.46512
1.46071
1.45739
1.45466
1.45022
1.44443
1.44187
1.43997
1.43642
1.43322
1.43038
1.42586
1.42225
1.41763
1.41361
1.40646
1.40361
1.40079
1.39801
1.39295
1.38668
1.3854
1.38067
1.37501
1.37199
1.36899
1.366
1.36101
1.35766
1.35441
1.35064
1.34939
1.34452
1.3385
1.33621
1.33328
1.33099
1.32642
1.32309
1.32099
1.31823
1.31611
1.31169
1.30907
1.30593
1.30314
1.30169
1.29971
1.29575
1.29224
1.29019
1.28836
1.28561
1.28236
1.27688
1.27369
1.27106
1.26804
1.26551
1.26328
1.26081
1.2576
1.2554
1.25171
1.25055
1.24704
1.24633
1.2437
1.24182
1.23874
1.23639
1.23438
1.23185
1.22833
1.22555
1.22324
1.221
1.22009
1.21852
1.21745
1.21561
1.21295
1.21171
1.20974
1.20867
1.20494
1.20134
1.19913
1.19591
1.19274
1.19194
1.1908
1.18957
1.18799
1.18621
1.18459
1.18307
1.18179
1.18064
1.17793
1.17677
1.17589
1.1752
1.17339
1.17293
1.17206
1.16963
1.16884
1.16744
1.16639
1.16485
1.16431
1.16276
1.16097
1.16042
1.15935
1.1586
1.15767
1.15664
1.15437
1.15239
1.15163
1.15083
1.15002
1.14896
1.14811
1.14665
1.14618
1.14509
1.14458
1.14364
1.1428
1.14207
1.14146
1.14099
1.14015
1.13919
1.13869
1.13836
1.1382
1.13787
1.13768
1.13746
1.13722
1.13675
1.1364
1.13598
1.13538
1.135
1.1348
1.13428
1.13405
1.1338
1.13345
1.13279
1.13233
1.1321
1.13178
1.1315
1.13136
1.13108
1.13075
1.13047
1.13018
1.12968
1.12958
1.12923
1.12875
1.12851
1.12811
1.12763
1.12745
1.12709
1.12674
1.12666
1.12648
1.12629
1.12586
1.12557
1.1254
1.12526
1.12493
1.12483
1.12472
1.12457
1.12436
1.12418
1.12409
1.12395
1.12379
1.12366
1.12347
1.12331
1.12316
1.12305
1.12295
1.1228
1.12271
1.12265
1.1225
1.12241
1.1223
1.12213
1.12199
1.12187
1.12176
1.12169
1.12166
1.12153
1.12139
1.12131
1.12119
1.12113
1.12103
1.121
1.1209
1.12085
1.12075
1.12069
1.12062
1.12056
1.1205
1.12045
1.12034
1.12031
1.12026
1.12019
1.12016
1.1201
1.12006
1.12
1.11997
1.11994
1.1199
1.11984
1.1198
1.11976
1.11972
1.11968
1.11966
1.11962
1.11959
1.11955
1.11952
1.11947
1.11944
1.11941
1.11938
1.11935
1.11929
1.11927
1.11924
1.1192
1.11918
1.11914
1.11912
1.11909
1.11907
1.11905
1.11899
1.11894
1.11891
1.11888
1.11884
1.1188
1.11877
1.11875
1.11867
1.11864
1.11861
1.11856
1.11852
1.11847
1.11844
1.11843
1.1184
1.11834
1.11828
1.11826
1.11822
1.11817
1.11811
1.11807
1.11802
1.11796
1.1179
1.11784
1.11782
1.1178
1.11778
1.11774
1.1177
1.11768
1.11765
1.11763
1.11761
1.11759
1.11757
1.11756
1.11753
1.11751
1.11749
1.11747
1.11746
1.11744
1.11742
1.11739
1.11738
1.11736
1.11734
1.11732
1.1173
1.11728
1.11727
1.11726
1.11725
1.11723
1.1172
1.1172
1.11719
1.11717
1.11715
1.11714
1.11712
1.1171
1.11708
1.11707
1.11706
1.11705
1.11704
1.11703
1.11702
1.117
1.11699
1.11697
1.11696
1.11695
1.11695
1.11694
1.11692
1.1169
1.11689
1.11688
1.11687
1.11685
1.11683
1.11682
1.11681
1.11681
1.11678
1.11676
1.11676
1.11675
1.11674
1.11671
1.1167
1.11669
1.11668
1.11668
1.11667
1.11666
1.11666
1.11665
1.11664
1.11663
1.11663
1.11662
1.11661
1.1166
1.1166
1.11659
1.11658
1.11658
1.11657
1.11656
1.11656
1.11655
1.11654
1.11653
1.11652
1.11652
1.11651
1.11651
1.1165
1.1165
1.11649
1.11649
1.11648
1.11647
1.11647
1.11647
1.11646
1.11645
1.11645
1.11645
1.11644
1.11644
1.11643
1.11643
1.11643
1.11642
1.11641
1.11641
1.1164
1.1164
1.1164
1.11639
1.11639
1.11639
1.11638
1.11638
1.11638
1.11637
1.11637
1.11637
1.11636
1.11636
1.11636
1.11636
1.11636
1.11636
1.11636
1.11636
1.11635
1.11635
1.11635
1.11635
1.11635
1.11634
1.11634
1.11634
1.11634
1.11634
1.11634
1.11633
1.11633
1.11633
1.11633
1.11633
1.11633
1.11632
1.11632
1.11632
1.11632
1.11632
1.11632
1.11632
1.11632
1.11631
1.11631
1.11631
1.11631
1.11631
1.11631
1.11631
1.1163
1.1163
1.1163
1.1163
1.1163
1.1163
1.1163
1.1163
1.1163
1.1163
1.11629
1.11629
1.11629
1.11629
1.11629
1.11629
1.11629
1.11629
1.11629
1.11629
1.11629
1.11629
1.11629
1.11629
1.11629
1.11629
1.11628
1.11628
1.11628
1.11628
1.11628
1.11628
1.11628
1.11628
1.11628
1.11628
1.11628
1.11628
1.11628
1.11628
1.11628
1.11628
1.11628
1.11628
1.11628
1.11628
1.11628
1.11627
1.11627
1.11627
1.11627
1.11627
1.11627
1.11627
1.11627
1.11627
1.11627
1.11627
1.11627
1.11627
1.11627
1.11627
1.11627
1.11627
1.11627
1.11627
1.11627
1.11627
1.11627
1.11627
1.11627
1.11627
1.11627
1.11627
1.11627
1.11627
1.11627
1.11627
1.11627
1.11627
1.11627
1.11627
1.11627
1.11627
1.11627
1.11627
1.11627
1.11627
1.11627
1.11626
1.11626
1.11626
1.11626
1.11626
1.11626
1.11626
1.11626
1.11626
1.11626
1.11626
1.11626
1.11626
1.11626
1.11626
1.11626
1.11626
1.11626
1.11626
1.11626
1.11626
1.11626
1.11626
1.11626
1.11626
1.11626
1.11626
1.11626
1.11626
1.11626
1.11626
1.11626
1.11626
1.11626
1.11626
1.11626
1.11626
1.11626
1.11626
1.11626
1.11626
1.11626
1.11626
1.11626
1.11626
1.11626
1.11626
1.11626
1.11626
1.11626
1.11626
1.11626
1.11626
1.11626
1.11626
1.11626
1.11626
1.11626
1.11626
1.11626
1.11626
1.11626
1.11626
1.11626
1.11626
1.11626
1.11626
1.11626
1.11626
1.11626
1.11626
1.11626
1.11626
1.11626
1.11626
1.11626
1.11626
1.11626
1.11626
1.11626
1.11626
1.11626
1.11626
1.11626
1.11626
1.11626
1.11626
1.11626
1.11626
1.11626
1.11626
1.11626
1.11626
1.11626
1.11626
1.11626
1.11626
1.11626
1.11626
1.11626
1.11626
1.11626
1.11626
1.11626
1.11626
1.11626
1.11626
1.11626
1.11626
1.11626
1.11626
1.11626
1.11626
1.11626
1.11626
1.11626
1.11626
1.11626
1.11626
1.11626
1.11626
1.11626
1.11626
1.11626
1.11626
1.11626
1.11626
1.11626
1.11626
1.11626
1.11626
1.11626
1.11626
1.11626
1.11626
1.11626
1.11626
1.11626
1.11626
1.11626
1.11626
1.11626
1.11626
1.11626
1.11626
1.11626
1.11626
1.11626
1.11626
1.11626
1.11626
1.11626
1.11626
1.11626
1.11626
1.11626
1.11626
1.11626
1.11626
1.11626
1.11626
1.11626
1.11626
1.11626
1.11626
1.11626
1.11626
1.11626
1.11626
1.11626
1.11626
1.11626
1.11625
1.11625
1.11625
1.11625
1.11625
1.11625
1.11625
1.11625
1.11625
1.11625
1.11625
1.11625
1.11625
1.11625
1.11625
1.11625
1.11625
1.11625
1.11625
1.11625
1.11625
1.11625
1.11625
1.11625
1.11625
1.11625
1.11625
1.11625
1.11625
1.11625
1.11625
1.11625
1.11625
1.11625
1.11625
1.11625
1.11625
1.11625
1.11625
1.11625
1.11625
1.11625
1.11625
1.11625
1.11625
1.11625
1.11625
1.11625
1.11625
1.11625
1.11625
1.11625
1.11625
1.11625
1.11625
1.11625
1.11625
1.11625
1.11625
1.11625
1.11625
1.11625
1.11625
1.11625
1.11625
1.11625
1.11625
1.11625
1.11625
1.11625
1.11625
1.11625
1.11625
1.11625
1.11625
1.11625
1.11625
1.11625
1.11625
1.11625
1.11625
1.11625
1.11625
1.11625
1.11625
1.11625
1.11625
1.11625
1.11625
1.11625
1.11625
1.11625
1.11625
1.11625
1.11625
1.11625
1.11625
1.11625
1.11625
1.11625
1.11625
1.11625
1.11625
1.11625
1.11625
1.11625
1.11625
1.11625
1.11625
1.11625
1.11625
1.11625
1.11625
1.11625
1.11625
1.11625
1.11625
1.11625
1.11625
1.11625
1.11625
1.11625
1.11625
1.11625
1.11625
1.11625
1.11625
1.11625
1.11625
1.11625
1.11625
1.11625
1.11625
1.11625
1.11625
1.11625
1.11625
1.11625
1.11625
1.11625
1.11625
1.11625
1.11625
1.11625
1.11625
1.11625
1.11625
1.11625
1.11625
1.11625
1.11625
1.11625
1.11625
1.11625
1.11625
1.11625
1.11625
1.11625
1.11625
1.11625
1.11625
1.11625
1.11625
1.11625
1.11625
1.11625
1.11625
1.11625
1.11625
1.11625
1.11625
1.11625
1.11625
1.11625
1.11625
1.11625
1.11625
1.11625
1.11625
1.11625
1.11625
1.11625
1.11625
1.11625
1.11625
1.11625
1.11625
1.11625
1.11625
1.11625
1.11625
1.11625
1.11625
1.11625
1.11625
1.11625
1.11625
1.11625
1.11625
1.11625
1.11625
1.11625
1.11625
1.11625
1.11625
1.11625
1.11625
1.11625
1.11625
1.11625
1.11625
1.11625
1.11625
1.11625
1.11625
1.11625
1.11625
1.11625
1.11625
1.11625
1.11625
1.11625
1.11625
1.11625
1.11625
1.11625
1.11625
1.11625
1.11625
1.11625
1.11625
1.11625
1.11625
1.11625
1.11625
1.11625
1.11625
1.11625
1.11625
1.11625
1.11625
1.11625
1.11625
1.11625
1.11625
1.11625
1.11625
1.11625
1.11625
1.11625
1.11625
1.11625
1.11625
1.11625
1.11625
1.11625
1.11625
1.11625
1.11625
1.11625
1.11625
1.11625
1.11625
1.11625
1.11625
1.11625
1.11625
1.11625
1.11625
1.11625
1.11625
1.11625
1.11625
1.11625
1.11625
1.11625
1.11625
1.11625
1.11625
1.11625
1.11625
1.11625
1.11625
1.11625
1.11625
1.11625
1.11625
1.11625
1.11625
1.11625
1.11625
1.11625
1.11625
1.11625
1.11625
1.11625
1.11625
1.11625
1.11625
1.11625
1.11625
1.11625
1.11625
1.11625
1.11625
1.11625
1.11625
1.11625
1.11625
1.11625
1.11625
1.11625
1.11625
1.11625
1.11625
1.11625
1.11625
1.11625
1.11625
1.11625
1.11625
1.11625
1.11625
1.11625
1.11625
1.11625
1.11625
1.11625
1.11625
1.11625
1.11625
1.11625
1.11625
1.11625
1.11625
1.11625
1.11625
1.11625
1.11625
1.11625
1.11625
1.11625
1.11625
1.11625
1.11625
1.11625
1.11625
1.11625
1.11625
1.11625
1.11625
1.11625
1.11625
1.11625
1.11625
1.11625
1.11625
1.11625
1.11625
1.11625
1.11625
1.11625
1.11625
1.11625
1.11625
1.11625
1.11625
1.11625
1.11625
1.11625
1.11625
1.11625
1.11625
1.11625
1.11625
1.11625
1.11625
1.11625
1.11625
1.11625
1.11625
1.11625
1.11625
1.11625
1.11625
1.11625
1.11625
1.11625
1.11625
1.11625
1.11625
1.11625
1.11625
1.11625
1.11625
1.11625
1.11625
1.11625
1.11625
1.11625
1.11625
1.11625
1.11625
1.11625
1.11625
1.11625
1.11625
1.11625
1.11625
1.11625
1.11625
1.11625
1.11625
1.11625
1.11625
1.11625
1.11625
1.11625
1.11625
1.11625
1.11625
1.11625
1.11625
1.11625
1.11625
1.11625
1.11625
1.11625
1.11625
1.11625
1.11625
1.11625
1.11625
1.11625
1.11625
1.11625
1.11625
1.11625
1.11625
1.11625
1.11625
1.11625
1.11625
1.11625
1.11625
1.11625
1.11625
1.11625
1.11625
1.11625
1.11625
1.11625
1.11625
1.11625
1.11625
1.11625
1.11625
1.11625
1.11625
1.11625
1.11625
1.11625
1.11625
1.11625
1.11625
1.11625
1.11625
1.11625
1.11625
1.11625
1.11625
1.11625
1.11625
1.11625
1.11625
1.11625
1.11625
1.11625
1.11625
1.11625
1.11625
1.11625
1.11625
1.11625
1.11625
1.11625
1.11625
1.11625
1.11625
1.11625
1.11625
1.11625
1.11625
1.11625
1.11625
1.11625
1.11625
1.11625
1.11625
1.11625
1.11625
1.11625
1.11625
1.11625
1.11625
1.11625
1.11625
1.11625
1.11625
1.11625
1.11625
1.11625
1.11625
1.11625
1.11625
1.11625
1.11625
1.11625
1.11625
1.11625
1.11625
1.11625
1.11625
1.11625
1.11625
1.11625
1.11625
1.11625
1.11625
1.11625
1.11625
1.11625
1.11625
1.11625
1.11625
1.11625
1.11625
1.11625
1.11625
1.11625
1.11625
1.11625
1.11625
1.11625
1.11625
1.11625
1.11625
1.11625
1.11625
1.11625
1.11625
1.11625
1.11625
1.11625
1.11625
1.11625
1.11625
1.11625
1.11625
1.11625
1.11625
1.11625
1.11625
1.11625
1.11625
1.11625
1.11625
1.11625
1.11625
1.11625
1.11625
1.11625
1.11625
1.11625
1.11625
1.11625
1.11625
1.11625
1.11625
1.11625
1.11625
1.11625
1.11625
1.11625
1.11625
1.11625
1.11625
1.11625
1.11625
1.11625
1.11625
1.11625
1.11625
1.11625
1.11625
1.11625
1.11625
1.11625
1.11625
1.11625
1.11625
1.11625
1.11625
1.11625
1.11625
1.11625
1.11625
1.11625
1.11625
1.11625
1.11625
1.11625
1.11625
1.11625
1.11625
1.11625
1.11625
1.11625
1.11625
1.11625
1.11625
1.11625
1.11625
1.11625
1.11625
1.11625
1.11625
1.11625
1.11625
1.11625
1.11625
1.11625
1.11625
1.11625
1.11625
1.11625
1.11625
1.11625
1.11625
1.11625
1.11625
1.11625
1.11625
1.11625
1.11625
1.11625
1.11625
1.11625
1.11625
1.11625
1.11625
1.11625
1.11625
1.11625
1.11625
1.11625
1.11625
1.11625
1.11625
1.11625
1.11625
1.11625
1.11625
1.11625
1.11625
1.11625
1.11625
1.11625
1.11625
1.11625
1.11625
1.11625
1.11625
1.11625
1.11625
1.11625
1.11625
1.11625
1.11625
1.11625
1.11625
1.11625
1.11625
1.11625
1.11625
1.11625
1.11625
1.11625
1.11625
1.11625
1.11625
1.11625
1.11625
1.11625
1.11625
1.11625
1.11625
1.11625
1.11625
1.11625
1.11625
1.11625
1.11625
1.11625
1.11625
1.11625
1.11625
1.11625
1.11625
1.11625
1.11625
1.11625
1.11625
