1.63082
81.8409
78.6351
74.6117
71.842
70.3714
68.7888
66.8368
64.4786
63.107
61.7716
59.8151
57.7027
56.1548
54.9484
53.5486
51.6183
50.5823
49.1936
47.1922
46.4573
45.651
44.5816
43.1607
42.5972
41.9001
41.1941
40.5212
39.5832
38.7494
37.5236
36.343
35.8232
35.0315
34.2752
33.4501
32.926
32.2754
31.5317
30.9455
30.3352
29.758
28.7934
28.2771
28.0335
27.5157
26.9791
26.5183
25.9694
25.3879
24.8066
24.435
24.0018
23.6267
23.1545
22.6095
21.9638
21.5984
21.1263
20.9185
20.5736
20.2225
19.9438
19.7417
19.3361
18.9622
18.7399
18.3497
18.0227
17.7948
17.3835
17.2647
16.9915
16.7249
16.4699
16.2802
16.0007
15.7625
15.5176
15.3294
15.056
14.8965
14.7405
14.5843
14.3578
14.2522
14.0632
13.9187
13.7778
13.5541
13.2901
13.1088
12.9684
12.8138
12.6181
12.4406
12.3101
12.1883
12.0549
11.9477
11.7816
11.6598
11.5338
11.4067
11.259
11.1291
11.0707
10.9356
10.8136
10.6568
10.5611
10.426
10.3234
10.2213
10.1197
10.0121
9.87732
9.82823
9.68538
9.60125
9.47375
9.40307
9.27761
9.17907
9.09082
8.99018
8.91711
8.84978
8.76006
8.67938
8.59792
8.53805
8.44321
8.3666
8.30758
8.20719
8.15669
8.04795
7.97933
7.88382
7.82713
7.74828
7.65906
7.59477
7.51004
7.43079
7.37507
7.31091
7.25365
7.19619
7.12779
7.06994
7.01344
6.96261
6.89064
6.81656
6.76544
6.70902
6.62796
6.58561
6.51981
6.4323
6.38014
6.3184
6.26906
6.20256
6.15613
6.0887
6.04646
6.00565
5.95708
5.89503
5.86399
5.80379
5.74716
5.6976
5.65455
5.61466
5.5685
5.54229
5.49305
5.44045
5.39097
5.34946
5.31659
5.27303
5.22587
5.16794
5.13422
5.10413
5.0759
5.04152
4.99234
4.95369
4.9199
4.86853
4.83956
4.78179
4.74769
4.70593
4.65715
4.6324
4.5917
4.54837
4.51074
4.4854
4.44538
4.41511
4.38339
4.33589
4.30732
4.27344
4.24155
4.20614
4.17393
4.14344
4.11492
4.08552
4.05817
4.02546
4.00211
3.97215
3.94385
3.91252
3.87887
3.84171
3.79724
3.7756
3.76144
3.72756
3.70413
3.67845
3.64754
3.61134
3.58601
3.56841
3.54465
3.52441
3.50451
3.47933
3.45151
3.42041
3.40372
3.37751
3.35682
3.33505
3.31669
3.28638
3.26244
3.24307
3.22219
3.19536
3.17327
3.14984
3.1281
3.11309
3.09676
3.07363
3.05059
3.02854
3.00616
2.99135
2.95878
2.93347
2.90696
2.89039
2.87207
2.85803
2.83377
2.81216
2.79696
2.77968
2.75135
2.73632
2.70996
2.69675
2.67335
2.66007
2.63746
2.61894
2.60311
2.58473
2.56333
2.55169
2.53977
2.5225
2.50712
2.48408
2.47248
2.45702
2.4338
2.42098
2.40652
2.39081
2.37914
2.36746
2.34762
2.33221
2.31984
2.30751
2.28478
2.26553
2.24524
2.23092
2.21918
2.20092
2.18165
2.15686
2.14415
2.12954
2.10969
2.09802
2.08174
2.07006
2.05963
2.04344
2.03167
2.01281
1.99522
1.98243
1.97295
1.95766
1.93873
1.9169
1.90041
1.88855
1.86706
1.85295
1.83978
1.82005
1.80421
1.79108
1.76805
1.75465
1.73434
1.72181
1.69962
1.68588
1.67131
1.6591
1.64481
1.62425
1.61178
1.60132
1.58802
1.57684
1.56135
1.55501
1.54311
1.53364
1.52292
1.50814
1.48752
1.47169
1.46113
1.447
1.4335
1.42198
1.40839
1.39609
1.38125
1.37413
1.36154
1.3478
1.34068
1.32438
1.3151
1.30249
1.29339
1.28209
1.2723
1.26096
1.2544
1.24647
1.23838
1.22778
1.2151
1.20418
1.19699
1.1886
1.17948
1.17318
1.15093
1.1438
1.12961
1.1198
1.11399
1.1089
1.09576
1.09005
1.08413
1.07254
1.06637
1.05637
1.051
1.04365
1.03761
1.03255
1.02058
1.01094
1.00344
0.997771
0.990195
0.983369
0.977689
0.969147
0.959424
0.951571
0.940556
0.933104
0.925356
0.91684
0.912678
0.901913
0.896779
0.889886
0.879267
0.869471
0.861632
0.857134
0.848455
0.843151
0.837829
0.829051
0.823407
0.818787
0.814484
0.807504
0.802771
0.795806
0.791907
0.784513
0.775431
0.767493
0.762811
0.757249
0.752547
0.747785
0.743415
0.736676
0.732025
0.726031
0.722416
0.717809
0.71231
0.707842
0.704053
0.699447
0.691583
0.686717
0.680696
0.674689
0.672263
0.66658
0.662681
0.655288
0.648866
0.644464
0.640073
0.634994
0.632726
0.628761
0.626307
0.621807
0.615548
0.612571
0.607747
0.602997
0.601121
0.597447
0.593144
0.588383
0.585272
0.580339
0.575678
0.572002
0.567257
0.559457
0.556278
0.552542
0.547552
0.544231
0.538963
0.53496
0.532526
0.529547
0.524071
0.519036
0.513913
0.511019
0.506881
0.504198
0.500665
0.496304
0.493627
0.489142
0.485642
0.48285
0.479186
0.477461
0.47407
0.471022
0.468106
0.465386
0.460291
0.457711
0.454091
0.451704
0.448302
0.443981
0.4411
0.437941
0.435549
0.431238
0.426697
0.423767
0.419699
0.416082
0.411578
0.408314
0.405215
0.401824
0.398689
0.394952
0.390506
0.387284
0.38371
0.380504
0.376374
0.371771
0.369088
0.366946
0.36327
0.361051
0.356563
0.353683
0.352325
0.34873
0.345517
0.344479
0.341314
0.338897
0.336777
0.333563
0.331379
0.328513
0.325862
0.321983
0.319733
0.318269
0.316094
0.311768
0.310227
0.306254
0.304111
0.302102
0.29905
0.295842
0.293604
0.29182
0.290172
0.287804
0.285577
0.283937
0.281631
0.279315
0.27682
0.274911
0.273874
0.271699
0.268532
0.266503
0.264911
0.263134
0.260454
0.257918
0.256128
0.254505
0.252122
0.250311
0.248391
0.24615
0.244618
0.242085
0.240369
0.239132
0.237888
0.23532
0.23319
0.231332
0.229182
0.227503
0.22544
0.223786
0.222647
0.219781
0.218662
0.216908
0.215475
0.214258
0.212566
0.210563
0.208075
0.20612
0.204624
0.202958
0.201212
0.198918
0.196862
0.195153
0.193826
0.19329
0.192085
0.19053
0.188497
0.187033
0.185398
0.182879
0.181572
0.180088
0.178664
0.177398
0.176133
0.174504
0.173104
0.171689
0.171053
0.1696
0.168344
0.167437
0.165952
0.164667
0.163363
0.162029
0.160021
0.15909
0.158746
0.157575
0.155969
0.15538
0.153991
0.153215
0.152194
0.151161
0.149547
0.148673
0.147828
0.147174
0.146314
0.145353
0.14467
0.143683
0.142499
0.141525
0.140864
0.139915
0.138865
0.137675
0.136772
0.135483
0.134755
0.133873
0.133315
0.132347
0.131237
0.130843
0.130147
0.129445
0.128696
0.127956
0.127057
0.126292
0.125361
0.124452
0.123959
0.123263
0.122363
0.121461
0.120535
0.119887
0.119538
0.11839
0.117532
0.116717
0.11608
0.115532
0.114795
0.1138
0.113164
0.112652
0.111927
0.110833
0.110456
0.109829
0.109371
0.108529
0.107889
0.107261
0.106869
0.106122
0.105592
0.105312
0.104905
0.104361
0.103674
0.102804
0.10225
0.1017
0.101019
0.100647
0.100078
0.0996276
0.0992763
0.0988171
0.0983083
0.0975243
0.0969395
0.096209
0.0954194
0.0949572
0.0946232
0.0940981
0.0936094
0.0929786
0.0924317
0.0919894
0.0916015
0.091282
0.0906971
0.0901923
0.0896797
0.0891497
0.0887087
0.0881171
0.0869334
0.0866148
0.0860166
0.0855855
0.0851275
0.0847175
0.0843545
0.0839285
0.0833116
0.0829112
0.0825551
0.0822285
0.0817026
0.0811777
0.0803883
0.0799136
0.0794531
0.0790188
0.0785712
0.0781679
0.0776762
0.0772147
0.0768496
0.0763131
0.0758765
0.0754263
0.0749188
0.0744026
0.0737575
0.0731666
0.0728431
0.0725091
0.0718343
0.0714749
0.0711381
0.0703391
0.0700431
0.0696715
0.0693002
0.0689464
0.0684936
0.0678882
0.0674573
0.0670422
0.066419
0.0661353
0.0655867
0.0649984
0.0648312
0.0644399
0.0640962
0.0636332
0.0632115
0.0627732
0.062398
0.0619676
0.0615569
0.061208
0.0608191
0.0603787
0.060022
0.0596585
0.0592477
0.0589822
0.0584338
0.0580848
0.0576848
0.0573728
0.0569838
0.0565502
0.0562261
0.0557678
0.0552923
0.0549128
0.0546499
0.0541875
0.053662
0.0532105
0.0527147
0.0524131
0.0517719
0.0514482
0.0511279
0.0508293
0.0503235
0.0501217
0.0494253
0.0492013
0.0487827
0.0484508
0.0480623
0.0476896
0.0469875
0.0467942
0.0466205
0.0463922
0.0461068
0.0459847
0.0456796
0.0454226
0.0451772
0.0450687
0.0446712
0.0444047
0.0440669
0.0438479
0.0434886
0.0430836
0.0427265
0.0425374
0.0421585
0.0417867
0.0414619
0.0411846
0.0409527
0.0408167
0.0404846
0.0402393
0.0399474
0.0395453
0.039353
0.039173
0.0388168
0.0382622
0.0379037
0.0376731
0.0370781
0.0368542
0.0367343
0.0364845
0.0362067
0.0357494
0.0353729
0.0350418
0.0345968
0.0343003
0.0338516
0.0333364
0.0331794
0.0326574
0.0325041
0.032076
0.0317323
0.0314518
0.0309034
0.0307217
0.0305235
0.0302493
0.0299486
0.0292567
0.0289883
0.0288189
0.0284693
0.028412
0.0281222
0.0278135
0.0274096
0.0273538
0.0271463
0.0268615
0.0264632
0.0263364
0.0260867
0.025868
0.0255227
0.0253524
0.0252031
0.0247904
0.024696
0.024554
0.024422
0.0242738
0.0240724
0.023906
0.0237448
0.0234051
0.0232742
0.0230204
0.022832
0.0227368
0.022551
0.022369
0.0222606
0.0221246
0.0220065
0.0218314
0.0217316
0.0216435
0.021463
0.0212699
0.0211861
0.0210509
0.0209035
0.0207952
0.0206832
0.0205832
0.0205064
0.0204405
0.0202844
0.0200526
0.0199418
0.019738
0.0196496
0.019383
0.0192901
0.0191949
0.0189324
0.0187262
0.01865
0.0184706
0.018314
0.0181557
0.0180704
0.0179149
0.0176862
0.0175797
0.0175226
0.0173991
0.0173402
0.0172125
0.0171412
0.0169784
0.0168721
0.0166038
0.0165325
0.0163963
0.0163174
0.0162314
0.0160433
0.0158886
0.0157954
0.0157695
0.0157284
0.0156258
0.0154692
0.0154058
0.0152627
0.0151279
0.015047
0.0149706
0.0149111
0.0148581
0.0147639
0.0146538
0.0145223
0.0144258
0.0143581
0.0142757
0.0142198
0.0141573
0.0140688
0.0139752
0.0139392
0.0138917
0.0138367
0.0137345
0.0136554
0.0136241
0.0135676
0.0134531
0.013398
0.0133193
0.0132591
0.0131853
0.0130926
0.0130517
0.0130026
0.0129593
0.0129054
0.0128279
0.0127651
0.0127179
0.0126512
0.0125777
0.0125116
0.0124313
0.0123918
0.0123436
0.0122895
0.0122331
0.0121817
0.0121229
0.0120769
0.0119903
0.0119077
0.0118627
0.0118159
0.0117294
0.0116536
0.0115977
0.0115321
0.0114707
0.0114386
0.0113376
0.0112841
0.011231
0.0111564
0.0110928
0.0110175
0.0109863
0.0109368
0.0108815
0.0108444
0.0108032
0.0107627
0.010701
0.0106392
0.0105494
0.0105133
0.010482
0.0104266
0.01034
0.0103062
0.0102493
0.0101611
0.0100727
0.0100221
0.00998469
0.00994068
0.00988885
0.00983047
0.00973345
0.00967851
0.00962714
0.00959598
0.0095434
0.00949725
0.0094595
0.0094111
0.00936335
0.00931051
0.00926137
0.00918886
0.00913021
0.00909854
0.0090236
0.0089721
0.00891823
0.00888299
0.00883843
0.00878138
0.00873374
0.00869726
0.00867262
0.00863999
0.00860453
0.00854212
0.00849084
0.00845267
0.00840303
0.00832449
0.00831511
0.00824693
0.00819652
0.00814196
0.00807958
0.00803675
0.00799637
0.00796864
0.00791824
0.00789684
0.00785335
0.00779009
0.00777029
0.00771803
0.00768298
0.00765164
0.00759916
0.00753994
0.00751336
0.00747954
0.00742533
0.00739781
0.00736521
0.00733739
0.00730214
0.00725606
0.0072206
0.00719664
0.00716127
0.00712496
0.0070911
0.00705062
0.00702722
0.00698543
0.0069556
0.00692687
0.00689602
0.00687551
0.00682579
0.00678195
0.00673866
0.00670153
0.0066714
0.00661885
0.006577
0.00654791
0.00652592
0.00649742
0.00647003
0.00641628
0.00639017
0.00635908
0.00634406
0.00632557
0.00628499
0.00625574
0.00620857
0.00618862
0.00616336
0.00613872
0.00609319
0.00607375
0.00603952
0.00600939
0.0059664
0.00593395
0.00590292
0.00587428
0.00584441
0.00581575
0.00577378
0.00574495
0.00571288
0.0056687
0.0056281
0.00559623
0.00557838
0.00555842
0.00551979
0.00548276
0.005454
0.00543624
0.005411
0.00538281
0.00536625
0.00532256
0.00529492
0.005274
0.00524718
0.00521241
0.00517991
0.00515668
0.00513481
0.0051128
0.00508709
0.00505711
0.00503022
0.00501021
0.00499084
0.00497485
0.00495038
0.00492603
0.00491372
0.00488251
0.00486643
0.00485365
0.00482561
0.00479863
0.00477588
0.00475423
0.00473608
0.00471115
0.00468074
0.00465139
0.00462761
0.0046019
0.00457761
0.004552
0.00452525
0.00450188
0.00448351
0.0044633
0.00443892
0.00441226
0.00438921
0.00434875
0.00433126
0.00431235
0.00427762
0.00426083
0.00424856
0.0042367
0.00422163
0.00420055
0.0041864
0.00416533
0.00415016
0.00413285
0.00411374
0.00409754
0.00407226
0.00405413
0.00403264
0.00401945
0.0039915
0.00397385
0.00396186
0.00394298
0.0039126
0.00388677
0.00386581
0.00383761
0.00382449
0.00379151
0.00377932
0.00375582
0.00373835
0.00372035
0.00370502
0.00368844
0.00367269
0.00364968
0.00364275
0.00362625
0.00361515
0.00359829
0.00358754
0.00357637
0.00356192
0.00353974
0.00352437
0.00350486
0.00348975
0.00347782
0.00346265
0.00344708
0.00343937
0.00342433
0.00341101
0.0033947
0.00337749
0.00335127
0.00333033
0.00332225
0.00331163
0.00329917
0.00327856
0.00326113
0.00325356
0.00324358
0.00323018
0.00321961
0.00320912
0.00319362
0.00317895
0.00316339
0.00315328
0.00313531
0.00311702
0.00309881
0.00308343
0.00306875
0.00305024
0.00303709
0.00302142
0.00300494
0.0029927
0.00297591
0.00296125
0.00295276
0.00293643
0.00292913
0.00291267
0.00290164
0.00288534
0.00287401
0.00285706
0.00284651
0.00284003
0.002821
0.00280743
0.0027994
0.00279118
0.00277853
0.00276629
0.00276241
0.00274887
0.00273501
0.0027212
0.00270892
0.00269263
0.00268333
0.00267084
0.00265364
0.00264554
0.0026384
0.00262427
0.0026129
0.00260808
0.00259504
0.00258475
0.0025703
0.0025642
0.00254941
0.00254242
0.00252478
0.00250218
0.00249326
0.00248704
0.00248092
0.00247245
0.00246075
0.0024459
0.00244073
0.00243223
0.00241181
0.00239901
0.002387
0.00237739
0.00235551
0.00233041
0.00230578
0.00229373
0.00228829
0.00226485
0.00224403
0.00223635
0.00222818
0.00221758
0.00219167
0.00218484
0.00217841
0.00216887
0.00216401
0.00215665
0.00214777
0.0021413
0.00212666
0.00212219
0.0021135
0.00210295
0.00208459
0.00207695
0.0020624
0.00205764
0.00204864
0.00203907
0.00202973
0.0020234
0.00201855
0.0020108
0.00200089
0.00199264
0.00198569
0.00197578
0.00196414
0.00195818
0.00195272
0.00194673
0.00193829
0.00192824
0.00192127
0.00191107
0.00190204
0.00189967
0.00189265
0.00188039
0.00187083
0.00186644
0.00185693
0.00184724
0.00184004
0.00183192
0.00182272
0.00181172
0.00180584
0.00179909
0.00179332
0.00178048
0.00177316
0.00176809
0.00176046
0.00175352
0.00174592
0.00173907
0.00173356
0.00172345
0.0017167
0.00170883
0.00170014
0.00169016
0.00168153
0.00167454
0.00166766
0.00166
0.00165491
0.00165155
0.00164392
0.00163461
0.0016259
0.00161696
0.0016081
0.0015979
0.00159199
0.00158263
0.00157878
0.00156774
0.00156313
0.00155699
0.00155315
0.00154513
0.00153909
0.0015326
0.00152855
0.00152041
0.00151588
0.00150819
0.00150208
0.0014977
0.00149059
0.00148486
0.00148029
0.00147339
0.00146233
0.00145585
0.00145093
0.00144462
0.00144025
0.00143491
0.00142879
0.0014244
0.00141918
0.00141151
0.00140768
0.00140314
0.00139863
0.00138907
0.00138129
0.00137835
0.00137165
0.00136658
0.00136297
0.0013514
0.00134674
0.0013419
0.00133636
0.00132602
0.00132141
0.00131347
0.00130831
0.00130246
0.00129482
0.00129057
0.00128597
0.00128143
0.00127585
0.00126924
0.00126614
0.00126065
0.0012555
0.00125123
0.00124492
0.00123774
0.00122758
0.00122247
0.00121548
0.0012118
0.00120845
0.00120314
0.00119809
0.00119078
0.00118537
0.00118192
0.00117656
0.00116949
0.00116427
0.00115923
0.00115141
0.00114755
0.00114486
0.00114193
0.00113608
0.00113398
0.00113053
0.00112267
0.00111872
0.00111646
0.00110966
0.00110645
0.00109834
0.00109343
0.00108769
0.00108114
0.00107602
0.0010736
0.00107089
0.00106729
0.00106279
0.0010618
0.00105875
0.00105501
0.0010524
0.00105
0.00104814
0.00104587
0.00104341
0.00103997
0.00103682
0.00103516
0.00103155
0.00102661
0.00102368
0.00102171
0.00101729
0.00101465
0.00101062
0.00100755
0.00100516
0.00100305
0.00100062
0.000998792
0.000993023
0.000990311
0.000988117
0.000984434
0.000981613
0.000977874
0.000975443
0.000971333
0.000967214
0.000964207
0.000961959
0.000956972
0.000950338
0.00094656
0.000943406
0.00093948
0.000938202
0.000935155
0.000929371
0.000927548
0.000924417
0.000920384
0.000916356
0.000914111
0.000911258
0.000905652
0.000901611
0.000898899
0.000895387
0.000891282
0.000887164
0.000882328
0.000879561
0.000878106
0.000872932
0.000871031
0.000867717
0.000865562
0.000863572
0.000862661
0.000859103
0.000856324
0.000853486
0.000850907
0.000848633
0.000845209
0.000842697
0.000841479
0.000840567
0.000835363
0.000833946
0.000832179
0.00083027
0.00082885
0.000826856
0.000826025
0.000822922
0.000820919
0.000819624
0.000818124
0.000815414
0.000811642
0.000809666
0.000808339
0.000805875
0.000803444
0.00080113
0.000797108
0.000795477
0.000792024
0.000790541
0.000789078
0.000787514
0.000785369
0.000783784
0.00078111
0.000778878
0.000777547
0.000775148
0.000772601
0.000769853
0.00076649
0.000764041
0.000762267
0.000759379
0.000757446
0.000755732
0.000753866
0.000751443
0.000748156
0.000746267
0.000743889
0.000742076
0.000739274
0.000737411
0.000735409
0.000731429
0.000729184
0.000726826
0.000723896
0.000722365
0.000719051
0.00071336
0.000709234
0.000706534
0.000702516
0.000700816
0.000696773
0.000694548
0.000692406
0.000691386
0.000689819
0.000686143
0.000678749
0.000677758
0.00067237
0.000670266
0.000668897
0.000666052
0.000662459
0.000661391
0.000655314
0.000652763
0.000650876
0.000645627
0.000643749
0.000642107
0.000638259
0.000633045
0.000632395
0.000629929
0.000629306
0.000626761
0.000625226
0.000621445
0.000618497
0.000617123
0.000615004
0.000610567
0.000608074
0.000606742
0.000604684
0.000602612
0.000600152
0.000597129
0.000594164
0.0005892
0.000587099
0.000585659
0.00058172
0.000580161
0.000577848
0.000574005
0.000568472
0.000567646
0.000566898
0.000564455
0.000560865
0.000558384
0.000553716
0.000551145
0.00054944
0.000547302
0.000546433
0.00054459
0.000541215
0.000539554
0.000538403
0.000533926
0.000532864
0.000531009
0.000529161
0.000528088
0.000525902
0.000521664
0.000519692
0.000518565
0.000517047
0.000515656
0.000514723
0.000512365
0.000510788
0.000505957
0.000504106
0.000497351
0.000495424
0.000494104
0.000492203
0.000491729
0.000489734
0.000485979
0.000484515
0.000482834
0.000476554
0.000475244
0.000474811
0.000472278
0.000470685
0.000468517
0.000464088
0.000463023
0.000460632
0.000457176
0.000455604
0.000453404
0.000445592
0.000443686
0.000440345
0.000439011
0.000437301
0.000434519
0.000432989
0.000426209
0.000425309
0.000424047
0.00042284
0.000421722
0.000419915
0.000416218
0.000414653
0.00041418
0.000412089
0.000410963
0.000409553
0.000409026
0.000407507
0.000405623
0.000403233
0.000401831
0.000401398
0.000398533
0.000398059
0.000397145
0.0003953
0.000394448
0.00039192
0.000389944
0.000388236
0.000387377
0.000386471
0.000385373
0.000384553
0.000382229
0.000379626
0.000378726
0.000376587
0.000375823
0.000373746
0.000372648
0.000370561
0.000367769
0.000365918
0.000363927
0.000362888
0.000360305
0.000359649
0.000356581
0.000355246
0.000353997
0.00035264
0.000349493
0.000348106
0.000347107
0.000346213
0.000344641
0.000341632
0.000340012
0.000338649
0.00033694
0.000335721
0.000332409
0.000331496
0.000330277
0.000329494
0.000326623
0.000325783
0.00032495
0.000324003
0.00032179
0.000319324
0.000318583
0.000318013
0.000316927
0.000315287
0.000313178
0.000312444
0.000311769
0.000309884
0.000308837
0.000305928
0.000305322
0.000304198
0.000302882
0.000301856
0.000300269
0.000299128
0.000298231
0.000297084
0.000295961
0.000294059
0.000293478
0.000292133
0.000290435
0.000289536
0.000287642
0.000287033
0.00028606
0.000285132
0.000284519
0.000282885
0.000281955
0.000280716
0.000280125
0.000279452
0.000278077
0.000277204
0.000276869
0.000275315
0.000274663
0.000273786
0.000272226
0.000271552
0.000270118
0.000268919
0.000267707
0.000266041
0.000265189
0.000264132
0.00026277
0.000261253
0.000260358
0.000259479
0.000259016
0.000257243
0.000256272
0.000255454
0.000254057
0.000253003
0.000251615
0.000250366
0.000249556
0.000248981
0.000246723
0.000246326
0.000245069
0.000242436
0.000241521
0.000239324
0.000238519
0.000238121
0.000236358
0.000235611
0.000233282
0.00023272
0.000231392
0.000230497
0.000229996
0.000228837
0.000228317
0.000227188
0.000226059
0.000224844
0.000223519
0.000222037
0.000220807
0.000220286
0.00021956
0.000218581
0.000217613
0.00021662
0.000215602
0.000214571
0.000212966
0.00021216
0.000211204
0.000210287
0.000209929
0.000208996
0.000208747
0.000208097
0.000207256
0.000206468
0.000205747
0.000204807
0.000203933
0.000203128
0.000202498
0.000201823
0.000200402
0.000199128
0.000197718
0.000197124
0.000196856
0.000196058
0.000195235
0.0001947
0.000194357
0.000193168
0.000192533
0.000191791
0.000191203
0.000190305
0.000189961
0.000189014
0.00018844
0.00018798
0.000187312
0.000186226
0.000185685
0.000184909
0.000183821
0.000182574
0.000181963
0.000181369
0.000180672
0.000179779
0.000179458
0.000179022
0.000178458
0.000177427
0.000176652
0.000176353
0.00017575
0.000175141
0.000174362
0.000173817
0.000173237
0.000172762
0.000171989
0.000171593
0.000171169
0.000170427
0.000169762
0.000168985
0.000168016
0.000166866
0.000165779
0.000165123
0.000164468
0.00016326
0.000162824
0.000161108
0.000160735
0.00016032
0.000159584
0.000158616
0.000157994
0.000157153
0.000156568
0.000156002
0.000155798
0.000155185
0.000154843
0.000154456
0.000153554
0.000153042
0.000152262
0.000151762
0.000151334
0.000150958
0.00015059
0.000150082
0.000149448
0.000148436
0.000148111
0.000147834
0.00014727
0.000146417
0.000145973
0.000145721
0.000145071
0.000144702
0.00014379
0.000143383
0.000142714
0.000141582
0.000141239
0.000140425
0.000140001
0.000139547
0.00013867
0.000138316
0.000137993
0.0001371
0.000136819
0.000136503
0.00013603
0.000135888
0.000135269
0.000134833
0.000134401
0.000133984
0.000133673
0.000133123
0.000132497
0.000132115
0.000131445
0.000130912
0.00013039
0.000130171
0.000129855
0.000129264
0.000128655
0.000128265
0.000127832
0.00012721
0.000126673
0.000126075
0.00012577
0.000125355
0.000125166
0.000124455
0.000124122
0.000123877
0.000123268
0.000122878
0.00012265
0.00012223
0.000121973
0.000121681
0.000121465
0.000121184
0.000120734
0.0001201
0.000119605
0.000119105
0.00011859
0.000117929
0.000117748
0.000117357
0.000116815
0.000116266
0.000115946
0.000115641
0.000115141
0.000114586
0.000114041
0.000113563
0.00011317
0.000112399
0.000111988
0.000111595
0.000111124
0.000110798
0.000110428
0.000110212
0.000109907
0.000109752
0.000109279
0.000109049
0.000108768
0.000108418
0.000108128
0.000107826
0.000107557
0.000107229
0.000107005
0.000106786
0.000106503
0.000106209
0.000105863
0.000105607
0.000105333
0.000104923
0.000104603
0.000104383
0.000104057
0.000103551
0.0001031
0.000102772
0.000102273
0.00010173
0.000101418
0.000101009
0.000100597
0.000100234
0.000100149
9.97966e-05
9.95016e-05
9.905e-05
9.8526e-05
9.83394e-05
9.80243e-05
9.77492e-05
9.72639e-05
9.70308e-05
9.65335e-05
9.59359e-05
9.56206e-05
9.50989e-05
9.46915e-05
9.4201e-05
9.36552e-05
9.30775e-05
9.25265e-05
9.21452e-05
9.17048e-05
9.13464e-05
9.11264e-05
9.06732e-05
9.04719e-05
8.99602e-05
8.94727e-05
8.92087e-05
8.89037e-05
8.8667e-05
8.82358e-05
8.79377e-05
8.75748e-05
8.73736e-05
8.67803e-05
8.62168e-05
8.60265e-05
8.57503e-05
8.54422e-05
8.49522e-05
8.43298e-05
8.4116e-05
8.39401e-05
8.37253e-05
8.33691e-05
8.32414e-05
8.29166e-05
8.26823e-05
8.24043e-05
8.21323e-05
8.17732e-05
8.15598e-05
8.13266e-05
8.09823e-05
8.06697e-05
8.03137e-05
8.00336e-05
7.96431e-05
7.93444e-05
7.91631e-05
7.89055e-05
7.87391e-05
7.83806e-05
7.8071e-05
7.77105e-05
7.72718e-05
7.69356e-05
7.67623e-05
7.64764e-05
7.60528e-05
7.58357e-05
7.5549e-05
7.53534e-05
7.51637e-05
7.4882e-05
7.45659e-05
7.43914e-05
7.40928e-05
7.38598e-05
7.37173e-05
7.34925e-05
7.3254e-05
7.29053e-05
7.27631e-05
7.25465e-05
7.22606e-05
7.2114e-05
7.19982e-05
7.15629e-05
7.14521e-05
7.12381e-05
7.1131e-05
7.08522e-05
7.07386e-05
7.04306e-05
7.02965e-05
7.01346e-05
6.98588e-05
6.96905e-05
6.95244e-05
6.93898e-05
6.91984e-05
6.90518e-05
6.88379e-05
6.86888e-05
6.84326e-05
6.83124e-05
6.80083e-05
6.78426e-05
6.77483e-05
6.7642e-05
6.74232e-05
6.72633e-05
6.70653e-05
6.68377e-05
6.658e-05
6.63703e-05
6.61788e-05
6.59475e-05
6.58324e-05
6.57017e-05
6.5443e-05
6.51871e-05
6.50693e-05
6.4807e-05
6.46595e-05
6.44609e-05
6.42376e-05
6.40206e-05
6.39031e-05
6.37871e-05
6.36458e-05
6.35213e-05
6.3309e-05
6.30691e-05
6.2941e-05
6.28595e-05
6.27098e-05
6.2599e-05
6.24835e-05
6.24113e-05
6.22954e-05
6.21936e-05
6.20481e-05
6.19732e-05
6.1853e-05
6.17006e-05
6.16003e-05
6.14845e-05
6.14121e-05
6.12418e-05
6.10642e-05
6.09637e-05
6.08378e-05
6.07339e-05
6.05763e-05
6.04443e-05
6.01417e-05
6.00308e-05
5.98843e-05
5.97436e-05
5.95851e-05
5.9359e-05
5.92081e-05
5.90759e-05
5.89138e-05
5.87755e-05
5.86155e-05
5.8449e-05
5.83384e-05
5.82091e-05
5.80861e-05
5.79392e-05
5.77993e-05
5.76904e-05
5.75681e-05
5.7344e-05
5.72118e-05
5.70515e-05
5.69391e-05
5.67527e-05
5.66209e-05
5.63627e-05
5.63224e-05
5.61156e-05
5.57422e-05
5.54347e-05
5.51717e-05
5.50199e-05
5.46556e-05
5.44242e-05
5.40288e-05
5.38748e-05
5.36351e-05
5.35036e-05
5.34584e-05
5.33904e-05
5.32416e-05
5.28567e-05
5.27411e-05
5.26438e-05
5.24444e-05
5.23679e-05
5.20231e-05
5.19181e-05
5.14024e-05
5.12379e-05
5.0907e-05
5.08192e-05
5.05211e-05
5.04046e-05
5.02741e-05
5.01954e-05
5.01011e-05
4.99604e-05
4.98746e-05
4.97385e-05
4.95414e-05
4.94539e-05
4.93824e-05
4.93078e-05
4.89907e-05
4.8862e-05
4.87543e-05
4.86084e-05
4.82513e-05
4.81697e-05
4.77899e-05
4.76596e-05
4.7596e-05
4.74822e-05
4.72534e-05
4.69398e-05
4.68752e-05
4.6592e-05
4.64757e-05
4.63301e-05
4.62492e-05
4.61921e-05
4.60776e-05
4.5955e-05
4.56855e-05
4.55647e-05
4.54649e-05
4.53403e-05
4.52328e-05
4.51025e-05
4.50131e-05
4.49157e-05
4.47331e-05
4.46575e-05
4.45636e-05
4.42509e-05
4.41808e-05
4.41179e-05
4.40195e-05
4.38786e-05
4.38129e-05
4.37438e-05
4.36121e-05
4.3527e-05
4.34543e-05
4.32226e-05
4.30287e-05
4.28861e-05
4.27872e-05
4.26411e-05
4.25204e-05
4.22873e-05
4.2111e-05
4.19686e-05
4.18521e-05
4.16483e-05
4.16009e-05
4.14862e-05
4.13994e-05
4.12755e-05
4.10287e-05
4.08888e-05
4.08228e-05
4.0698e-05
4.05576e-05
4.04183e-05
4.02295e-05
4.01085e-05
3.99567e-05
3.98111e-05
3.9662e-05
3.95387e-05
3.91878e-05
3.90723e-05
3.90142e-05
3.88248e-05
3.86248e-05
3.85023e-05
3.84337e-05
3.83145e-05
3.81003e-05
3.80108e-05
3.78295e-05
3.76615e-05
3.76259e-05
3.75966e-05
3.74693e-05
3.72988e-05
3.7119e-05
3.68147e-05
3.66485e-05
3.64287e-05
3.6128e-05
3.58582e-05
3.58352e-05
3.57055e-05
3.55981e-05
3.54031e-05
3.50665e-05
3.49947e-05
3.48317e-05
3.47132e-05
3.45855e-05
3.4374e-05
3.42976e-05
3.41659e-05
3.40202e-05
3.36878e-05
3.35834e-05
3.34016e-05
3.33009e-05
3.29916e-05
3.27261e-05
3.25976e-05
3.25509e-05
3.22953e-05
3.22074e-05
3.20925e-05
3.20305e-05
3.18195e-05
3.16207e-05
3.1506e-05
3.14421e-05
3.1288e-05
3.11258e-05
3.07605e-05
3.06749e-05
3.05156e-05
3.03716e-05
3.0274e-05
3.02173e-05
3.01354e-05
2.99782e-05
2.99433e-05
2.97367e-05
2.9677e-05
2.95039e-05
2.94334e-05
2.92413e-05
2.90316e-05
2.89705e-05
2.88697e-05
2.87258e-05
2.86655e-05
2.85527e-05
2.84663e-05
2.8363e-05
2.81706e-05
2.80233e-05
2.79811e-05
2.77717e-05
2.75951e-05
2.74961e-05
2.74522e-05
2.74149e-05
2.73086e-05
2.7214e-05
2.71747e-05
2.70877e-05
2.69964e-05
2.68924e-05
2.68072e-05
2.65796e-05
2.65308e-05
2.6474e-05
2.63935e-05
2.63654e-05
2.61421e-05
2.60305e-05
2.59235e-05
2.58549e-05
2.57413e-05
2.55824e-05
2.53915e-05
2.52703e-05
2.51341e-05
2.50292e-05
2.49173e-05
2.47505e-05
2.45653e-05
2.44221e-05
2.43879e-05
2.43285e-05
2.42504e-05
2.41272e-05
2.40483e-05
2.38816e-05
2.38208e-05
2.37996e-05
2.35965e-05
2.33553e-05
2.33291e-05
2.32657e-05
2.32217e-05
2.29701e-05
2.29313e-05
2.28524e-05
2.27966e-05
2.27667e-05
2.26572e-05
2.26135e-05
2.25341e-05
2.24538e-05
2.23638e-05
2.23248e-05
2.22653e-05
2.21854e-05
2.21522e-05
2.20107e-05
2.19836e-05
2.19432e-05
2.18945e-05
2.1831e-05
2.17921e-05
2.17429e-05
2.1709e-05
2.16727e-05
2.16602e-05
2.15956e-05
2.15656e-05
2.1508e-05
2.14472e-05
2.1388e-05
2.12951e-05
2.12108e-05
2.11666e-05
2.11345e-05
2.10906e-05
2.10696e-05
2.10285e-05
2.09957e-05
2.0969e-05
2.09193e-05
2.0861e-05
2.08226e-05
2.07657e-05
2.07297e-05
2.06567e-05
2.06119e-05
2.05384e-05
2.0498e-05
2.04176e-05
2.03798e-05
2.03287e-05
2.03013e-05
2.02529e-05
2.02317e-05
2.01505e-05
2.00934e-05
2.00318e-05
1.99572e-05
1.9929e-05
1.9874e-05
1.98434e-05
1.98106e-05
1.97357e-05
1.97099e-05
1.9649e-05
1.96188e-05
1.95644e-05
1.95168e-05
1.9462e-05
1.93803e-05
1.92972e-05
1.92357e-05
1.92103e-05
1.9174e-05
1.91039e-05
1.89894e-05
1.89311e-05
1.886e-05
1.87794e-05
1.86953e-05
1.86096e-05
1.85592e-05
1.85137e-05
1.84495e-05
1.84165e-05
1.83903e-05
1.83509e-05
1.8254e-05
1.82063e-05
1.81887e-05
1.81508e-05
1.81214e-05
1.80055e-05
1.7971e-05
1.79544e-05
1.79034e-05
1.78543e-05
1.77473e-05
1.76954e-05
1.76525e-05
1.75882e-05
1.75201e-05
1.7487e-05
1.73632e-05
1.7314e-05
1.72571e-05
1.71461e-05
1.71096e-05
1.70193e-05
1.69499e-05
1.69301e-05
1.68789e-05
1.68356e-05
1.67765e-05
1.67372e-05
1.66763e-05
1.65589e-05
1.65372e-05
1.64511e-05
1.63971e-05
1.63493e-05
1.62725e-05
1.62526e-05
1.62055e-05
1.60918e-05
1.60515e-05
1.59483e-05
1.58577e-05
1.58148e-05
1.57437e-05
1.56838e-05
1.56373e-05
1.56102e-05
1.55788e-05
1.5548e-05
1.54848e-05
1.54482e-05
1.53721e-05
1.53128e-05
1.52438e-05
1.52017e-05
1.5138e-05
1.50712e-05
1.49945e-05
1.49422e-05
1.49081e-05
1.48683e-05
1.48104e-05
1.47615e-05
1.47285e-05
1.46879e-05
1.4663e-05
1.46171e-05
1.45681e-05
1.45484e-05
1.44417e-05
1.43866e-05
1.4342e-05
1.42761e-05
1.42322e-05
1.41693e-05
1.40964e-05
1.40601e-05
1.40173e-05
1.39682e-05
1.39019e-05
1.37732e-05
1.37285e-05
1.37028e-05
1.36549e-05
1.36125e-05
1.35409e-05
1.34649e-05
1.34269e-05
1.33442e-05
1.32974e-05
1.32722e-05
1.32487e-05
1.31948e-05
1.31311e-05
1.30807e-05
1.30222e-05
1.29815e-05
1.29267e-05
1.28727e-05
1.28413e-05
1.27879e-05
1.27505e-05
1.27052e-05
1.26698e-05
1.26266e-05
1.25797e-05
1.25255e-05
1.24974e-05
1.24517e-05
1.23953e-05
1.23691e-05
1.23383e-05
1.22685e-05
1.22445e-05
1.22107e-05
1.21444e-05
1.20831e-05
1.20493e-05
1.20316e-05
1.19746e-05
1.19027e-05
1.18286e-05
1.17627e-05
1.1702e-05
1.16507e-05
1.16014e-05
1.15739e-05
1.15162e-05
1.14724e-05
1.14518e-05
1.14245e-05
1.13801e-05
1.13294e-05
1.12841e-05
1.12225e-05
1.11914e-05
1.11701e-05
1.10861e-05
1.10457e-05
1.10255e-05
1.09456e-05
1.09209e-05
1.09108e-05
1.08855e-05
1.0837e-05
1.07966e-05
1.07402e-05
1.07084e-05
1.06834e-05
1.06468e-05
1.05963e-05
1.05166e-05
1.04582e-05
1.03435e-05
1.03085e-05
1.0285e-05
1.0243e-05
1.02061e-05
1.01381e-05
1.01046e-05
1.00634e-05
1.00087e-05
9.95153e-06
9.89422e-06
9.83841e-06
9.80879e-06
9.73374e-06
9.68784e-06
9.6605e-06
9.63792e-06
9.60094e-06
9.56426e-06
9.5151e-06
9.48724e-06
9.45546e-06
9.41353e-06
9.36189e-06
9.31013e-06
9.24326e-06
9.20122e-06
9.14421e-06
9.08985e-06
9.03594e-06
9.02395e-06
8.97684e-06
8.95694e-06
8.886e-06
8.86805e-06
8.85263e-06
8.81154e-06
8.78319e-06
8.7116e-06
8.68018e-06
8.65337e-06
8.6374e-06
8.58704e-06
8.56036e-06
8.53101e-06
8.498e-06
8.47213e-06
8.41648e-06
8.37959e-06
8.35645e-06
8.33168e-06
8.29543e-06
8.21371e-06
8.18862e-06
8.17043e-06
8.15478e-06
8.13991e-06
8.10193e-06
8.08398e-06
8.04036e-06
7.99443e-06
7.96612e-06
7.94758e-06
7.9351e-06
7.91255e-06
7.86097e-06
7.84641e-06
7.83241e-06
7.80931e-06
7.78786e-06
7.7734e-06
7.75058e-06
7.72209e-06
7.71081e-06
7.68449e-06
7.67131e-06
7.63632e-06
7.61225e-06
7.58563e-06
7.55512e-06
7.52897e-06
7.48967e-06
7.46537e-06
7.43308e-06
7.41249e-06
7.38963e-06
7.37031e-06
7.35673e-06
7.33262e-06
7.29275e-06
7.27151e-06
7.24784e-06
7.23573e-06
7.21903e-06
7.19332e-06
7.17616e-06
7.15686e-06
7.14037e-06
7.10142e-06
7.08692e-06
7.06452e-06
7.03552e-06
7.01421e-06
6.99449e-06
6.98666e-06
6.96564e-06
6.95444e-06
6.91823e-06
6.90853e-06
6.89764e-06
6.87194e-06
6.84371e-06
6.81528e-06
6.7858e-06
6.75719e-06
6.74293e-06
6.69563e-06
6.66094e-06
6.62934e-06
6.6075e-06
6.57632e-06
6.56511e-06
6.54447e-06
6.5271e-06
6.51104e-06
6.48004e-06
6.46335e-06
6.44635e-06
6.42044e-06
6.40409e-06
6.38895e-06
6.37483e-06
6.35694e-06
6.34311e-06
6.32962e-06
6.31098e-06
6.30124e-06
6.27192e-06
6.2572e-06
6.2441e-06
6.23135e-06
6.21769e-06
6.19608e-06
6.17515e-06
6.16815e-06
6.14375e-06
6.13318e-06
6.1177e-06
6.10167e-06
6.08652e-06
6.07832e-06
6.06795e-06
6.04984e-06
6.03972e-06
6.01725e-06
6.00509e-06
5.99228e-06
5.9817e-06
5.97211e-06
5.95115e-06
5.93849e-06
5.92158e-06
5.90749e-06
5.88731e-06
5.86536e-06
5.84303e-06
5.82541e-06
5.80276e-06
5.78495e-06
5.77691e-06
5.76887e-06
5.74787e-06
5.74311e-06
5.73352e-06
5.71355e-06
5.69945e-06
5.67359e-06
5.66224e-06
5.64756e-06
5.62573e-06
5.61966e-06
5.59959e-06
5.57701e-06
5.56289e-06
5.54948e-06
5.53493e-06
5.50906e-06
5.50047e-06
5.48113e-06
5.46881e-06
5.45119e-06
5.43608e-06
5.42058e-06
5.39546e-06
5.3772e-06
5.36522e-06
5.34483e-06
5.32954e-06
5.31837e-06
5.30317e-06
5.28621e-06
5.26879e-06
5.23902e-06
5.22764e-06
5.20246e-06
5.19245e-06
5.147e-06
5.11627e-06
5.08289e-06
5.05476e-06
5.00572e-06
4.97986e-06
4.93703e-06
4.92322e-06
4.90592e-06
4.88482e-06
4.84453e-06
4.82942e-06
4.82121e-06
4.77651e-06
4.76759e-06
4.75034e-06
4.7282e-06
4.69279e-06
4.6851e-06
4.67093e-06
4.65676e-06
4.62742e-06
4.61294e-06
4.60823e-06
4.56361e-06
4.50816e-06
4.48704e-06
4.46365e-06
4.45066e-06
4.42386e-06
4.40811e-06
4.39265e-06
4.3707e-06
4.35631e-06
4.33957e-06
4.32748e-06
4.29409e-06
4.29013e-06
4.28128e-06
4.25277e-06
4.23843e-06
4.23026e-06
4.22463e-06
4.19901e-06
4.18577e-06
4.17004e-06
4.15904e-06
4.14401e-06
4.1358e-06
4.11333e-06
4.10254e-06
4.09586e-06
4.08068e-06
4.06489e-06
4.0566e-06
4.04673e-06
4.02029e-06
4.00837e-06
4.00187e-06
3.99745e-06
3.98775e-06
3.98116e-06
3.97425e-06
3.97001e-06
3.95623e-06
3.94013e-06
3.92776e-06
3.92151e-06
3.91047e-06
3.90286e-06
3.89171e-06
3.88078e-06
3.86687e-06
3.85739e-06
3.85478e-06
3.84414e-06
3.83116e-06
3.82612e-06
3.81551e-06
3.8045e-06
3.79857e-06
3.78611e-06
3.77822e-06
3.77365e-06
3.75817e-06
3.7486e-06
3.73816e-06
3.72691e-06
3.71784e-06
3.71361e-06
3.70368e-06
3.69821e-06
3.68834e-06
3.67971e-06
3.66096e-06
3.65737e-06
3.65117e-06
3.6456e-06
3.62502e-06
3.62035e-06
3.61465e-06
3.60124e-06
3.57924e-06
3.57509e-06
3.56923e-06
3.5575e-06
3.55506e-06
3.54752e-06
3.53885e-06
3.53142e-06
3.52005e-06
3.51042e-06
3.5054e-06
3.4874e-06
3.4795e-06
3.47524e-06
3.46887e-06
3.46336e-06
3.45968e-06
3.45488e-06
3.45257e-06
3.44047e-06
3.43233e-06
3.42243e-06
3.41801e-06
3.41167e-06
3.40566e-06
3.39983e-06
3.3956e-06
3.38654e-06
3.37601e-06
3.36566e-06
3.35911e-06
3.33865e-06
3.33576e-06
3.31535e-06
3.30733e-06
3.29819e-06
3.29092e-06
3.28241e-06
3.26973e-06
3.26493e-06
3.25823e-06
3.24937e-06
3.23643e-06
3.22359e-06
3.21506e-06
3.19729e-06
3.18969e-06
3.17951e-06
3.15993e-06
3.15174e-06
3.14272e-06
3.13493e-06
3.12545e-06
3.11827e-06
3.11272e-06
3.09992e-06
3.08873e-06
3.08426e-06
3.05667e-06
3.0419e-06
3.03604e-06
3.02162e-06
3.01263e-06
3.00291e-06
2.98965e-06
2.97739e-06
2.95953e-06
2.95615e-06
2.94706e-06
2.92972e-06
2.91601e-06
2.90376e-06
2.89832e-06
2.89126e-06
2.88019e-06
2.87777e-06
2.87363e-06
2.86214e-06
2.8508e-06
2.83372e-06
2.83005e-06
2.81343e-06
2.7956e-06
2.78813e-06
2.78223e-06
2.765e-06
2.75799e-06
2.74838e-06
2.73698e-06
2.7329e-06
2.72324e-06
2.7174e-06
2.71444e-06
2.71064e-06
2.6998e-06
2.69663e-06
2.69174e-06
2.68423e-06
2.67957e-06
2.67464e-06
2.66754e-06
2.65509e-06
2.642e-06
2.63877e-06
2.63344e-06
2.62321e-06
2.61944e-06
2.60999e-06
2.6009e-06
2.57876e-06
2.56911e-06
2.54444e-06
2.53978e-06
2.53445e-06
2.52689e-06
2.50527e-06
2.4987e-06
2.47643e-06
2.4727e-06
2.46366e-06
2.44302e-06
2.44041e-06
2.42808e-06
2.42535e-06
2.4229e-06
2.41734e-06
2.40406e-06
2.39084e-06
2.38089e-06
2.37358e-06
2.36932e-06
2.35076e-06
2.34499e-06
2.34067e-06
2.33925e-06
2.33605e-06
2.33012e-06
2.32544e-06
2.32252e-06
2.31369e-06
2.30369e-06
2.29878e-06
2.29573e-06
2.29305e-06
2.28508e-06
2.28157e-06
2.26499e-06
2.26119e-06
2.25846e-06
2.25509e-06
2.24408e-06
2.23895e-06
2.23573e-06
2.2333e-06
2.22039e-06
2.21913e-06
2.21565e-06
2.20958e-06
2.20706e-06
2.19305e-06
2.18968e-06
2.18463e-06
2.17433e-06
2.16108e-06
2.15812e-06
2.15407e-06
2.15241e-06
2.14311e-06
2.13687e-06
2.13308e-06
2.12586e-06
2.12339e-06
2.11393e-06
2.11091e-06
2.10133e-06
2.09782e-06
2.08952e-06
2.08434e-06
2.06898e-06
2.06568e-06
2.06359e-06
2.0554e-06
2.05272e-06
2.05083e-06
2.044e-06
2.03425e-06
2.02994e-06
2.02168e-06
2.01798e-06
2.01437e-06
2.01169e-06
2.00776e-06
2.00373e-06
2.00046e-06
1.99676e-06
1.9908e-06
1.98878e-06
1.98367e-06
1.9756e-06
1.97185e-06
1.96903e-06
1.96055e-06
1.95832e-06
1.94813e-06
1.9456e-06
1.94309e-06
1.9375e-06
1.92761e-06
1.92437e-06
1.91351e-06
1.90674e-06
1.90173e-06
1.89381e-06
1.89035e-06
1.88084e-06
1.87198e-06
1.8688e-06
1.85936e-06
1.85695e-06
1.85413e-06
1.84765e-06
1.8387e-06
1.83421e-06
1.82831e-06
1.82168e-06
1.81537e-06
1.81114e-06
1.79999e-06
1.79275e-06
1.77678e-06
1.77539e-06
1.77003e-06
1.7633e-06
1.76088e-06
1.74436e-06
1.73652e-06
1.72588e-06
1.71925e-06
1.71649e-06
1.7021e-06
1.70021e-06
1.69721e-06
1.69465e-06
1.68983e-06
1.6824e-06
1.66943e-06
1.66693e-06
1.66289e-06
1.6599e-06
1.64951e-06
1.64494e-06
1.64249e-06
1.63278e-06
1.63009e-06
1.6275e-06
1.62257e-06
1.61934e-06
1.61602e-06
1.61255e-06
1.60393e-06
1.60152e-06
1.5991e-06
1.59499e-06
1.59195e-06
1.58388e-06
1.57284e-06
1.56872e-06
1.56036e-06
1.55221e-06
1.54969e-06
1.54305e-06
1.53362e-06
1.52824e-06
1.52557e-06
1.5209e-06
1.51458e-06
1.50763e-06
1.50415e-06
1.5017e-06
1.49833e-06
1.49457e-06
1.49086e-06
1.48582e-06
1.48173e-06
1.47947e-06
1.47554e-06
1.46621e-06
1.46294e-06
1.46026e-06
1.45684e-06
1.45475e-06
1.45029e-06
1.44549e-06
1.44069e-06
1.43441e-06
1.42949e-06
1.42286e-06
1.4173e-06
1.41341e-06
1.40695e-06
1.40264e-06
1.3993e-06
1.39766e-06
1.39246e-06
1.38858e-06
1.38322e-06
1.3808e-06
1.37665e-06
1.37285e-06
1.37044e-06
1.36807e-06
1.36485e-06
1.36277e-06
1.35939e-06
1.3563e-06
1.35365e-06
1.3485e-06
1.34614e-06
1.3417e-06
1.33887e-06
1.33653e-06
1.33386e-06
1.33093e-06
1.32753e-06
1.32546e-06
1.3216e-06
1.31829e-06
1.31626e-06
1.31335e-06
1.31195e-06
1.30557e-06
1.30332e-06
1.29972e-06
1.29762e-06
1.29626e-06
1.29461e-06
1.28972e-06
1.28762e-06
1.2834e-06
1.2825e-06
1.2804e-06
1.27738e-06
1.2734e-06
1.27056e-06
1.26828e-06
1.26577e-06
1.26429e-06
1.26027e-06
1.25814e-06
1.25517e-06
1.25122e-06
1.248e-06
1.24602e-06
1.24465e-06
1.24341e-06
1.24051e-06
1.23568e-06
1.22973e-06
1.22209e-06
1.21992e-06
1.21525e-06
1.21124e-06
1.20985e-06
1.20742e-06
1.20496e-06
1.20071e-06
1.19676e-06
1.19376e-06
1.18738e-06
1.1806e-06
1.17921e-06
1.17166e-06
1.1683e-06
1.16603e-06
1.1626e-06
1.16005e-06
1.1513e-06
1.15033e-06
1.14534e-06
1.14213e-06
1.13817e-06
1.13434e-06
1.13064e-06
1.12934e-06
1.12779e-06
1.12605e-06
1.11946e-06
1.11481e-06
1.11277e-06
1.11083e-06
1.10542e-06
1.10328e-06
1.10149e-06
1.10031e-06
1.09613e-06
1.09394e-06
1.08952e-06
1.08558e-06
1.08164e-06
1.07854e-06
1.07703e-06
1.0691e-06
1.06603e-06
1.0604e-06
1.05832e-06
1.05601e-06
1.05347e-06
1.05135e-06
1.04857e-06
1.04393e-06
1.04229e-06
1.04018e-06
1.03729e-06
1.03271e-06
1.03038e-06
1.02471e-06
1.02264e-06
1.02125e-06
1.01741e-06
1.01547e-06
1.01408e-06
1.01155e-06
1.00966e-06
1.00679e-06
1.00069e-06
9.98702e-07
9.95428e-07
9.93263e-07
9.89614e-07
9.86278e-07
9.81958e-07
9.79076e-07
9.75534e-07
9.72854e-07
9.70511e-07
9.68643e-07
9.67238e-07
9.6523e-07
9.62213e-07
9.59837e-07
9.56934e-07
9.55961e-07
9.53448e-07
9.50625e-07
9.45082e-07
9.41456e-07
9.4028e-07
9.35655e-07
9.33584e-07
9.32752e-07
9.28961e-07
9.27714e-07
9.20584e-07
9.18106e-07
9.14757e-07
9.11615e-07
9.07609e-07
9.04619e-07
9.01914e-07
8.97852e-07
8.95562e-07
8.94183e-07
8.90816e-07
8.8972e-07
8.87186e-07
8.84587e-07
8.82894e-07
8.7868e-07
8.77045e-07
8.73937e-07
8.59756e-07
8.5745e-07
8.54678e-07
8.47981e-07
8.44327e-07
8.35542e-07
8.33176e-07
8.32015e-07
8.29557e-07
8.27495e-07
8.22479e-07
8.20651e-07
8.19252e-07
8.18296e-07
8.16385e-07
8.14256e-07
8.12334e-07
8.09147e-07
8.06138e-07
8.02686e-07
8.00526e-07
7.99181e-07
7.96947e-07
7.92351e-07
7.8937e-07
7.85632e-07
7.82732e-07
7.79267e-07
7.728e-07
7.67272e-07
7.62695e-07
7.52877e-07
7.51495e-07
7.42875e-07
7.39851e-07
7.31828e-07
7.29235e-07
7.28298e-07
7.27038e-07
7.23981e-07
7.2123e-07
7.17108e-07
7.13719e-07
7.1111e-07
7.09579e-07
7.066e-07
7.04104e-07
7.01366e-07
6.99598e-07
6.93974e-07
6.92869e-07
6.92337e-07
6.89733e-07
6.88314e-07
6.86509e-07
6.84341e-07
6.77866e-07
6.77318e-07
6.75931e-07
6.73467e-07
6.72304e-07
6.67987e-07
6.66899e-07
6.64888e-07
6.6189e-07
6.608e-07
6.60166e-07
6.57678e-07
6.54292e-07
6.53344e-07
6.51401e-07
6.47056e-07
6.44946e-07
6.41197e-07
6.39451e-07
6.36741e-07
6.35867e-07
6.33746e-07
6.31926e-07
6.30747e-07
6.27875e-07
6.27587e-07
6.26096e-07
6.2429e-07
6.22541e-07
6.21356e-07
6.2037e-07
6.18593e-07
6.16153e-07
6.13365e-07
6.11527e-07
6.1054e-07
6.10002e-07
6.09222e-07
6.07912e-07
6.06171e-07
6.04851e-07
6.02382e-07
5.98939e-07
5.96905e-07
5.96281e-07
5.94736e-07
5.93286e-07
5.91891e-07
5.91038e-07
5.89096e-07
5.85779e-07
5.85111e-07
5.84281e-07
5.83145e-07
5.81558e-07
5.80757e-07
5.7944e-07
5.76841e-07
5.75559e-07
5.74372e-07
5.717e-07
5.70469e-07
5.67317e-07
5.65483e-07
5.64547e-07
5.61469e-07
5.60337e-07
5.58594e-07
5.56943e-07
5.56117e-07
5.54242e-07
5.52576e-07
5.51094e-07
5.49694e-07
5.46736e-07
5.44968e-07
5.44595e-07
5.4318e-07
5.41994e-07
5.40191e-07
5.3969e-07
5.38125e-07
5.36895e-07
5.35674e-07
5.34001e-07
5.32621e-07
5.31249e-07
5.30431e-07
5.28279e-07
5.27764e-07
5.26907e-07
5.25225e-07
5.24115e-07
5.23305e-07
5.2175e-07
5.20758e-07
5.19823e-07
5.18442e-07
5.17815e-07
5.16713e-07
5.16404e-07
5.15139e-07
5.12911e-07
5.11163e-07
5.10307e-07
5.09536e-07
5.07601e-07
5.07021e-07
5.05272e-07
5.04763e-07
5.02681e-07
5.01925e-07
5.01313e-07
5.00452e-07
4.99941e-07
4.99529e-07
4.98659e-07
4.96771e-07
4.94249e-07
4.93536e-07
4.9321e-07
4.91847e-07
4.91242e-07
4.90825e-07
4.89955e-07
4.89028e-07
4.87642e-07
4.85993e-07
4.83015e-07
4.82551e-07
4.81617e-07
4.80608e-07
4.79899e-07
4.78425e-07
4.75605e-07
4.74684e-07
4.74103e-07
4.73024e-07
4.72344e-07
4.71548e-07
4.70587e-07
4.69845e-07
4.69439e-07
4.68792e-07
4.67556e-07
4.67139e-07
4.66315e-07
4.65498e-07
4.64504e-07
4.63425e-07
4.63124e-07
4.62764e-07
4.61143e-07
4.60456e-07
4.59932e-07
4.5963e-07
4.58035e-07
4.57484e-07
4.56595e-07
4.55999e-07
4.55467e-07
4.54869e-07
4.53996e-07
4.53091e-07
4.51954e-07
4.51215e-07
4.50841e-07
4.49121e-07
4.48156e-07
4.47395e-07
4.46315e-07
4.44845e-07
4.44103e-07
4.42049e-07
4.40359e-07
4.38914e-07
4.37488e-07
4.36875e-07
4.35271e-07
4.34236e-07
4.32966e-07
4.31176e-07
4.2929e-07
4.28234e-07
4.26474e-07
4.22961e-07
4.22248e-07
4.21308e-07
4.2024e-07
4.19522e-07
4.1766e-07
4.17052e-07
4.16427e-07
4.14648e-07
4.14147e-07
4.13495e-07
4.12015e-07
4.10836e-07
4.10218e-07
4.06336e-07
4.06048e-07
4.0498e-07
4.04446e-07
4.04089e-07
4.01723e-07
4.00902e-07
4.00055e-07
3.97969e-07
3.97458e-07
3.96719e-07
3.93669e-07
3.92941e-07
3.92018e-07
3.89071e-07
3.86785e-07
3.86347e-07
3.84329e-07
3.81047e-07
3.80681e-07
3.80026e-07
3.7964e-07
3.7835e-07
3.76487e-07
3.75514e-07
3.73758e-07
3.73325e-07
3.70177e-07
3.67703e-07
3.59048e-07
3.57086e-07
3.52701e-07
3.49014e-07
3.45432e-07
3.44021e-07
3.43723e-07
3.43499e-07
3.41066e-07
3.39002e-07
3.36677e-07
3.34859e-07
3.3276e-07
3.2615e-07
3.25502e-07
3.24989e-07
3.19857e-07
3.19404e-07
3.16668e-07
3.16031e-07
3.14265e-07
3.13556e-07
3.13083e-07
3.10613e-07
3.09784e-07
3.09287e-07
3.09043e-07
3.06868e-07
3.06672e-07
3.06362e-07
3.06078e-07
3.05403e-07
3.04571e-07
3.03554e-07
3.03185e-07
2.97631e-07
2.973e-07
2.96669e-07
2.93632e-07
2.89706e-07
2.89106e-07
2.889e-07
2.8634e-07
2.85819e-07
2.82865e-07
2.82467e-07
2.8219e-07
2.81811e-07
2.8146e-07
2.81018e-07
2.78751e-07
2.78263e-07
2.76992e-07
2.76566e-07
2.75798e-07
2.74235e-07
2.72895e-07
2.72092e-07
2.69442e-07
2.68027e-07
2.64734e-07
2.63402e-07
2.62726e-07
2.59724e-07
2.59345e-07
2.58518e-07
2.57758e-07
2.57367e-07
2.57089e-07
2.56905e-07
2.55657e-07
2.55348e-07
2.52957e-07
2.50458e-07
2.5011e-07
2.49282e-07
2.48215e-07
2.47814e-07
2.47115e-07
2.46753e-07
2.43827e-07
2.43563e-07
2.41469e-07
2.41245e-07
2.4092e-07
2.38902e-07
2.37088e-07
2.36773e-07
2.33937e-07
2.33744e-07
2.33078e-07
2.32359e-07
2.30124e-07
2.29097e-07
2.26402e-07
2.24222e-07
2.21847e-07
2.21052e-07
2.17672e-07
2.13012e-07
2.12551e-07
2.12277e-07
2.11655e-07
2.08645e-07
2.07656e-07
2.07359e-07
2.05748e-07
2.05294e-07
2.02413e-07
2.02025e-07
1.97836e-07
1.97654e-07
1.9717e-07
1.95366e-07
1.92356e-07
1.9051e-07
1.90256e-07
1.90037e-07
1.88838e-07
1.883e-07
1.87928e-07
1.86803e-07
1.83914e-07
1.83336e-07
1.82386e-07
1.80231e-07
1.79814e-07
1.77625e-07
1.77457e-07
1.7622e-07
1.75944e-07
1.7541e-07
1.75232e-07
1.74864e-07
1.73274e-07
1.72796e-07
1.72537e-07
1.72398e-07
1.71675e-07
1.70837e-07
1.6899e-07
1.68636e-07
1.68312e-07
1.66712e-07
1.66367e-07
1.65687e-07
1.64191e-07
1.63025e-07
1.62784e-07
1.6145e-07
1.6118e-07
1.59626e-07
1.5946e-07
1.57495e-07
1.57198e-07
1.56846e-07
1.56176e-07
1.55998e-07
1.55645e-07
1.553e-07
1.55035e-07
1.54331e-07
1.54078e-07
1.53725e-07
1.53113e-07
1.52718e-07
1.52589e-07
1.52231e-07
1.51843e-07
1.516e-07
1.51103e-07
1.50872e-07
1.50425e-07
1.49615e-07
1.49434e-07
1.49293e-07
1.48813e-07
1.48305e-07
1.47719e-07
1.4648e-07
1.46315e-07
1.45419e-07
1.45225e-07
1.44719e-07
1.44633e-07
1.44083e-07
1.4393e-07
1.43242e-07
1.42451e-07
1.42315e-07
1.41733e-07
1.40804e-07
1.40503e-07
1.39446e-07
1.39254e-07
1.38583e-07
1.38431e-07
1.37166e-07
1.3626e-07
1.36143e-07
1.34717e-07
1.34371e-07
1.34156e-07
1.3352e-07
1.33261e-07
1.32812e-07
1.32527e-07
1.32309e-07
1.31665e-07
1.31387e-07
1.31175e-07
1.30902e-07
1.30677e-07
1.30458e-07
1.3002e-07
1.29889e-07
1.29517e-07
1.29264e-07
1.2916e-07
1.28801e-07
1.28208e-07
1.27826e-07
1.2758e-07
1.27372e-07
1.26835e-07
1.26683e-07
1.26364e-07
1.26065e-07
1.24881e-07
1.24737e-07
1.23351e-07
1.23187e-07
1.23027e-07
1.2203e-07
1.21801e-07
1.2146e-07
1.20532e-07
1.20015e-07
1.19774e-07
1.18872e-07
1.18205e-07
1.18057e-07
1.17764e-07
1.17007e-07
1.16786e-07
1.1633e-07
1.15566e-07
1.15459e-07
1.14802e-07
1.14604e-07
1.14336e-07
1.14034e-07
1.13314e-07
1.13113e-07
1.12691e-07
1.11937e-07
1.11656e-07
1.11491e-07
1.1125e-07
1.10872e-07
1.10559e-07
1.10332e-07
1.10193e-07
1.09844e-07
1.09321e-07
1.0902e-07
1.0884e-07
1.08561e-07
1.08291e-07
1.07888e-07
1.0763e-07
1.07409e-07
1.07069e-07
1.06651e-07
1.06295e-07
1.0598e-07
1.05887e-07
1.05154e-07
1.05085e-07
1.0479e-07
1.04222e-07
1.04086e-07
1.03694e-07
1.03561e-07
1.02844e-07
1.01715e-07
1.01598e-07
1.00953e-07
1.00637e-07
1.00572e-07
1.00087e-07
9.9946e-08
9.96682e-08
9.93055e-08
9.84409e-08
9.83578e-08
9.8277e-08
9.75439e-08
9.74314e-08
9.72945e-08
9.71078e-08
9.691e-08
9.66879e-08
9.64911e-08
9.64283e-08
9.6232e-08
9.5979e-08
9.56916e-08
9.56276e-08
9.53347e-08
9.45995e-08
9.42908e-08
9.42115e-08
9.37245e-08
9.35381e-08
9.32319e-08
9.31672e-08
9.22623e-08
9.20725e-08
9.16593e-08
9.1545e-08
9.04982e-08
9.04203e-08
9.031e-08
9.02098e-08
8.94247e-08
8.90583e-08
8.82664e-08
8.79261e-08
8.76873e-08
8.75318e-08
8.74385e-08
8.72099e-08
8.64254e-08
8.57747e-08
8.53819e-08
8.52883e-08
8.51876e-08
8.51206e-08
8.47354e-08
8.46483e-08
8.44408e-08
8.43038e-08
8.31616e-08
8.30742e-08
8.27895e-08
8.24639e-08
8.23711e-08
8.23053e-08
8.21312e-08
8.17449e-08
8.14705e-08
8.13846e-08
8.12542e-08
8.11482e-08
8.09868e-08
8.08378e-08
8.06623e-08
8.0048e-08
7.98749e-08
7.9473e-08
7.94062e-08
7.89853e-08
7.89028e-08
7.87849e-08
7.81468e-08
7.80368e-08
7.79576e-08
7.78016e-08
7.74519e-08
7.73473e-08
7.71872e-08
7.70589e-08
7.68273e-08
7.61509e-08
7.60622e-08
7.59612e-08
7.58264e-08
7.57386e-08
7.55154e-08
7.53519e-08
7.51567e-08
7.506e-08
7.4811e-08
7.44213e-08
7.43166e-08
7.42194e-08
7.40002e-08
7.38666e-08
7.36404e-08
7.35328e-08
7.34629e-08
7.32118e-08
7.31433e-08
7.30411e-08
7.29126e-08
7.2773e-08
7.26473e-08
7.24654e-08
7.23265e-08
7.22618e-08
7.21217e-08
7.19452e-08
7.18277e-08
7.17257e-08
7.16672e-08
7.15659e-08
7.1421e-08
7.13245e-08
7.12221e-08
7.10874e-08
7.09643e-08
7.07625e-08
7.04201e-08
7.02549e-08
7.01266e-08
7.00292e-08
6.97729e-08
6.94562e-08
6.9329e-08
6.90371e-08
6.88488e-08
6.85089e-08
6.8154e-08
6.80919e-08
6.80496e-08
6.79093e-08
6.76729e-08
6.76189e-08
6.75347e-08
6.74129e-08
6.72966e-08
6.70914e-08
6.69269e-08
6.67516e-08
6.66062e-08
6.65199e-08
6.64676e-08
6.63386e-08
6.6256e-08
6.61426e-08
6.60449e-08
6.59047e-08
6.57584e-08
6.5673e-08
6.55924e-08
6.54732e-08
6.52997e-08
6.5232e-08
6.51094e-08
6.50397e-08
6.49303e-08
6.48172e-08
6.46692e-08
6.45323e-08
6.4411e-08
6.4326e-08
6.41712e-08
6.40842e-08
6.39811e-08
6.37819e-08
6.37067e-08
6.36368e-08
6.35741e-08
6.34488e-08
6.33599e-08
6.32295e-08
6.31666e-08
6.29865e-08
6.286e-08
6.2721e-08
6.2534e-08
6.24182e-08
6.23539e-08
6.22145e-08
6.20525e-08
6.19186e-08
6.18202e-08
6.17198e-08
6.15211e-08
6.14173e-08
6.12621e-08
6.11726e-08
6.11357e-08
6.09132e-08
6.08023e-08
6.06358e-08
6.04745e-08
6.0336e-08
6.02837e-08
6.01737e-08
6.0156e-08
6.00471e-08
5.99678e-08
5.98825e-08
5.97477e-08
5.96845e-08
5.96547e-08
5.95525e-08
5.94668e-08
5.92841e-08
5.92504e-08
5.90704e-08
5.88621e-08
5.86754e-08
5.83457e-08
5.82899e-08
5.78759e-08
5.77552e-08
5.75475e-08
5.74036e-08
5.73068e-08
5.71291e-08
5.69194e-08
5.67629e-08
5.64186e-08
5.63353e-08
5.60205e-08
5.5204e-08
5.49924e-08
5.49157e-08
5.44384e-08
5.42989e-08
5.39839e-08
5.39301e-08
5.38857e-08
5.34771e-08
5.33968e-08
5.31742e-08
5.29738e-08
5.27991e-08
5.26406e-08
5.22812e-08
5.21791e-08
5.17889e-08
5.17043e-08
5.16719e-08
5.15835e-08
5.13412e-08
5.13155e-08
5.12173e-08
5.11131e-08
5.10438e-08
5.0958e-08
5.087e-08
5.08055e-08
5.06402e-08
5.05667e-08
5.05024e-08
5.04471e-08
5.0366e-08
5.0278e-08
5.01671e-08
5.00972e-08
5.00738e-08
4.99692e-08
4.98705e-08
4.97219e-08
4.95929e-08
4.94829e-08
4.94293e-08
4.92864e-08
4.91252e-08
4.90833e-08
4.88895e-08
4.87588e-08
4.86518e-08
4.85052e-08
4.82679e-08
4.81712e-08
4.81369e-08
4.80845e-08
4.78469e-08
4.77884e-08
4.76708e-08
4.74824e-08
4.74294e-08
4.7379e-08
4.7324e-08
4.72982e-08
4.7272e-08
4.71925e-08
4.71532e-08
4.71282e-08
4.70987e-08
4.69689e-08
4.69213e-08
4.68576e-08
4.68154e-08
4.67848e-08
4.66833e-08
4.66046e-08
4.65461e-08
4.64567e-08
4.64184e-08
4.6307e-08
4.62135e-08
4.61058e-08
4.60158e-08
4.59062e-08
4.58203e-08
4.57291e-08
4.56858e-08
4.54839e-08
4.54319e-08
4.53581e-08
4.53312e-08
4.53064e-08
4.52634e-08
4.51822e-08
4.50894e-08
4.50559e-08
4.50212e-08
4.49611e-08
4.48595e-08
4.47347e-08
4.47066e-08
4.44993e-08
4.44281e-08
4.43102e-08
4.42369e-08
4.42057e-08
4.4108e-08
4.40565e-08
4.38592e-08
4.37867e-08
4.37431e-08
4.37093e-08
4.36164e-08
4.34934e-08
4.33974e-08
4.33274e-08
4.31681e-08
4.31229e-08
4.30055e-08
4.29129e-08
4.28557e-08
4.27184e-08
4.25945e-08
4.241e-08
4.23701e-08
4.23471e-08
4.22031e-08
4.21159e-08
4.20779e-08
4.18838e-08
4.17008e-08
4.14683e-08
4.11395e-08
4.09664e-08
4.07996e-08
4.07495e-08
4.07287e-08
4.04313e-08
4.03099e-08
4.02836e-08
4.00169e-08
3.97323e-08
3.96884e-08
3.96487e-08
3.95276e-08
3.94707e-08
3.94274e-08
3.93453e-08
3.90535e-08
3.89951e-08
3.89539e-08
3.8836e-08
3.87189e-08
3.86335e-08
3.85841e-08
3.85156e-08
3.84555e-08
3.8268e-08
3.80904e-08
3.79425e-08
3.79074e-08
3.78665e-08
3.78129e-08
3.77111e-08
3.76553e-08
3.75513e-08
3.75261e-08
3.74852e-08
3.73951e-08
3.73355e-08
3.72315e-08
3.71638e-08
3.70352e-08
3.69773e-08
3.69149e-08
3.68086e-08
3.66536e-08
3.66148e-08
3.65717e-08
3.65081e-08
3.64315e-08
3.6351e-08
3.63138e-08
3.62008e-08
3.61065e-08
3.59459e-08
3.59098e-08
3.58693e-08
3.58241e-08
3.5716e-08
3.56877e-08
3.56446e-08
3.56241e-08
3.55433e-08
3.55063e-08
3.5423e-08
3.53828e-08
3.52578e-08
3.52114e-08
3.50964e-08
3.50553e-08
3.50404e-08
3.50231e-08
3.50124e-08
3.49457e-08
3.49042e-08
3.48798e-08
3.48574e-08
3.47929e-08
3.46872e-08
3.46241e-08
3.45169e-08
3.42954e-08
3.42586e-08
3.42416e-08
3.41114e-08
3.40899e-08
3.40364e-08
3.39896e-08
3.39083e-08
3.38436e-08
3.37315e-08
3.37243e-08
3.35992e-08
3.35354e-08
3.34115e-08
3.3304e-08
3.32342e-08
3.30443e-08
3.3029e-08
3.29727e-08
3.2957e-08
3.28834e-08
3.28708e-08
3.26904e-08
3.26712e-08
3.26232e-08
3.25162e-08
3.24673e-08
3.24411e-08
3.23915e-08
3.23239e-08
3.22847e-08
3.21936e-08
3.21249e-08
3.20404e-08
3.18528e-08
3.18238e-08
3.18146e-08
3.17263e-08
3.16223e-08
3.15839e-08
3.15649e-08
3.14731e-08
3.13881e-08
3.13686e-08
3.13294e-08
3.12623e-08
3.12336e-08
3.11701e-08
3.0989e-08
3.09671e-08
3.08598e-08
3.03692e-08
3.00963e-08
2.99241e-08
2.95582e-08
2.92762e-08
2.87195e-08
2.80858e-08
2.80593e-08
2.79694e-08
2.79333e-08
2.74669e-08
2.74505e-08
2.72993e-08
2.68376e-08
2.64408e-08
2.64088e-08
2.63888e-08
2.6345e-08
2.63086e-08
2.60002e-08
2.5846e-08
2.58022e-08
2.57036e-08
2.56847e-08
2.47922e-08
2.47423e-08
2.47078e-08
2.46783e-08
2.44766e-08
2.44445e-08
2.44165e-08
2.36742e-08
2.36253e-08
2.36005e-08
2.34358e-08
2.34095e-08
2.33179e-08
2.31422e-08
2.3118e-08
2.30977e-08
2.28944e-08
2.28738e-08
2.25226e-08
2.25096e-08
2.24972e-08
2.22543e-08
2.20135e-08
2.19369e-08
2.18546e-08
2.16219e-08
2.14736e-08
2.1398e-08
2.12013e-08
2.11466e-08
2.09413e-08
2.07654e-08
2.07407e-08
2.06901e-08
2.05713e-08
2.05389e-08
2.02414e-08
2.02078e-08
2.01946e-08
2.01771e-08
1.99755e-08
1.99449e-08
1.99331e-08
1.98987e-08
1.97026e-08
1.94843e-08
1.92465e-08
1.90795e-08
1.90583e-08
1.89131e-08
1.85393e-08
1.85e-08
1.84857e-08
1.82959e-08
1.82454e-08
1.82317e-08
1.80462e-08
1.7882e-08
1.78726e-08
1.78684e-08
1.77388e-08
1.76171e-08
1.76034e-08
1.72731e-08
1.726e-08
1.72367e-08
1.71614e-08
1.71431e-08
1.7124e-08
1.67556e-08
1.66605e-08
1.66408e-08
1.66254e-08
1.65982e-08
1.63629e-08
1.63447e-08
1.63185e-08
1.59345e-08
1.59142e-08
1.58839e-08
1.58762e-08
1.58662e-08
1.58573e-08
1.57726e-08
1.57538e-08
1.57214e-08
1.56283e-08
1.56159e-08
1.55395e-08
1.55111e-08
1.54961e-08
1.54833e-08
1.54538e-08
1.54356e-08
1.53178e-08
1.52708e-08
1.52213e-08
1.5207e-08
1.51993e-08
1.51612e-08
1.51188e-08
1.51125e-08
1.50782e-08
1.50178e-08
1.49779e-08
1.49618e-08
1.49344e-08
1.48011e-08
1.47935e-08
1.4773e-08
1.47132e-08
1.46906e-08
1.46805e-08
1.4622e-08
1.45472e-08
1.44803e-08
1.44526e-08
1.43392e-08
1.43146e-08
1.4283e-08
1.42079e-08
1.40132e-08
1.40023e-08
1.39561e-08
1.39123e-08
1.38829e-08
1.38568e-08
1.38237e-08
1.37544e-08
1.36634e-08
1.3655e-08
1.36403e-08
1.36177e-08
1.35937e-08
1.35741e-08
1.35518e-08
1.35106e-08
1.34868e-08
1.34711e-08
1.3413e-08
1.33842e-08
1.33724e-08
1.33357e-08
1.32899e-08
1.32687e-08
1.32589e-08
1.32435e-08
1.32368e-08
1.32178e-08
1.32069e-08
1.31885e-08
1.31489e-08
1.31419e-08
1.31209e-08
1.30664e-08
1.30557e-08
1.29927e-08
1.29875e-08
1.29673e-08
1.2952e-08
1.29203e-08
1.28938e-08
1.28892e-08
1.28724e-08
1.28431e-08
1.28284e-08
1.27854e-08
1.27602e-08
1.27354e-08
1.2707e-08
1.2695e-08
1.26667e-08
1.26202e-08
1.25914e-08
1.25608e-08
1.25144e-08
1.2507e-08
1.24684e-08
1.24545e-08
1.24345e-08
1.24223e-08
1.23741e-08
1.23478e-08
1.2338e-08
1.23145e-08
1.22833e-08
1.22688e-08
1.22288e-08
1.21928e-08
1.21838e-08
1.21777e-08
1.21454e-08
1.21348e-08
1.21138e-08
1.2102e-08
1.20628e-08
1.20399e-08
1.2026e-08
1.19782e-08
1.19563e-08
1.1947e-08
1.19175e-08
1.19099e-08
1.18906e-08
1.18413e-08
1.18264e-08
1.17876e-08
1.1775e-08
1.17649e-08
1.17502e-08
1.17084e-08
1.16841e-08
1.16761e-08
1.16507e-08
1.16261e-08
1.15693e-08
1.15356e-08
1.15211e-08
1.14874e-08
1.14644e-08
1.14546e-08
1.14257e-08
1.13923e-08
1.13541e-08
1.13159e-08
1.1289e-08
1.12619e-08
1.12222e-08
1.11895e-08
1.11534e-08
1.11266e-08
1.11118e-08
1.10615e-08
1.10554e-08
1.10451e-08
1.10014e-08
1.09951e-08
1.09689e-08
1.09308e-08
1.08874e-08
1.08783e-08
1.08722e-08
1.08703e-08
1.08381e-08
1.07821e-08
1.07733e-08
1.07482e-08
1.07124e-08
1.07028e-08
1.06681e-08
1.06582e-08
1.06011e-08
1.05788e-08
1.05527e-08
1.054e-08
1.05185e-08
1.05062e-08
1.04874e-08
1.04296e-08
1.0386e-08
1.03332e-08
1.03217e-08
1.02859e-08
1.02626e-08
1.02316e-08
1.0215e-08
1.01387e-08
1.01238e-08
1.00845e-08
1.00166e-08
9.92353e-09
9.8827e-09
9.82134e-09
9.81507e-09
9.78826e-09
9.76517e-09
9.73264e-09
9.69476e-09
9.67977e-09
9.67629e-09
9.64289e-09
9.63406e-09
9.62696e-09
9.61852e-09
9.55128e-09
9.5332e-09
9.53008e-09
9.49421e-09
9.47634e-09
9.46198e-09
9.43943e-09
9.38393e-09
9.36978e-09
9.3374e-09
9.3095e-09
9.29166e-09
9.23159e-09
9.21998e-09
9.15144e-09
9.1023e-09
9.08163e-09
9.05142e-09
9.04309e-09
8.98591e-09
8.97193e-09
8.95049e-09
8.93213e-09
8.87899e-09
8.83436e-09
8.80724e-09
8.77464e-09
8.75656e-09
8.72468e-09
8.68753e-09
8.64508e-09
8.62313e-09
8.61939e-09
8.59626e-09
8.58645e-09
8.54615e-09
8.52494e-09
8.51002e-09
8.41736e-09
8.38218e-09
8.3545e-09
8.35119e-09
8.26875e-09
8.18999e-09
8.16982e-09
8.14992e-09
8.12895e-09
8.07733e-09
8.04781e-09
8.01245e-09
7.96796e-09
7.92146e-09
7.87676e-09
7.86874e-09
7.86505e-09
7.82287e-09
7.81284e-09
7.71485e-09
7.71052e-09
7.70304e-09
7.69424e-09
7.67991e-09
7.67328e-09
7.62683e-09
7.61333e-09
7.60534e-09
7.60064e-09
7.59042e-09
7.57726e-09
7.53006e-09
7.52058e-09
7.47946e-09
7.46201e-09
7.44716e-09
7.43332e-09
7.40028e-09
7.39321e-09
7.38448e-09
7.36467e-09
