20.4184
20.0475
19.1689
18.889
18.889
18.7662
18.3738
18.3738
17.786
17.6794
16.7326
16.7326
16.7326
16.7326
16.5149
16.1713
16.1713
15.6418
15.5392
15.0627
14.3531
13.7696
13.7599
13.4056
13.0809
12.4611
12.3232
11.7117
11.3576
10.9133
10.6929
10.2785
10.0649
9.46795
9.42177
8.52839
8.40951
8.31131
8.05273
7.94025
7.94025
7.88285
7.8787
7.67205
7.66734
7.40512
7.25338
6.86766
6.86766
6.60697
6.60697
6.60697
6.4924
6.37907
6.1945
6.08993
5.89212
5.64929
5.64929
5.50579
5.33312
5.15666
5.06369
5.01312
4.66237
4.66237
4.47572
4.47572
4.39394
4.32783
4.19456
4.17452
4.07841
3.92359
3.92359
3.85691
3.73873
3.67628
3.58578
3.58578
3.49066
3.41205
3.27993
3.21212
3.12429
3.03449
2.9553
2.91174
2.84605
2.79094
2.67534
2.51665
2.46687
2.34119
2.23787
2.23787
2.20843
2.00423
1.8494
1.8494
1.76798
1.74727
1.66728
1.66728
1.58527
1.50711
1.4682
1.44655
1.37863
1.28302
1.21285
1.17455
1.15781
1.11701
1.03932
0.890348
0.890348
0.865245
0.865245
0.845226
0.845226
0.82696
0.778143
0.745558
0.711056
0.694671
0.690531
0.662308
0.641356
0.616562
0.585758
0.571238
0.53346
0.520507
0.515056
0.490217
0.490217
0.482408
0.463517
0.447852
0.435162
0.425826
0.425826
0.420451
0.408419
0.402767
0.397455
0.397455
0.392378
0.388802
0.384706
0.377518
0.368413
0.366199
0.362374
0.362006
0.359988
0.358189
0.353386
0.342905
0.342519
0.188811
0.103908
0.103908
0.0876878
0.0787925
0.0752753
0.0716672
0.0689839
0.0689839
0.065004
0.0603819
0.0603819
0.0603819
0.0591369
0.0530245
0.0506585
0.0500827
0.0445678
0.0445678
0.0443397
0.0437118
0.0425077
0.0402696
0.0369963
0.0369963
0.0367595
0.0360496
0.0356174
0.0297532
0.0294028
0.0285649
0.0277734
0.0248515
0.0246961
0.0234994
0.0227325
0.0227016
0.0226612
0.0192891
0.0192891
0.0188324
0.0181058
0.0179283
0.0179283
0.0171086
0.0167715
0.0159841
0.0142662
0.0139074
0.0134658
0.0122046
0.0108746
0.0107645
0.0107645
0.0101034
0.00982462
0.00951478
0.00881102
0.00862106
0.00756033
0.00751312
0.00734158
0.00665475
0.00577708
0.00550495
0.00512408
0.00508714
0.00508714
0.00468848
0.00465336
0.00457475
0.00451664
0.00408533
0.00401102
0.00401102
0.00380901
0.00377199
0.00347902
0.00322601
0.00293708
0.00286276
0.00270685
0.00260422
0.00260422
0.00260422
0.00260422
0.00226089
0.00222606
0.00209524
0.00209524
0.00190936
0.00187903
0.00187903
0.00187903
0.00172696
0.00168866
0.00165549
0.00164113
0.00161722
0.0016031
0.00159883
0.00136434
0.00131496
0.00124038
0.00120326
0.00119971
0.000968199
0.000910656
0.000893256
0.000893256
0.000891687
0.000827848
0.000804804
0.000768142
0.000752089
0.000638874
0.000614739
0.000567298
0.000557833
0.000550144
0.000524925
0.000524925
0.000480397
0.000474059
0.000459534
0.000456744
0.000455197
0.000446117
0.000415617
0.000381457
0.000378426
0.000358706
0.000348038
0.000345051
0.000311897
0.000306471
0.000306471
0.000302343
0.000265266
0.000252543
0.000246719
0.00024546
0.000232483
0.000214122
0.00021202
0.000206782
0.000203699
0.000187679
0.000184567
0.000182773
0.000175675
0.000168427
0.000162877
0.000161568
0.000145138
0.000145138
0.000143489
0.000143489
0.000128976
0.000128976
0.000125263
0.000125263
0.000117823
0.000112726
0.000112686
0.000101435
0.000100615
0.000100335
9.60635e-005
9.03125e-005
8.22825e-005
7.69813e-005
7.49867e-005
6.91159e-005
6.84366e-005
6.84366e-005
6.77411e-005
5.13539e-005
5.00159e-005
5.00127e-005
4.83362e-005
4.37781e-005
4.34724e-005
4.34724e-005
4.24564e-005
4.20897e-005
3.79322e-005
3.78338e-005
3.49429e-005
3.47061e-005
3.38264e-005
3.1656e-005
2.97887e-005
2.95223e-005
2.77428e-005
2.50245e-005
2.46564e-005
2.44589e-005
2.19892e-005
2.17996e-005
2.15545e-005
2.12283e-005
1.85899e-005
1.84216e-005
1.84216e-005
1.77467e-005
1.75995e-005
1.59099e-005
1.45521e-005
1.44396e-005
1.44396e-005
1.13857e-005
1.13857e-005
1.13857e-005
1.10879e-005
1.04523e-005
1.04073e-005
1.00316e-005
9.31357e-006
8.67759e-006
8.61673e-006
8.04832e-006
7.78458e-006
7.52895e-006
6.99835e-006
6.77873e-006
6.61114e-006
6.31501e-006
6.30211e-006
5.90304e-006
5.66585e-006
5.61013e-006
4.54059e-006
4.54059e-006
4.44201e-006
4.26338e-006
4.21377e-006
4.0486e-006
4.03833e-006
3.73013e-006
3.63159e-006
3.61303e-006
3.59156e-006
3.23621e-006
3.1491e-006
2.64154e-006
2.62944e-006
2.62736e-006
2.55001e-006
2.30873e-006
2.30041e-006
2.13508e-006
2.12304e-006
1.85792e-006
1.84022e-006
1.61725e-006
1.55566e-006
1.55566e-006
1.51774e-006
1.4861e-006
1.33198e-006
1.33198e-006
1.31156e-006
1.30269e-006
1.20981e-006
1.11399e-006
1.10848e-006
1.09419e-006
9.838e-007
9.81778e-007
9.39613e-007
9.3622e-007
8.48046e-007
8.30085e-007
7.87447e-007
7.87447e-007
7.4613e-007
7.3921e-007
6.92877e-007
6.689e-007
6.26482e-007
6.26148e-007
5.57103e-007
5.48692e-007
5.48692e-007
4.87576e-007
4.74458e-007
4.74458e-007
4.64263e-007
4.61029e-007
4.23659e-007
4.23659e-007
4.15207e-007
3.67733e-007
3.58431e-007
3.58431e-007
3.47673e-007
3.14912e-007
3.08077e-007
3.03486e-007
2.84191e-007
2.57122e-007
2.54677e-007
2.43081e-007
2.28787e-007
2.23817e-007
1.73551e-007
1.72369e-007
1.71842e-007
1.60534e-007
1.60225e-007
1.59904e-007
1.53754e-007
1.51838e-007
1.51781e-007
1.45371e-007
1.4017e-007
1.39367e-007
1.28305e-007
1.2285e-007
1.20725e-007
1.19085e-007
1.14122e-007
1.09561e-007
1.03463e-007
8.69469e-008
8.67711e-008
8.51825e-008
8.51825e-008
7.61927e-008
7.53365e-008
7.53365e-008
7.53365e-008
7.45749e-008
7.06918e-008
6.98089e-008
6.9757e-008
5.65632e-008
5.64978e-008
5.52739e-008
5.49984e-008
5.49984e-008
5.46247e-008
5.34217e-008
4.60555e-008
4.47446e-008
4.46984e-008
4.44107e-008
4.44107e-008
3.95095e-008
3.95095e-008
3.95095e-008
3.64628e-008
3.57875e-008
2.92233e-008
2.91895e-008
2.90677e-008
2.90255e-008
2.63467e-008
2.63467e-008
2.63467e-008
2.44876e-008
2.14414e-008
2.14414e-008
2.13055e-008
2.13055e-008
2.0936e-008
1.93768e-008
1.917e-008
1.7279e-008
1.63092e-008
1.44378e-008
1.25033e-008
1.22537e-008
1.22123e-008
1.22123e-008
1.12999e-008
1.12999e-008
1.05831e-008
1.03155e-008
9.99537e-009
9.90257e-009
9.15138e-009
8.96143e-009
8.20926e-009
8.20926e-009
8.14638e-009
7.34425e-009
7.21679e-009
7.1426e-009
6.65563e-009
6.65563e-009
6.34817e-009
6.26338e-009
5.75856e-009
4.86704e-009
4.82423e-009
4.61912e-009
4.60303e-009
4.42423e-009
4.24519e-009
4.23887e-009
4.15876e-009
3.78233e-009
3.78233e-009
3.52734e-009
3.4047e-009
3.39467e-009
3.34446e-009
3.25578e-009
3.12811e-009
3.04437e-009
2.93142e-009
2.73872e-009
2.49023e-009
2.48694e-009
2.36437e-009
2.35979e-009
2.22379e-009
2.13216e-009
2.11616e-009
2.10657e-009
2.00495e-009
1.80819e-009
1.7217e-009
1.67627e-009
1.5656e-009
1.56145e-009
1.44892e-009
1.43518e-009
1.32094e-009
1.30758e-009
1.24882e-009
1.10682e-009
1.09457e-009
1.09178e-009
1.06662e-009
1.03972e-009
1.03498e-009
1.0012e-009
8.21793e-010
8.20826e-010
7.99023e-010
7.63024e-010
7.11607e-010
7.06372e-010
6.74463e-010
6.59652e-010
6.59652e-010
6.26983e-010
6.23572e-010
6.2316e-010
5.87338e-010
5.68514e-010
5.25235e-010
4.82212e-010
4.3144e-010
4.2937e-010
4.2937e-010
4.26008e-010
4.02814e-010
3.6636e-010
3.57064e-010
3.57064e-010
3.42306e-010
3.41414e-010
3.4127e-010
3.3902e-010
3.19757e-010
3.19757e-010
3.17817e-010
3.17817e-010
3.11188e-010
2.75854e-010
2.7576e-010
2.69589e-010
2.69545e-010
2.42068e-010
2.37563e-010
1.95099e-010
1.83144e-010
1.82706e-010
1.75339e-010
1.67614e-010
1.38096e-010
1.37561e-010
1.3601e-010
1.24505e-010
1.21675e-010
1.06125e-010
1.05969e-010
1.047e-010
9.93695e-011
9.31203e-011
9.24666e-011
9.182e-011
8.00002e-011
7.53461e-011
7.49873e-011
7.13973e-011
6.99122e-011
6.75088e-011
6.17463e-011
6.17463e-011
5.56339e-011
4.61534e-011
4.57467e-011
4.4457e-011
4.10482e-011
4.10482e-011
3.53603e-011
3.53603e-011
3.35662e-011
3.10722e-011
3.06228e-011
2.98287e-011
2.93882e-011
2.54695e-011
2.54695e-011
2.54695e-011
2.28317e-011
2.22366e-011
1.88562e-011
1.88562e-011
1.8826e-011
1.87443e-011
1.7174e-011
1.71224e-011
1.66126e-011
1.51685e-011
1.37438e-011
1.36959e-011
1.25696e-011
1.25696e-011
1.19852e-011
1.14878e-011
1.0978e-011
1.07986e-011
1.02089e-011
1.00188e-011
9.41484e-012
9.0045e-012
8.24066e-012
8.24066e-012
7.53367e-012
7.4644e-012
6.86043e-012
6.33108e-012
6.28312e-012
6.18364e-012
5.42691e-012
5.41981e-012
5.37895e-012
4.75545e-012
4.75545e-012
4.68084e-012
4.05557e-012
3.80688e-012
3.80688e-012
3.7376e-012
3.45871e-012
3.34858e-012
3.32193e-012
3.18871e-012
2.75527e-012
2.42842e-012
2.38934e-012
2.35559e-012
2.35559e-012
2.08381e-012
2.05361e-012
1.80848e-012
1.80848e-012
1.78538e-012
1.71611e-012
1.63795e-012
1.62729e-012
1.44788e-012
1.33419e-012
1.32886e-012
1.22761e-012
1.20451e-012
1.20451e-012
1.12991e-012
1.1157e-012
1.0926e-012
1.09083e-012
1.03931e-012
1.00912e-012
9.68259e-013
9.09639e-013
8.68783e-013
8.68783e-013
8.67007e-013
7.90623e-013
7.76413e-013
7.39109e-013
7.37333e-013
7.28451e-013
7.12464e-013
6.50291e-013
6.11211e-013
5.77461e-013
5.34828e-013
4.69103e-013
4.42457e-013
4.42457e-013
3.66074e-013
3.62521e-013
3.60745e-013
3.50087e-013
2.82585e-013
2.63045e-013
2.63045e-013
2.47058e-013
2.47058e-013
2.43506e-013
2.20413e-013
2.18637e-013
1.9732e-013
1.93768e-013
1.83109e-013
1.83109e-013
1.7778e-013
1.76004e-013
1.76004e-013
1.76004e-013
1.49359e-013
1.387e-013
1.387e-013
1.387e-013
1.29819e-013
1.29819e-013
1.28042e-013
1.22713e-013
1.03173e-013
1.03173e-013
9.25152e-014
9.25152e-014
9.25152e-014
7.6528e-014
7.6528e-014
7.6528e-014
7.6528e-014
7.29753e-014
7.11989e-014
5.87644e-014
5.87644e-014
5.69881e-014
5.52117e-014
4.98826e-014
4.98826e-014
4.81063e-014
4.27772e-014
3.74481e-014
3.56718e-014
3.56718e-014
3.56718e-014
3.56718e-014
3.38954e-014
3.03427e-014
3.03427e-014
2.679e-014
2.50136e-014
2.50136e-014
2.50136e-014
2.32373e-014
2.32373e-014
2.14609e-014
2.14609e-014
2.14609e-014
2.14609e-014
2.14609e-014
1.96846e-014
1.96846e-014
1.79082e-014
1.43555e-014
1.43555e-014
1.43555e-014
1.43555e-014
1.25791e-014
1.25791e-014
1.25791e-014
1.25791e-014
1.25791e-014
1.25791e-014
1.25791e-014
1.25791e-014
1.25791e-014
1.25791e-014
1.25791e-014
1.25791e-014
1.08028e-014
1.08028e-014
9.02642e-015
9.02642e-015
9.02642e-015
9.02642e-015
9.02642e-015
9.02642e-015
9.02642e-015
9.02642e-015
9.02642e-015
9.02642e-015
9.02642e-015
9.02642e-015
9.02642e-015
9.02642e-015
9.02642e-015
7.25006e-015
7.25006e-015
7.25006e-015
7.25006e-015
7.25006e-015
7.25006e-015
7.25006e-015
7.25006e-015
7.25006e-015
7.25006e-015
7.25006e-015
7.25006e-015
7.25006e-015
7.25006e-015
7.25006e-015
7.25006e-015
7.25006e-015
7.25006e-015
7.25006e-015
7.25006e-015
7.25006e-015
7.25006e-015
7.25006e-015
7.25006e-015
7.25006e-015
7.25006e-015
7.25006e-015
7.25006e-015
7.25006e-015
7.25006e-015
7.25006e-015
7.25006e-015
7.25006e-015
7.25006e-015
7.25006e-015
7.25006e-015
7.25006e-015
7.25006e-015
7.25006e-015
7.25006e-015
7.25006e-015
7.25006e-015
7.25006e-015
7.25006e-015
7.25006e-015
7.25006e-015
7.25006e-015
7.25006e-015
7.25006e-015
7.25006e-015
7.25006e-015
7.25006e-015
7.25006e-015
7.25006e-015
7.25006e-015
7.25006e-015
7.25006e-015
7.25006e-015
7.25006e-015
7.25006e-015
7.25006e-015
7.25006e-015
7.25006e-015
7.25006e-015
7.25006e-015
7.25006e-015
7.25006e-015
7.25006e-015
7.25006e-015
7.25006e-015
7.25006e-015
7.25006e-015
7.25006e-015
7.25006e-015
7.25006e-015
7.25006e-015
7.25006e-015
7.25006e-015
7.25006e-015
7.25006e-015
7.25006e-015
7.25006e-015
7.25006e-015
7.25006e-015
7.25006e-015
7.25006e-015
7.25006e-015
7.25006e-015
7.25006e-015
7.25006e-015
7.25006e-015
7.25006e-015
7.25006e-015
7.25006e-015
7.25006e-015
7.25006e-015
7.25006e-015
7.25006e-015
7.25006e-015
7.25006e-015
7.25006e-015
7.25006e-015
7.25006e-015
7.25006e-015
7.25006e-015
7.25006e-015
7.25006e-015
7.25006e-015
7.25006e-015
7.25006e-015
7.25006e-015
7.25006e-015
7.25006e-015
7.25006e-015
7.25006e-015
7.25006e-015
7.25006e-015
7.25006e-015
7.25006e-015
7.25006e-015
7.25006e-015
7.25006e-015
7.25006e-015
7.25006e-015
7.25006e-015
7.25006e-015
7.25006e-015
7.25006e-015
7.25006e-015
7.25006e-015
