112282
92845.9
70513.3
67759.9
58771.1
52797
52797
50690.5
50690.5
50432
43963.2
43963.2
41516.3
35934.8
34447
34447
34447
32591.9
32591.9
31132.3
30950.5
29158.6
29143.2
28939
26230.9
26230.9
26106.3
26100.5
24298.3
24298.3
24189.3
23797.2
22802.6
22736.4
21867.9
21453.1
20234
20031.6
19567.5
19567.5
18784.6
18784.6
18622.7
17501.3
17445.9
16999.6
16999.6
16736.1
14625.2
14174.3
14174.3
14113.9
14036
14036
13956.7
13825.5
13786.2
13106.5
13054.1
13054.1
12167.5
11039.5
11039.5
11039.5
10764.7
9963.84
9793.55
9793.55
9604.55
9604.55
9528.46
9430.57
9430.57
9383.12
9316.6
8554.97
8236.46
8039.83
8034.1
7959.82
7393.73
7393.73
7346.5
7346.5
6971.62
6700.33
6569.17
6569.17
6476.93
6444.23
6397.89
6397.89
6187.37
5941.36
5941.36
5941.36
5941.36
5940.64
5940.64
5702.16
5702.16
5656.73
5656.73
5562.78
5562.78
5413.1
5223.68
5223.68
5157.11
5069.74
5051.04
5047.56
4893.26
4851.81
4851.81
4851.81
4774.92
4773.91
4447.02
4281.36
4274.72
4134.69
4096.14
4096.14
4058.45
3992.68
3902.32
3761.47
3663.1
3546.05
3546.05
3326.61
3326.61
3315.39
3210.77
3117.18
3098.57
3083.77
3032.36
2998.46
2939.42
2799.43
2799.43
2791.98
2780.84
2768.15
2768.15
2746.05
2684.2
2662.57
2544.56
2438.78
2429.03
2429.03
2422.57
2350.19
2340.72
2340.72
2294.29
2166.52
2166.52
2110.98
2110.98
2097.28
2084.61
2084.61
2075.73
2050.43
1996.16
1889.19
1879.57
1876.85
1876.85
1822.54
1815.91
1770.37
1768.55
1736.67
1734.93
1720.99
1657.74
1631.64
1603.34
1602.76
1594.67
1583.47
1560.58
1542.79
1542.79
1528.27
1506.75
1496.89
1491.64
1451.95
1404.24
1394.15
1385.43
1383.27
1331.43
1321.78
1317.52
1300.47
1285.57
1271.79
1254.64
1242.52
1233.62
1230.43
1196.4
1185.78
1185.11
1185.11
1162.02
1154.65
1125.81
1121.18
1113.65
1088.43
1077.34
1066.1
1051.87
1028.88
1020.49
1007.93
1001.48
984.463
922.931
918.684
916.172
912.483
910.711
895.167
891.539
881.364
872.46
844.636
831.632
824.735
808.036
796.021
792.154
773.945
758.59
753.165
750.469
738.736
731.896
722.721
710.632
692.311
689.228
687.733
682.223
674.727
666.154
658.573
645.823
644.271
638.329
625.144
615.751
612.237
602.282
588.505
583.757
581.812
577.496
571.17
566.683
552.365
550.147
545.782
533.146
530.812
528.99
528.201
520.444
518.159
513.468
507.008
490.053
483.498
482.338
473.798
472.509
469.247
460.194
457.475
447.597
443.596
439.915
430.752
427.12
420.533
416.974
415.143
406.772
396.59
390.867
390.505
387.233
383.726
378.378
374.522
366.514
361.143
350.956
350.27
344.813
339.553
331.972
328.589
325.298
317.474
311.589
306.466
302.674
296.874
292.026
290.802
289.316
285.504
283.62
278.153
272.923
267.998
267.857
267.484
265.349
261.871
259.401
259.401
256.762
255.07
254.544
253.757
252.942
248.922
243.842
242.339
241.262
239.374
239.015
235.928
234.939
232.501
228.373
227.323
223.437
222.172
221.795
220.096
217.584
215.745
207.845
205.57
205.299
202.429
197.791
196.58
194.408
191.632
190.702
187.561
187.108
184.694
182.097
180.173
177.949
176.478
170.18
169.912
166.152
165.389
162.164
158.393
154.426
153.173
150.349
145.932
145.205
144.273
143.376
141.608
139.58
137.988
135.129
134.264
129.199
127.758
123.895
120.192
119.175
117.099
115.422
113.05
111.823
110.444
109.67
106.153
104.648
103.214
102.379
100.417
99.6549
96.841
95.758
93.384
91.2967
90.2913
89.4713
88.2491
87.9604
87.3419
84.796
84.0442
82.0044
81.0179
79.5696
79.3212
79.2959
77.5207
76.3919
75.2656
73.7786
72.8519
72.404
71.2007
69.8049
69.179
68.8502
67.3894
66.0198
65.1059
63.9234
63.3095
62.8179
62.2857
61.0332
60.7449
59.2173
58.1937
57.1187
57.0123
55.8563
55.5351
54.1546
53.9561
52.2423
51.0365
50.6018
50.3327
49.1247
48.7541
48.12
47.2188
47.1238
46.3673
45.9564
45.9564
45.4269
45.3278
44.5661
43.6248
43.5723
43.0218
42.6201
41.8414
41.4429
40.9316
40.376
40.1215
39.3467
39.0078
38.5897
38.1538
37.794
37.4607
37.1561
36.6037
36.1584
35.5134
35.3334
34.763
34.6249
33.7869
33.3568
33.1263
32.7402
32.362
32.1742
31.9917
31.671
31.2496
30.535
30.1273
29.9946
29.5536
28.9995
28.8389
28.3169
27.624
27.2607
26.0812
25.772
25.6084
25.246
24.6036
24.2149
23.807
23.3255
22.8754
22.5005
21.7887
21.4231
21.4097
21.1573
20.7238
20.1754
20.0161
19.8009
19.526
18.8373
18.2875
18.0188
17.4251
17.2703
17.1967
16.93
16.6052
16.5513
16.2956
16.0418
15.844
15.5135
15.2903
15.1402
14.9084
14.6899
14.281
14.2296
14.1593
13.7933
13.565
13.4598
13.2097
13.0918
12.8616
12.6048
12.3664
12.0541
11.8447
11.5717
11.3833
11.3096
11.2512
10.9833
10.857
10.8211
10.754
10.6832
10.6035
10.4789
10.4181
10.318
10.11
9.97437
9.90926
9.73963
9.68948
9.51008
9.42744
9.31268
9.09379
9.01378
8.92717
8.8864
8.86254
8.77435
8.57788
8.4067
8.31433
8.10443
8.0162
7.84639
7.71675
7.66344
7.5562
7.46457
7.40789
7.33048
7.28586
7.11578
7.0008
6.95094
6.91785
6.88483
6.7046
6.64848
6.62934
6.52886
6.46032
6.39032
6.2903
6.09942
6.02859
5.933
5.80498
5.73833
5.58258
5.43075
5.33005
5.1904
5.12489
5.11465
4.9538
4.91012
4.84759
4.80662
4.73813
4.626
4.57234
4.47129
4.40688
4.30948
4.20686
4.18271
4.15317
4.0953
4.05058
4.01476
3.95858
3.91458
3.88766
3.76766
3.7192
3.71586
3.69916
3.65086
3.63355
3.62402
3.55792
3.50497
3.4298
3.39783
3.37749
3.36425
3.32617
3.31201
3.28198
3.27346
3.24201
3.20336
3.15297
3.10701
3.08184
3.07077
3.05558
3.01305
2.99806
2.97716
2.96492
2.91563
2.87199
2.84525
2.83587
2.80503
2.79208
2.78191
2.75843
2.73963
2.70814
2.69014
2.64844
2.61974
2.56327
2.51549
2.50065
2.48388
2.44755
2.42823
2.41741
2.40595
2.39596
2.38583
2.37616
2.35872
2.33918
2.32358
2.30699
2.30218
2.28608
2.2661
2.26082
2.24443
2.23372
2.22306
2.20858
2.19624
2.1775
2.15399
2.13739
2.12526
2.09612
2.07523
2.03019
1.99163
1.97571
1.96955
1.94815
1.94286
1.93045
1.89131
1.87167
1.86604
1.86461
1.85724
1.8419
1.81903
1.80051
1.78782
1.78184
1.75888
1.73564
1.7339
1.718
1.70854
1.68849
1.68432
1.67113
1.66589
1.65643
1.65421
1.64659
1.64038
1.62578
1.60644
1.59352
1.58163
1.5784
1.56261
1.55382
1.54387
1.53236
1.52768
1.51697
1.51094
1.49987
1.48911
1.47551
1.46775
1.45498
1.45043
1.44467
1.43975
1.42827
1.4233
1.41685
1.41459
1.40666
1.39312
1.38868
1.37904
1.36237
1.35983
1.35724
1.34258
1.33332
1.32215
1.31617
1.31293
1.30473
1.29483
1.28881
1.27997
1.2777
1.27622
1.27221
1.2666
1.26196
1.25549
1.24009
1.22321
1.21883
1.21503
1.20697
1.20568
1.20092
1.196
1.18917
1.18099
1.17642
1.17079
1.16784
1.1667
1.16363
1.16086
1.14744
1.14261
1.13912
1.12774
1.12023
1.11646
1.11279
1.09688
1.09243
1.0865
1.0801
1.07702
1.07508
1.07148
1.07041
1.06536
1.05664
1.04875
1.04182
1.03783
1.03063
1.02518
1.01117
1.0087
1.0048
1.00073
0.99795
0.992945
0.971142
0.969121
0.964733
0.96443
0.960873
0.95975
0.954902
0.953477
0.946692
0.938707
0.927259
0.926201
0.909076
0.907695
0.90599
0.899725
0.896411
0.889691
0.888075
0.878707
0.876055
0.86189
0.861216
0.85297
0.85195
0.839007
0.795598
0.776897
0.735802
0.694212
0.682023
0.666757
0.666523
0.642974
0.641092
0.622976
0.60848
0.602766
0.59324
0.590229
0.580652
0.575679
0.575208
0.57289
0.567132
0.565509
0.549725
0.543415
0.542551
0.531353
0.506493
0.505921
0.468667
0.450042
0.449798
0.439647
0.426491
0.415829
0.406216
0.399234
0.390348
0.377297
0.375779
0.375256
0.357959
0.357095
0.355075
0.351094
0.343016
0.333467
0.325939
0.32438
0.321369
0.313934
0.313371
0.296354
0.295024
0.279984
0.279977
0.267318
0.265885
0.265589
0.263082
0.255661
0.249258
0.248276
0.243112
0.233814
0.229139
0.216004
0.214177
0.213591
0.212724
0.212249
0.203745
0.203488
0.200885
0.187202
0.186975
0.186235
0.182074
0.180424
0.176659
0.174535
0.174396
0.173976
0.173359
0.172927
0.172053
0.16218
0.160377
0.150366
0.144626
0.144181
0.143951
0.138548
0.137741
0.1364
0.130232
0.130155
0.129735
0.129651
0.12674
0.12368
0.123644
0.123524
0.121945
0.121519
0.121419
0.12045
0.115403
0.113625
0.106771
0.106657
0.106394
0.103796
0.100467
0.100114
0.0994174
0.0992575
0.0948988
0.094351
0.0943072
0.0941764
0.0925343
0.0913841
0.0901861
0.0895341
0.0877234
0.0876716
0.086157
0.084786
0.0833011
0.0797979
0.0794101
0.0784855
0.0769231
0.0755612
0.074792
0.0731317
0.0701526
0.0694382
0.0688792
0.0682327
0.0674735
0.0665119
0.0658588
0.0646762
0.0640201
0.0628644
0.062831
0.0626691
0.0609425
0.0604665
0.0604149
0.059875
0.0587133
0.05856
0.0585418
0.0575551
0.0572345
0.055099
0.0521368
0.0515142
0.0500777
0.0494727
0.0484065
0.0478353
0.0463681
0.0463369
0.0443178
0.043665
0.0429304
0.0425978
0.0420367
0.0400564
0.0399234
0.0398621
0.0388556
0.0386038
0.0371309
0.0361839
0.0357901
0.0354458
0.0352585
0.0350218
0.0350184
0.0349436
0.0339181
0.0337043
0.033343
0.0327723
0.0321187
0.0320088
0.0319884
0.0312852
0.0311169
0.0309907
0.0307825
0.0307617
0.0303512
0.0303119
0.0302228
0.029844
0.0291416
0.0290543
0.0289211
0.0283849
0.0283502
0.0279116
0.0277337
0.0277267
0.0275939
0.0275351
0.02732
0.0271654
0.0268364
0.0267422
0.0266619
0.0264484
0.0260633
0.0255917
0.0249148
0.0246333
0.0243909
0.0240594
0.02381
0.0237078
0.0233278
0.0232892
0.0231287
0.0230371
0.0229083
0.0227028
0.0224331
0.0218083
0.0215074
0.0212024
0.0210717
0.0204099
0.0203807
0.0201417
0.0200992
0.019936
0.0195507
0.0190393
0.0190256
0.0188355
0.0187145
0.0187036
0.0185034
0.0181489
0.0181345
0.0180507
0.0176221
0.0175627
0.0173761
0.016936
0.0169171
0.0168548
0.0168291
0.0166937
0.0162432
0.0160662
0.0156915
0.0150955
0.0149195
0.0148839
0.0147987
0.0145227
0.0145195
0.0142382
0.0142244
0.0138271
0.0137919
0.0137625
0.0133136
0.0130263
0.0128379
0.0128217
0.0126667
0.0125576
0.0125365
0.0124421
0.0124083
0.0121097
0.0119115
0.0112767
0.0112223
0.0111832
0.010747
0.0107151
0.0105351
0.0100842
0.010021
0.0100085
0.00999126
0.0098252
0.00980974
0.00965808
0.00963719
0.00962151
0.00956857
0.00954998
0.00941446
0.00931517
0.00924292
0.00868358
0.00849999
0.00826835
0.00822857
0.00810653
0.00783974
0.00781372
0.0077997
0.00779543
0.00753898
0.00752213
0.00742866
0.007249
0.00720564
0.00708679
0.00697032
0.00691985
0.00687103
0.00680758
0.00662759
0.00657636
0.00655969
0.00644971
0.00639097
0.00633643
0.00633413
0.00624978
0.00624052
0.00620223
0.0061428
0.00612538
0.00608537
0.00594258
0.00586684
0.00582677
0.00575044
0.00558833
0.00553993
0.00552556
0.00552447
0.00545363
0.0054426
0.00535747
0.00535145
0.0053046
0.00529166
0.00525546
0.00521039
0.00519762
0.00519612
0.00519248
0.00517895
0.00517033
0.00516796
0.00512235
0.00511958
0.00507977
0.00507926
0.00507167
0.0050586
0.0050372
0.00502298
0.00499385
0.00499358
0.00496591
0.00494064
0.00491153
0.0049018
0.00487386
0.00482751
0.00481241
0.0047356
0.00470159
0.00455668
0.00455367
0.00442304
0.00427641
0.00423559
0.0041837
0.00413262
0.00409072
0.00408742
0.00375467
0.00375241
0.00374646
0.00366159
0.00365195
0.00360714
0.0036069
0.00360302
0.00353315
0.00352674
0.00344649
0.0033401
0.00327739
0.00318058
0.00317902
0.00305565
0.00305524
0.0030531
0.00305247
0.00291296
0.00291132
0.00289845
0.00283366
0.00283096
0.00271107
0.00270771
0.00261682
0.00260897
0.00255417
0.00253739
0.00252851
0.00244395
0.00237665
0.0023636
0.00223354
0.00223141
0.00222987
0.00211632
0.00196739
0.00196459
0.00195113
0.00194787
0.00194517
0.00193436
0.00188306
0.00175553
0.00168021
0.00164587
0.0015495
0.00150608
0.00145354
0.00145242
0.0014409
0.00143098
0.00142451
0.00136747
0.00132642
0.00118655
0.00107187
0.00106632
0.00105559
0.00104896
0.00104473
0.00102212
0.00101408
0.00101272
0.000981405
0.000939188
0.000929485
0.000925758
0.000915104
0.000901335
0.000900685
0.000896204
0.000896174
0.000875364
0.000872231
0.000839841
0.000828652
0.000806805
0.000795226
0.000788778
0.000779635
0.000779027
0.000737847
0.000709588
0.000666324
0.000664552
0.000664052
0.000651398
0.00064876
0.000648468
0.000646366
0.000634604
0.000631788
0.000630619
0.000597594
0.000593391
0.000585759
0.000581183
0.00057407
0.000561313
0.000549791
0.000546288
0.000530679
0.00052608
0.000524767
0.000521965
0.000516235
0.000515731
0.000510781
0.000506881
0.000490216
0.000485993
0.000476456
0.000469685
0.000466847
0.000458406
0.000448083
0.000432172
0.000431868
0.00042865
0.000425962
0.000415801
0.000391196
0.000390491
0.000388668
0.000384961
0.000371537
0.000369724
0.000366531
0.000364326
0.000361995
0.000357639
0.000357211
0.000347226
0.000346256
0.000338666
0.000337877
0.000326306
0.000326054
0.00031437
0.000312314
0.000312293
0.000310259
0.000303453
0.000303437
0.000303397
0.000303331
0.000298593
0.00029335
0.000287714
0.000284965
0.000284904
0.000282078
0.000277861
0.000277312
0.000276336
0.000269394
0.000268082
0.000261281
0.00025748
0.000244956
0.000243127
0.000235618
0.000232578
0.000230821
0.000219621
0.000218197
0.000210595
0.000207482
0.000201398
0.00020077
0.000200763
0.000199862
0.000198021
0.000197612
0.000193184
0.000178316
0.000177717
0.000166454
0.000165763
0.000162429
0.000149301
0.00014445
0.000143932
0.000142831
0.00014181
0.000137918
0.00013437
0.000134356
0.000130469
0.000124907
0.000120793
0.000113269
0.000107221
0.00010684
0.000106684
0.000106579
0.000102344
0.000102134
0.000101711
0.000101602
9.97902e-005
9.59062e-005
9.41591e-005
9.15704e-005
8.70049e-005
8.39285e-005
7.96515e-005
7.55565e-005
7.263e-005
7.0842e-005
7.04173e-005
7.01372e-005
6.84233e-005
6.80551e-005
6.7765e-005
6.6332e-005
6.61249e-005
6.5814e-005
6.32931e-005
6.25771e-005
6.25123e-005
6.11971e-005
5.91451e-005
5.80963e-005
5.77892e-005
5.63736e-005
5.40229e-005
5.33626e-005
5.21064e-005
5.10915e-005
4.97664e-005
4.89563e-005
4.8093e-005
4.62859e-005
4.62477e-005
4.47995e-005
4.37274e-005
4.22804e-005
4.12239e-005
4.08955e-005
4.08115e-005
4.05777e-005
4.04061e-005
4.01903e-005
3.98714e-005
3.91143e-005
3.86459e-005
3.80269e-005
3.71373e-005
3.59624e-005
3.5955e-005
3.56598e-005
3.48925e-005
3.44771e-005
3.38978e-005
3.38005e-005
3.36537e-005
3.27509e-005
3.20575e-005
3.19957e-005
3.16619e-005
3.11873e-005
2.79029e-005
2.7376e-005
2.73136e-005
2.65902e-005
2.54645e-005
2.53764e-005
2.53071e-005
2.48963e-005
2.46374e-005
2.37785e-005
2.2437e-005
2.16942e-005
2.16016e-005
2.12608e-005
2.12412e-005
2.1078e-005
2.02149e-005
1.99601e-005
1.90755e-005
1.89725e-005
1.86736e-005
1.8513e-005
1.83463e-005
1.80069e-005
1.78252e-005
1.77693e-005
1.76081e-005
1.73507e-005
1.71016e-005
1.69568e-005
1.68714e-005
1.65908e-005
1.62876e-005
1.62231e-005
1.61922e-005
1.58388e-005
1.58004e-005
1.57257e-005
1.56247e-005
1.55643e-005
1.54608e-005
1.54567e-005
1.54236e-005
1.51672e-005
1.49107e-005
1.46626e-005
1.46374e-005
1.46222e-005
1.45764e-005
1.42974e-005
1.41747e-005
1.39398e-005
1.38183e-005
1.36992e-005
1.36223e-005
1.35603e-005
1.35366e-005
1.33654e-005
1.33493e-005
1.31126e-005
1.30203e-005
1.29541e-005
1.28547e-005
1.27204e-005
1.25481e-005
1.23187e-005
1.22343e-005
1.21911e-005
1.21587e-005
1.20142e-005
1.19343e-005
1.18979e-005
1.18059e-005
1.17953e-005
1.17893e-005
1.17471e-005
1.17127e-005
1.1438e-005
1.14223e-005
1.13735e-005
1.13093e-005
1.12434e-005
1.11848e-005
1.10982e-005
1.10387e-005
1.10131e-005
1.07582e-005
1.04923e-005
1.03999e-005
1.01088e-005
9.9868e-006
9.90925e-006
9.71484e-006
9.63101e-006
9.5713e-006
9.47928e-006
9.24526e-006
8.88677e-006
8.33007e-006
7.68862e-006
7.663e-006
7.24906e-006
7.22379e-006
7.21319e-006
6.98188e-006
6.839e-006
6.56323e-006
6.49692e-006
6.45386e-006
6.29032e-006
6.23288e-006
6.08625e-006
5.92588e-006
5.8586e-006
5.66926e-006
5.47583e-006
5.16724e-006
4.92556e-006
4.67593e-006
4.63514e-006
4.62868e-006
4.5877e-006
4.5877e-006
4.57219e-006
4.23708e-006
4.18174e-006
4.17202e-006
4.14837e-006
3.96642e-006
3.94412e-006
3.83594e-006
3.79254e-006
3.76299e-006
3.74224e-006
3.7149e-006
3.61783e-006
3.49257e-006
3.49021e-006
3.47602e-006
3.34947e-006
3.22376e-006
3.19444e-006
3.02205e-006
3.00226e-006
2.90806e-006
2.88053e-006
2.83358e-006
2.7804e-006
2.77307e-006
2.72169e-006
2.71685e-006
2.57417e-006
2.57177e-006
2.55489e-006
2.54071e-006
2.49747e-006
2.47216e-006
2.44571e-006
2.44174e-006
2.40442e-006
2.39473e-006
2.3803e-006
2.35747e-006
2.35692e-006
2.31533e-006
2.29727e-006
2.2741e-006
2.25925e-006
2.21804e-006
2.18399e-006
2.16372e-006
2.15329e-006
2.14369e-006
2.13978e-006
2.08454e-006
2.08275e-006
2.04671e-006
2.02672e-006
1.99683e-006
1.963e-006
1.91958e-006
1.88449e-006
1.84853e-006
1.83409e-006
1.81909e-006
1.78324e-006
1.76341e-006
1.7392e-006
1.70751e-006
1.68008e-006
1.6621e-006
1.63689e-006
1.59138e-006
1.5838e-006
1.51748e-006
1.49236e-006
1.46717e-006
1.42363e-006
1.40088e-006
1.37141e-006
1.34221e-006
1.34069e-006
1.33622e-006
1.30488e-006
1.27169e-006
1.2642e-006
1.23651e-006
1.23386e-006
1.20593e-006
1.18017e-006
1.17189e-006
1.1681e-006
1.14564e-006
1.13207e-006
1.11455e-006
1.11203e-006
1.11197e-006
1.10544e-006
1.09706e-006
1.09651e-006
1.08705e-006
1.07667e-006
1.06979e-006
1.05225e-006
1.044e-006
1.03315e-006
1.02275e-006
1.00943e-006
9.89982e-007
9.73033e-007
9.56885e-007
9.52017e-007
9.36757e-007
9.3519e-007
9.25593e-007
9.01236e-007
8.75463e-007
8.74149e-007
8.60975e-007
8.60564e-007
8.54936e-007
8.34207e-007
8.28343e-007
8.21851e-007
7.90406e-007
7.86934e-007
7.86127e-007
7.8597e-007
7.73243e-007
7.69428e-007
7.68959e-007
7.48913e-007
7.46111e-007
7.42101e-007
7.35193e-007
7.3449e-007
7.33161e-007
7.25082e-007
7.22738e-007
7.15123e-007
7.14071e-007
7.03567e-007
6.9573e-007
6.91922e-007
6.68988e-007
6.5562e-007
6.44738e-007
6.35631e-007
6.31687e-007
6.27745e-007
6.11335e-007
6.10857e-007
6.00993e-007
5.93891e-007
5.8681e-007
5.79815e-007
5.69115e-007
5.66596e-007
5.47742e-007
5.28889e-007
5.06941e-007
4.9338e-007
4.91931e-007
4.89098e-007
4.73239e-007
4.72996e-007
4.6434e-007
4.62836e-007
4.58069e-007
4.50845e-007
4.4714e-007
4.37968e-007
4.37487e-007
4.31708e-007
4.22809e-007
4.18639e-007
4.08238e-007
4.00996e-007
3.97937e-007
3.80329e-007
3.7385e-007
3.71404e-007
3.66787e-007
3.59907e-007
3.54836e-007
3.52376e-007
3.49109e-007
3.46296e-007
3.41491e-007
3.28585e-007
3.2755e-007
3.24367e-007
3.15488e-007
3.15277e-007
3.10037e-007
3.06863e-007
2.99758e-007
2.82718e-007
2.82668e-007
2.78989e-007
2.76162e-007
2.76035e-007
2.73773e-007
2.71732e-007
2.71464e-007
2.67058e-007
2.63784e-007
2.63318e-007
2.50407e-007
2.42341e-007
2.41544e-007
2.3298e-007
2.32452e-007
2.2825e-007
2.25469e-007
2.25351e-007
2.21425e-007
2.21157e-007
2.18366e-007
2.07283e-007
1.99595e-007
1.96176e-007
1.94457e-007
1.92355e-007
1.87172e-007
1.84976e-007
1.77184e-007
1.74273e-007
1.72282e-007
1.69496e-007
1.64571e-007
1.62425e-007
1.62206e-007
1.60196e-007
1.55436e-007
1.53226e-007
1.51481e-007
1.51374e-007
1.47064e-007
1.45847e-007
1.41963e-007
1.39623e-007
1.35387e-007
1.33813e-007
1.3166e-007
1.27543e-007
1.23736e-007
1.23666e-007
1.20681e-007
1.18118e-007
1.15983e-007
1.14537e-007
1.13332e-007
1.12426e-007
1.11566e-007
1.07363e-007
1.04377e-007
1.01375e-007
1.0086e-007
9.81443e-008
9.50737e-008
9.19071e-008
9.07128e-008
8.96991e-008
8.95122e-008
8.61108e-008
8.39619e-008
8.32815e-008
8.1663e-008
8.11595e-008
7.86373e-008
7.54898e-008
7.34302e-008
7.20569e-008
6.97564e-008
6.75955e-008
6.5685e-008
6.46228e-008
6.44015e-008
6.33411e-008
6.2823e-008
6.24756e-008
6.16169e-008
6.13885e-008
6.04056e-008
6.02599e-008
5.91523e-008
5.83724e-008
5.76665e-008
5.69316e-008
5.64955e-008
5.60369e-008
5.49474e-008
5.43608e-008
5.39806e-008
5.35689e-008
5.34587e-008
5.27745e-008
5.22339e-008
5.21399e-008
5.1282e-008
5.09283e-008
4.99234e-008
4.93014e-008
4.88206e-008
4.74833e-008
4.5892e-008
4.58258e-008
4.57214e-008
4.50136e-008
4.39083e-008
4.32519e-008
4.3067e-008
4.28419e-008
4.17669e-008
4.10123e-008
4.08001e-008
4.03073e-008
4.02475e-008
4.01569e-008
3.974e-008
3.90285e-008
3.88582e-008
3.84895e-008
3.79861e-008
3.70335e-008
3.66799e-008
3.53258e-008
3.5233e-008
3.43969e-008
3.397e-008
3.38893e-008
3.37962e-008
3.33736e-008
3.31922e-008
3.30194e-008
3.28955e-008
3.27842e-008
3.24292e-008
3.20232e-008
3.17541e-008
3.12842e-008
3.10074e-008
3.08184e-008
3.02034e-008
2.98722e-008
2.93133e-008
2.87581e-008
2.8139e-008
2.78399e-008
2.65883e-008
2.59515e-008
2.52439e-008
2.50774e-008
2.45359e-008
2.386e-008
2.31454e-008
2.27946e-008
2.22861e-008
2.17783e-008
2.15848e-008
2.09913e-008
2.08788e-008
2.06365e-008
2.06293e-008
2.06162e-008
2.03189e-008
2.01992e-008
2.00754e-008
1.99428e-008
1.98754e-008
1.97151e-008
1.96171e-008
1.94622e-008
1.9087e-008
1.84427e-008
1.78154e-008
1.71258e-008
1.62146e-008
1.59003e-008
1.58148e-008
1.5598e-008
1.5525e-008
1.50787e-008
1.45975e-008
1.42121e-008
1.41334e-008
1.39127e-008
1.39109e-008
1.38563e-008
1.35996e-008
1.33654e-008
1.33536e-008
1.32252e-008
1.29519e-008
1.27877e-008
1.26848e-008
1.24861e-008
1.21813e-008
1.21377e-008
1.15404e-008
1.09479e-008
1.07686e-008
1.06647e-008
1.05231e-008
1.04077e-008
1.00633e-008
9.97836e-009
9.75711e-009
9.41778e-009
9.24937e-009
9.09976e-009
8.96055e-009
8.78073e-009
8.71468e-009
8.67248e-009
8.58131e-009
8.57717e-009
8.41855e-009
8.41664e-009
8.19099e-009
8.10487e-009
8.04533e-009
7.93372e-009
7.42502e-009
7.06529e-009
6.85173e-009
6.542e-009
6.34439e-009
6.25022e-009
6.11792e-009
6.11238e-009
6.04946e-009
5.96822e-009
5.57511e-009
5.57366e-009
5.44709e-009
5.38793e-009
5.3222e-009
5.25491e-009
5.17579e-009
5.10714e-009
5.00897e-009
4.93221e-009
4.84894e-009
4.71355e-009
4.60099e-009
4.42431e-009
4.33531e-009
4.14694e-009
4.10221e-009
4.07012e-009
3.95922e-009
3.95813e-009
3.93326e-009
3.86611e-009
3.82107e-009
3.78337e-009
3.72925e-009
3.71385e-009
3.66451e-009
3.60015e-009
3.56631e-009
3.54291e-009
3.49934e-009
3.39821e-009
3.29102e-009
3.2832e-009
3.17975e-009
3.17852e-009
3.11733e-009
3.11646e-009
3.09628e-009
3.05612e-009
3.04061e-009
3.0183e-009
2.96912e-009
2.95232e-009
2.93454e-009
2.92327e-009
2.90678e-009
2.84936e-009
2.79932e-009
2.78444e-009
2.76695e-009
2.76152e-009
2.71366e-009
2.66699e-009
2.65151e-009
2.58475e-009
2.54812e-009
2.49354e-009
2.47588e-009
2.47358e-009
2.44671e-009
2.40619e-009
2.40083e-009
2.32537e-009
2.28931e-009
2.26384e-009
2.26384e-009
2.23715e-009
2.2279e-009
2.17265e-009
2.1548e-009
2.13896e-009
2.12021e-009
2.07437e-009
2.01523e-009
1.99171e-009
1.96463e-009
1.91713e-009
1.8674e-009
1.86229e-009
1.86028e-009
1.82771e-009
1.80165e-009
1.78091e-009
1.76324e-009
1.71181e-009
1.64723e-009
1.63885e-009
1.62447e-009
1.58836e-009
1.57518e-009
1.56808e-009
1.55572e-009
1.51718e-009
1.48144e-009
1.46864e-009
1.45443e-009
1.43666e-009
1.42725e-009
1.40512e-009
1.38186e-009
1.36577e-009
1.36574e-009
1.36389e-009
1.32715e-009
1.31329e-009
1.30921e-009
1.29417e-009
1.25868e-009
1.21691e-009
1.18819e-009
1.17475e-009
1.14677e-009
1.1216e-009
1.06607e-009
1.05013e-009
1.03793e-009
1.00944e-009
1.00305e-009
9.75081e-010
9.74774e-010
9.70637e-010
9.55917e-010
9.47627e-010
9.41555e-010
9.08823e-010
8.8016e-010
8.41427e-010
8.34828e-010
7.97569e-010
7.64215e-010
7.45871e-010
7.40438e-010
7.30726e-010
7.12583e-010
7.12266e-010
6.84134e-010
6.56414e-010
6.55766e-010
6.36463e-010
6.3154e-010
6.04748e-010
5.85713e-010
5.82629e-010
5.35798e-010
5.14471e-010
5.08836e-010
4.89741e-010
4.8448e-010
4.64968e-010
4.41441e-010
4.37846e-010
4.37521e-010
4.31782e-010
4.31207e-010
4.30807e-010
4.13852e-010
4.06799e-010
4.04187e-010
4.01419e-010
4.01228e-010
3.96659e-010
3.91517e-010
3.85869e-010
3.83769e-010
3.80076e-010
3.78497e-010
3.75278e-010
3.66317e-010
3.59151e-010
3.58926e-010
3.49449e-010
3.39336e-010
3.37054e-010
3.33866e-010
3.26543e-010
3.22078e-010
3.19841e-010
3.18371e-010
3.09161e-010
3.00016e-010
2.99765e-010
2.98295e-010
2.90239e-010
2.90111e-010
2.81534e-010
2.80209e-010
2.71571e-010
2.6987e-010
2.69754e-010
2.66872e-010
2.41891e-010
2.40517e-010
2.40397e-010
2.37958e-010
2.33912e-010
2.32281e-010
2.31257e-010
2.30026e-010
2.29905e-010
2.26328e-010
2.21906e-010
2.21566e-010
2.18866e-010
2.16886e-010
2.1204e-010
2.08697e-010
2.06431e-010
2.01119e-010
1.99513e-010
1.96044e-010
1.92599e-010
1.90166e-010
1.88221e-010
1.85362e-010
1.82935e-010
1.74905e-010
1.72528e-010
1.69268e-010
1.62201e-010
1.62091e-010
1.60074e-010
1.59976e-010
1.55519e-010
1.51938e-010
1.48686e-010
1.45801e-010
1.41685e-010
1.38591e-010
1.36709e-010
1.31217e-010
1.31034e-010
1.30327e-010
1.2753e-010
1.26131e-010
1.24499e-010
1.23407e-010
1.22897e-010
1.20763e-010
1.1924e-010
1.17282e-010
1.15711e-010
1.13533e-010
1.13382e-010
1.11996e-010
1.11195e-010
1.09066e-010
1.07904e-010
1.07701e-010
1.06905e-010
1.04288e-010
1.02562e-010
9.99314e-011
9.67263e-011
9.44463e-011
9.22548e-011
9.15801e-011
8.99695e-011
8.54875e-011
8.23071e-011
7.96364e-011
7.789e-011
7.68367e-011
7.48035e-011
7.29319e-011
7.10529e-011
7.02894e-011
6.74934e-011
6.66957e-011
6.55756e-011
6.32964e-011
6.05164e-011
5.96963e-011
5.90132e-011
5.8559e-011
5.85272e-011
5.72384e-011
5.62398e-011
5.6025e-011
5.51164e-011
5.50622e-011
5.50363e-011
5.28968e-011
5.22645e-011
4.96654e-011
4.88761e-011
4.82737e-011
4.78644e-011
4.78644e-011
4.72282e-011
4.71624e-011
4.70326e-011
4.63388e-011
4.59151e-011
4.58878e-011
4.47242e-011
4.35266e-011
4.2816e-011
4.2475e-011
4.20868e-011
4.17253e-011
4.11574e-011
4.08283e-011
4.07442e-011
4.02283e-011
3.99757e-011
3.90254e-011
3.89152e-011
3.8619e-011
3.81827e-011
3.80793e-011
3.73558e-011
3.68266e-011
3.6276e-011
3.61161e-011
3.5574e-011
3.37515e-011
3.31848e-011
3.24716e-011
3.12366e-011
3.11184e-011
3.04374e-011
2.99712e-011
2.94958e-011
2.81401e-011
2.78443e-011
2.76549e-011
2.736e-011
2.72651e-011
2.60629e-011
2.58885e-011
2.56429e-011
2.53619e-011
2.53309e-011
2.51733e-011
2.50097e-011
2.49404e-011
2.45656e-011
2.4184e-011
2.36582e-011
2.35973e-011
2.31239e-011
2.2774e-011
2.22292e-011
2.12549e-011
2.07318e-011
2.02806e-011
2.01555e-011
2.00365e-011
1.98134e-011
1.97018e-011
1.89667e-011
1.89005e-011
1.8882e-011
1.84392e-011
1.81812e-011
1.81183e-011
1.80743e-011
1.77053e-011
1.73174e-011
1.73089e-011
1.70847e-011
1.6896e-011
1.67998e-011
1.62796e-011
1.6148e-011
1.58859e-011
1.57295e-011
1.56782e-011
1.55387e-011
1.54074e-011
1.53406e-011
1.52591e-011
1.52167e-011
1.51474e-011
1.51042e-011
1.50174e-011
1.47555e-011
1.47489e-011
1.47158e-011
1.46323e-011
1.45385e-011
1.44187e-011
1.4414e-011
1.41532e-011
1.39784e-011
1.39419e-011
1.38576e-011
1.37627e-011
1.37045e-011
1.35348e-011
1.34423e-011
1.33761e-011
1.32868e-011
1.32381e-011
1.30638e-011
1.30257e-011
1.2937e-011
1.25083e-011
1.22984e-011
1.19578e-011
1.15366e-011
1.13095e-011
1.09677e-011
1.05475e-011
9.82994e-012
9.52435e-012
9.31656e-012
9.28247e-012
9.00572e-012
8.49379e-012
8.28622e-012
7.98455e-012
7.95991e-012
7.6633e-012
7.51123e-012
7.28536e-012
7.22086e-012
7.19752e-012
7.17673e-012
6.82924e-012
6.81444e-012
6.33909e-012
6.06517e-012
6.03688e-012
5.918e-012
5.90232e-012
5.78111e-012
5.64978e-012
5.53442e-012
5.49777e-012
5.39398e-012
5.32595e-012
5.24704e-012
5.19199e-012
5.08913e-012
5.06706e-012
5.05975e-012
5.0529e-012
4.95241e-012
4.94097e-012
4.87823e-012
4.86037e-012
4.83127e-012
4.80831e-012
4.76969e-012
4.7192e-012
4.70507e-012
4.6237e-012
4.59602e-012
4.52528e-012
4.50869e-012
4.43657e-012
4.39004e-012
4.35822e-012
4.28442e-012
4.21252e-012
4.20536e-012
4.16039e-012
4.13395e-012
4.11527e-012
4.02543e-012
4.01349e-012
3.97374e-012
3.96338e-012
3.95776e-012
3.93738e-012
3.91974e-012
3.88688e-012
3.8607e-012
3.81349e-012
3.72091e-012
3.71071e-012
3.68744e-012
3.58983e-012
3.53843e-012
3.35871e-012
3.29172e-012
3.22584e-012
3.10476e-012
3.06864e-012
3.05892e-012
3.04823e-012
2.97921e-012
2.97778e-012
2.92684e-012
2.8757e-012
2.87563e-012
2.86523e-012
2.85137e-012
2.84241e-012
2.82498e-012
2.74649e-012
2.74154e-012
2.74025e-012
2.73329e-012
2.6947e-012
2.66483e-012
2.64524e-012
2.61492e-012
2.57136e-012
2.55227e-012
2.52501e-012
2.51931e-012
2.47969e-012
2.47967e-012
2.44262e-012
2.433e-012
2.41476e-012
2.41134e-012
2.38981e-012
2.37889e-012
2.33207e-012
2.31138e-012
2.26253e-012
2.25289e-012
2.22659e-012
2.22346e-012
2.2057e-012
2.18734e-012
2.15119e-012
2.13506e-012
2.10452e-012
2.08206e-012
2.04164e-012
2.03253e-012
2.02019e-012
2.01537e-012
1.99924e-012
1.97935e-012
1.94693e-012
1.91254e-012
1.86785e-012
1.80098e-012
1.72757e-012
1.70015e-012
1.69697e-012
1.67194e-012
1.66341e-012
1.62348e-012
1.60128e-012
1.57674e-012
1.53161e-012
1.52772e-012
1.47622e-012
1.47296e-012
1.47166e-012
1.44953e-012
1.44228e-012
1.42593e-012
1.42283e-012
1.39892e-012
1.36841e-012
1.32161e-012
1.31952e-012
1.3169e-012
1.30918e-012
1.26066e-012
1.25537e-012
1.24446e-012
1.2071e-012
1.17805e-012
1.17781e-012
1.17702e-012
1.15924e-012
1.1533e-012
1.14244e-012
1.13176e-012
1.12512e-012
1.1239e-012
1.09704e-012
1.07202e-012
1.061e-012
1.05385e-012
1.03428e-012
1.01266e-012
1.00878e-012
9.89639e-013
9.75473e-013
9.22103e-013
9.13341e-013
8.18236e-013
7.91153e-013
7.64377e-013
7.61995e-013
7.50076e-013
7.34404e-013
7.2157e-013
7.18097e-013
7.11118e-013
7.09415e-013
6.89997e-013
6.87281e-013
6.85781e-013
6.82556e-013
6.75957e-013
6.73881e-013
6.63703e-013
6.55507e-013
6.53321e-013
6.51143e-013
6.50569e-013
6.42951e-013
6.34213e-013
6.29299e-013
6.1892e-013
6.08344e-013
6.0373e-013
5.53137e-013
5.38666e-013
5.37181e-013
5.29846e-013
5.2524e-013
5.20937e-013
5.19778e-013
5.14984e-013
5.12957e-013
4.96482e-013
4.89734e-013
4.76477e-013
4.70712e-013
4.6907e-013
4.65368e-013
4.649e-013
4.61847e-013
4.59086e-013
4.58164e-013
4.5555e-013
4.49137e-013
4.45407e-013
4.3858e-013
4.35109e-013
4.30228e-013
4.23211e-013
4.17377e-013
4.15537e-013
4.12021e-013
4.11301e-013
3.97006e-013
3.94058e-013
3.92162e-013
3.90628e-013
3.76758e-013
3.65779e-013
3.65429e-013
3.59666e-013
3.55684e-013
3.48183e-013
3.46864e-013
3.41357e-013
3.31705e-013
3.30595e-013
3.28077e-013
3.24313e-013
3.09047e-013
2.9737e-013
2.81626e-013
2.67335e-013
2.64688e-013
2.629e-013
2.60729e-013
2.54401e-013
2.38859e-013
2.38226e-013
2.31196e-013
2.24972e-013
2.23881e-013
2.16446e-013
2.09325e-013
2.04709e-013
1.95445e-013
1.92901e-013
1.77114e-013
1.72424e-013
1.71846e-013
1.71172e-013
1.69627e-013
1.65626e-013
1.62581e-013
1.57375e-013
1.52354e-013
1.51413e-013
1.40912e-013
1.39661e-013
1.35022e-013
1.33516e-013
1.30355e-013
1.28834e-013
1.28713e-013
1.2607e-013
1.25878e-013
1.24899e-013
1.21253e-013
1.20934e-013
1.18772e-013
1.1575e-013
1.1495e-013
1.1264e-013
1.08854e-013
1.07861e-013
1.06578e-013
1.03502e-013
1.02051e-013
9.78196e-014
9.77016e-014
9.63118e-014
9.48795e-014
9.40828e-014
9.26971e-014
9.16877e-014
9.05169e-014
8.94834e-014
8.84773e-014
8.66451e-014
8.63456e-014
8.59655e-014
8.59409e-014
8.34933e-014
8.18208e-014
8.13809e-014
8.04193e-014
7.8672e-014
7.8084e-014
7.73471e-014
7.67889e-014
7.66038e-014
7.61037e-014
7.4892e-014
7.385e-014
7.3712e-014
7.34791e-014
7.32904e-014
7.19042e-014
7.10731e-014
7.09393e-014
6.99154e-014
6.98607e-014
6.82135e-014
6.73747e-014
6.68601e-014
6.54595e-014
6.43408e-014
6.37711e-014
6.30308e-014
6.07126e-014
6.03996e-014
6.01547e-014
5.97761e-014
5.90485e-014
5.81823e-014
5.8064e-014
5.69802e-014
5.65644e-014
5.59776e-014
5.5349e-014
5.29299e-014
5.22725e-014
5.21641e-014
5.16133e-014
5.08239e-014
5.08044e-014
4.81802e-014
4.78046e-014
4.53704e-014
4.53704e-014
4.47996e-014
4.44259e-014
4.29897e-014
4.29666e-014
4.18683e-014
4.15683e-014
4.07902e-014
3.83466e-014
3.73431e-014
3.63223e-014
3.52714e-014
3.5119e-014
3.45215e-014
3.3507e-014
3.32633e-014
3.25756e-014
3.20958e-014
3.16328e-014
3.16176e-014
3.10912e-014
3.05321e-014
2.93294e-014
2.92519e-014
2.87529e-014
2.81125e-014
2.77606e-014
2.73354e-014
2.70439e-014
2.59787e-014
2.59353e-014
2.57044e-014
2.45341e-014
2.44705e-014
2.42861e-014
2.40505e-014
2.3909e-014
2.35406e-014
2.32907e-014
2.31407e-014
2.30808e-014
2.21413e-014
2.19822e-014
2.16601e-014
2.15716e-014
2.14659e-014
2.14508e-014
2.09749e-014
2.08059e-014
2.07796e-014
2.06703e-014
2.06254e-014
2.00689e-014
1.97664e-014
1.94356e-014
1.90391e-014
1.90067e-014
1.86432e-014
1.84385e-014
1.83568e-014
1.82878e-014
1.80039e-014
1.74687e-014
1.7213e-014
1.70702e-014
1.60753e-014
1.58065e-014
1.56004e-014
1.52455e-014
1.45723e-014
1.44851e-014
1.39259e-014
1.32237e-014
1.29097e-014
1.28002e-014
1.23056e-014
1.2258e-014
1.20808e-014
1.19058e-014
1.18526e-014
1.17963e-014
1.1737e-014
1.14764e-014
1.1192e-014
1.11275e-014
1.10718e-014
1.09845e-014
1.09116e-014
1.05395e-014
9.90031e-015
9.71335e-015
9.63852e-015
9.3471e-015
9.3253e-015
9.13265e-015
9.08296e-015
8.67222e-015
8.65887e-015
8.62503e-015
8.48219e-015
8.46753e-015
8.29361e-015
8.24512e-015
8.09275e-015
8.041e-015
7.95168e-015
7.89821e-015
7.75734e-015
7.70935e-015
7.4804e-015
7.22352e-015
7.08615e-015
7.04034e-015
6.95933e-015
6.7975e-015
6.65797e-015
6.49128e-015
6.42431e-015
6.18812e-015
6.13491e-015
6.03491e-015
5.77979e-015
5.62742e-015
5.39082e-015
5.29181e-015
5.07386e-015
5.04803e-015
4.85668e-015
4.73283e-015
4.6861e-015
4.62221e-015
4.40916e-015
4.40306e-015
4.3349e-015
4.3092e-015
4.01485e-015
3.9675e-015
3.81047e-015
3.77227e-015
3.62135e-015
3.53476e-015
3.47063e-015
3.44041e-015
3.40676e-015
3.38397e-015
3.37199e-015
3.27757e-015
3.21709e-015
3.15721e-015
2.99041e-015
2.92281e-015
2.88871e-015
2.84829e-015
2.75005e-015
2.71018e-015
2.65461e-015
2.60544e-015
2.5788e-015
2.53092e-015
2.45106e-015
2.3425e-015
2.32847e-015
2.30073e-015
2.29264e-015
2.29013e-015
2.23573e-015
2.22142e-015
2.21431e-015
2.21229e-015
2.19578e-015
2.16161e-015
2.12147e-015
2.10783e-015
2.06835e-015
2.06107e-015
2.04993e-015
2.01256e-015
2.00439e-015
1.93231e-015
1.87964e-015
1.83811e-015
1.77226e-015
1.75784e-015
1.73512e-015
1.68061e-015
1.63822e-015
1.60268e-015
1.57961e-015
1.52875e-015
1.46776e-015
1.45674e-015
1.41567e-015
1.36542e-015
1.35386e-015
1.34318e-015
1.31833e-015
1.28775e-015
1.26322e-015
1.23616e-015
1.2234e-015
1.21554e-015
1.19117e-015
1.18216e-015
1.14562e-015
1.11642e-015
1.0798e-015
1.06915e-015
1.05961e-015
1.05088e-015
1.03892e-015
1.01871e-015
1.01344e-015
9.90374e-016
9.81892e-016
9.73485e-016
9.58371e-016
9.50845e-016
9.36091e-016
9.29631e-016
9.15518e-016
9.12537e-016
9.01882e-016
8.98656e-016
8.87614e-016
8.7207e-016
8.57985e-016
8.57488e-016
8.43826e-016
8.26363e-016
8.16853e-016
8.0718e-016
8.00897e-016
7.96341e-016
7.81284e-016
7.77843e-016
7.75006e-016
7.64039e-016
7.53955e-016
7.41219e-016
7.11883e-016
7.09464e-016
7.06837e-016
6.82135e-016
6.72612e-016
6.51298e-016
6.39719e-016
6.31911e-016
6.25774e-016
6.16826e-016
6.11036e-016
6.05761e-016
6.04298e-016
5.9411e-016
5.88846e-016
5.84137e-016
5.78015e-016
5.74423e-016
5.63646e-016
5.47678e-016
5.40714e-016
5.34197e-016
5.28021e-016
5.26214e-016
5.23781e-016
5.14498e-016
5.11258e-016
5.10907e-016
5.05784e-016
5.04306e-016
4.99491e-016
4.91825e-016
4.8716e-016
4.81197e-016
4.69848e-016
4.58434e-016
4.40808e-016
4.37379e-016
4.27065e-016
4.22845e-016
4.20035e-016
4.14355e-016
4.11671e-016
4.08233e-016
3.99118e-016
3.95756e-016
3.9238e-016
3.91112e-016
3.84875e-016
3.83288e-016
3.81796e-016
3.78643e-016
3.70014e-016
3.58488e-016
3.54217e-016
3.49326e-016
3.37824e-016
3.27371e-016
3.22445e-016
3.04905e-016
2.93103e-016
2.91953e-016
2.70574e-016
2.6988e-016
2.69407e-016
2.57209e-016
2.55467e-016
2.54102e-016
2.52794e-016
2.37663e-016
2.34857e-016
2.33579e-016
2.28562e-016
2.1954e-016
2.14931e-016
2.14319e-016
2.13399e-016
2.12221e-016
2.08313e-016
2.022e-016
1.98366e-016
1.96477e-016
1.93986e-016
1.86291e-016
1.82707e-016
1.77641e-016
1.73946e-016
1.73421e-016
1.73194e-016
1.64675e-016
1.61634e-016
1.5827e-016
1.58009e-016
1.57523e-016
1.55252e-016
1.49395e-016
1.49009e-016
1.47655e-016
1.4544e-016
1.44726e-016
1.43824e-016
1.41387e-016
1.4087e-016
1.40467e-016
1.38243e-016
1.35632e-016
1.286e-016
1.26799e-016
1.21084e-016
1.20916e-016
1.20535e-016
1.18579e-016
1.1435e-016
1.13744e-016
1.11218e-016
1.10819e-016
1.07559e-016
1.07021e-016
1.06021e-016
1.05931e-016
1.05495e-016
1.03646e-016
1.03542e-016
1.02656e-016
1.01281e-016
9.52149e-017
9.35469e-017
9.29947e-017
9.27505e-017
8.90929e-017
8.89573e-017
8.88399e-017
8.85474e-017
8.54963e-017
8.51878e-017
8.36885e-017
8.35731e-017
8.30206e-017
8.27612e-017
8.03899e-017
8.01388e-017
7.92685e-017
7.90628e-017
7.86732e-017
7.82314e-017
7.68782e-017
7.60491e-017
7.542e-017
7.46255e-017
7.36283e-017
7.35436e-017
7.34012e-017
7.31363e-017
7.23581e-017
7.07847e-017
7.04437e-017
6.96389e-017
6.81069e-017
6.67965e-017
6.63642e-017
6.6033e-017
6.55002e-017
6.49034e-017
6.46591e-017
6.43189e-017
6.4218e-017
6.31313e-017
6.27915e-017
6.26821e-017
6.2565e-017
6.22536e-017
6.21318e-017
6.11694e-017
6.04051e-017
6.02502e-017
5.97466e-017
5.90244e-017
5.83086e-017
5.79454e-017
5.75056e-017
5.69342e-017
5.59885e-017
5.47084e-017
5.45059e-017
5.28298e-017
5.21701e-017
5.10785e-017
5.06452e-017
4.91885e-017
4.89932e-017
4.85449e-017
4.81103e-017
4.76788e-017
4.7151e-017
4.68316e-017
4.60811e-017
4.59067e-017
4.56244e-017
4.53275e-017
4.49637e-017
4.47882e-017
4.45273e-017
4.40222e-017
4.37806e-017
4.31967e-017
4.28687e-017
4.27149e-017
4.25451e-017
4.23714e-017
4.21426e-017
4.15801e-017
4.11551e-017
4.07661e-017
4.07088e-017
4.01924e-017
3.99546e-017
3.95999e-017
3.9336e-017
3.91186e-017
3.91133e-017
3.88447e-017
3.85062e-017
3.81942e-017
3.80694e-017
3.76964e-017
3.76589e-017
3.67394e-017
3.6298e-017
3.56586e-017
3.53142e-017
3.51555e-017
3.45662e-017
3.42409e-017
3.35718e-017
3.31645e-017
3.24399e-017
3.19382e-017
3.17469e-017
3.1443e-017
3.09176e-017
3.06022e-017
3.02107e-017
3.00904e-017
2.99138e-017
2.97848e-017
2.97307e-017
2.96455e-017
2.92591e-017
2.90687e-017
2.8699e-017
2.81463e-017
2.80873e-017
2.75226e-017
2.72474e-017
2.67777e-017
2.62896e-017
2.60618e-017
2.56856e-017
2.55125e-017
2.52195e-017
2.50446e-017
2.47861e-017
2.44753e-017
2.42901e-017
2.40376e-017
2.37331e-017
2.32043e-017
2.27756e-017
2.2744e-017
2.25849e-017
2.20358e-017
2.18884e-017
2.16863e-017
2.14397e-017
2.10153e-017
2.05476e-017
2.02972e-017
2.02972e-017
1.98231e-017
1.9423e-017
1.88183e-017
1.85154e-017
1.83925e-017
1.80541e-017
1.78619e-017
1.74183e-017
1.71485e-017
1.6751e-017
1.65915e-017
1.63462e-017
1.6085e-017
1.54296e-017
1.48276e-017
1.43068e-017
1.42946e-017
1.41683e-017
1.39035e-017
1.34725e-017
1.34022e-017
1.27652e-017
1.26833e-017
1.24944e-017
1.22103e-017
1.18155e-017
1.16721e-017
1.15536e-017
1.12799e-017
1.02683e-017
1.01815e-017
1.01108e-017
9.86841e-018
9.83801e-018
9.64819e-018
9.61256e-018
9.55124e-018
9.29199e-018
9.25886e-018
9.17966e-018
8.91152e-018
8.88916e-018
8.86612e-018
8.78766e-018
8.6616e-018
8.40157e-018
8.32087e-018
8.26218e-018
8.1267e-018
7.85306e-018
7.81825e-018
7.63661e-018
7.44334e-018
7.41596e-018
7.28894e-018
7.1693e-018
7.03709e-018
6.711e-018
6.43208e-018
6.41669e-018
6.27545e-018
6.0362e-018
5.86659e-018
5.84075e-018
5.59653e-018
5.58321e-018
5.51098e-018
5.4678e-018
5.32474e-018
5.20996e-018
5.17083e-018
5.08514e-018
5.02205e-018
4.90748e-018
4.89945e-018
4.68065e-018
4.60353e-018
4.53613e-018
4.43457e-018
4.34889e-018
4.32223e-018
4.30232e-018
4.30232e-018
4.24554e-018
4.2062e-018
4.11675e-018
4.0792e-018
4.04911e-018
4.04701e-018
4.02578e-018
3.98569e-018
3.88325e-018
3.76985e-018
3.66494e-018
3.60547e-018
3.49576e-018
3.43462e-018
3.42524e-018
3.40742e-018
3.39048e-018
3.34704e-018
3.29973e-018
3.25412e-018
3.18113e-018
3.16996e-018
3.16756e-018
3.16359e-018
3.13161e-018
3.11872e-018
3.11217e-018
3.06781e-018
3.04738e-018
2.99113e-018
2.94804e-018
2.94172e-018
2.93145e-018
2.91243e-018
2.87954e-018
2.86013e-018
2.84129e-018
2.7902e-018
2.75814e-018
2.73491e-018
2.72298e-018
2.68942e-018
2.65083e-018
2.63013e-018
2.60689e-018
2.57155e-018
2.56115e-018
2.49233e-018
2.47229e-018
2.44544e-018
2.41145e-018
2.37115e-018
2.30434e-018
2.30123e-018
2.29866e-018
2.27244e-018
2.24463e-018
2.22482e-018
2.18561e-018
2.05781e-018
2.04344e-018
1.94024e-018
1.79765e-018
1.7877e-018
1.7683e-018
1.71402e-018
1.6971e-018
1.68941e-018
1.62326e-018
1.56109e-018
1.51848e-018
1.51093e-018
1.50501e-018
1.47425e-018
1.44616e-018
1.42928e-018
1.41838e-018
1.41053e-018
1.39001e-018
1.368e-018
1.29577e-018
1.28899e-018
1.28313e-018
1.27097e-018
1.25019e-018
1.21972e-018
1.19946e-018
1.18233e-018
1.16198e-018
1.15304e-018
1.1317e-018
1.09639e-018
1.09018e-018
1.07215e-018
1.04796e-018
1.01898e-018
1.00865e-018
9.89266e-019
9.78606e-019
9.75425e-019
9.71868e-019
9.61858e-019
9.56818e-019
9.45532e-019
9.36585e-019
9.28669e-019
8.91633e-019
8.76546e-019
8.7008e-019
8.69831e-019
8.64198e-019
8.49133e-019
8.44341e-019
8.28151e-019
8.23937e-019
8.20762e-019
8.13596e-019
8.05101e-019
7.96132e-019
7.85167e-019
7.76464e-019
7.71571e-019
7.60654e-019
7.59579e-019
7.47746e-019
7.43148e-019
7.385e-019
7.30759e-019
7.24066e-019
7.13036e-019
7.01611e-019
6.90439e-019
6.86501e-019
6.70816e-019
6.69672e-019
6.4503e-019
6.21734e-019
6.06874e-019
5.96135e-019
5.77701e-019
5.77458e-019
5.72958e-019
5.69284e-019
5.67729e-019
5.42715e-019
5.35047e-019
5.20099e-019
5.1587e-019
4.98878e-019
4.94245e-019
4.78829e-019
4.62093e-019
4.55987e-019
4.51777e-019
4.35717e-019
4.25271e-019
4.24444e-019
4.21734e-019
4.20796e-019
4.06507e-019
4.0261e-019
3.97905e-019
3.92564e-019
3.82371e-019
3.77238e-019
3.7258e-019
3.69637e-019
3.67987e-019
3.66523e-019
3.61968e-019
3.58405e-019
3.52625e-019
3.48225e-019
3.46614e-019
3.33281e-019
3.32196e-019
3.19142e-019
3.17633e-019
3.16738e-019
3.14386e-019
3.13083e-019
3.09114e-019
3.03019e-019
2.99951e-019
2.96433e-019
2.95858e-019
2.85451e-019
2.83942e-019
2.82597e-019
2.7592e-019
2.72071e-019
2.65384e-019
2.5807e-019
2.57902e-019
2.54249e-019
2.46591e-019
2.37882e-019
2.34251e-019
2.14048e-019
2.13336e-019
2.03971e-019
1.9989e-019
1.8531e-019
1.80325e-019
1.74632e-019
1.66084e-019
1.6268e-019
1.6045e-019
1.51475e-019
1.49179e-019
1.46568e-019
1.45778e-019
1.45729e-019
1.34458e-019
1.33105e-019
1.29806e-019
1.2873e-019
1.26471e-019
1.25251e-019
1.22072e-019
1.20573e-019
1.18751e-019
1.16821e-019
1.16296e-019
1.15667e-019
1.10804e-019
1.05977e-019
1.03864e-019
1.03744e-019
1.03579e-019
9.75914e-020
9.72709e-020
9.47318e-020
9.16904e-020
9.07692e-020
8.47361e-020
8.28455e-020
7.97998e-020
7.6206e-020
7.42741e-020
7.39617e-020
7.13537e-020
6.83036e-020
6.66902e-020
6.50421e-020
6.19401e-020
5.99177e-020
5.72115e-020
5.29652e-020
5.28499e-020
5.06884e-020
4.98471e-020
4.93717e-020
4.74341e-020
4.59199e-020
4.55901e-020
4.43179e-020
4.37773e-020
4.36274e-020
4.34516e-020
4.27371e-020
4.1754e-020
4.15519e-020
4.04505e-020
3.98043e-020
3.92911e-020
3.80663e-020
3.73337e-020
3.70891e-020
3.62354e-020
3.4108e-020
3.38404e-020
3.25115e-020
3.24693e-020
3.14852e-020
3.08885e-020
3.0455e-020
2.98215e-020
2.96352e-020
2.94913e-020
2.91995e-020
2.90344e-020
2.83302e-020
2.79102e-020
2.7685e-020
2.70359e-020
2.68214e-020
2.66445e-020
2.62667e-020
2.57954e-020
2.49131e-020
2.47952e-020
2.42309e-020
2.38477e-020
2.32987e-020
2.25054e-020
2.18744e-020
2.16055e-020
2.14671e-020
2.1326e-020
2.12405e-020
2.08181e-020
2.06387e-020
2.0451e-020
2.01267e-020
1.97886e-020
1.97563e-020
1.94934e-020
1.94234e-020
1.93016e-020
1.92516e-020
1.90856e-020
1.90088e-020
1.89593e-020
1.88943e-020
1.87171e-020
1.85524e-020
1.82372e-020
1.7979e-020
1.7885e-020
1.78305e-020
1.74768e-020
1.73976e-020
1.69306e-020
1.65272e-020
1.57571e-020
1.55136e-020
1.52249e-020
1.51185e-020
1.45224e-020
1.44946e-020
1.44198e-020
1.42243e-020
1.40082e-020
1.38646e-020
1.32193e-020
1.31695e-020
1.28977e-020
1.26601e-020
1.24054e-020
1.22388e-020
1.20595e-020
1.17009e-020
1.15498e-020
1.15179e-020
1.14411e-020
1.09925e-020
1.08824e-020
1.05385e-020
1.03242e-020
1.01862e-020
9.88071e-021
9.43793e-021
9.15614e-021
9.13775e-021
8.91414e-021
8.74405e-021
8.68716e-021
8.65313e-021
8.49046e-021
8.46845e-021
8.41498e-021
8.40545e-021
8.38496e-021
8.16062e-021
8.09645e-021
7.98781e-021
7.86546e-021
7.68736e-021
7.62456e-021
7.57198e-021
7.52732e-021
7.36755e-021
7.33065e-021
7.16061e-021
7.0907e-021
7.0556e-021
7.04759e-021
6.8662e-021
6.85075e-021
6.8348e-021
6.73906e-021
6.72781e-021
6.65997e-021
6.64182e-021
6.53363e-021
6.4671e-021
6.42721e-021
6.33786e-021
6.32346e-021
6.30849e-021
6.23432e-021
6.13471e-021
6.11119e-021
6.03989e-021
5.96223e-021
5.92531e-021
5.85275e-021
5.81775e-021
5.8096e-021
5.65691e-021
5.49446e-021
5.47871e-021
5.34728e-021
5.2772e-021
5.23821e-021
5.11841e-021
5.1078e-021
4.99441e-021
4.95061e-021
4.93701e-021
4.89525e-021
4.86869e-021
4.76936e-021
4.68019e-021
4.63704e-021
4.57957e-021
4.53503e-021
4.48888e-021
4.43224e-021
4.40149e-021
4.38781e-021
4.37152e-021
4.34264e-021
4.29195e-021
4.22462e-021
4.18397e-021
4.11976e-021
4.08414e-021
4.02154e-021
3.99545e-021
3.92189e-021
3.87836e-021
3.86689e-021
3.83149e-021
3.7592e-021
3.73563e-021
3.70028e-021
3.67735e-021
3.66171e-021
3.65914e-021
3.56406e-021
3.53718e-021
3.46271e-021
3.33426e-021
3.21136e-021
3.07326e-021
3.04873e-021
2.98137e-021
2.95194e-021
2.89623e-021
2.84963e-021
2.79011e-021
2.77782e-021
2.71678e-021
2.68908e-021
2.68427e-021
2.61379e-021
2.5815e-021
2.56413e-021
2.55751e-021
2.50281e-021
2.46826e-021
2.45761e-021
2.43158e-021
2.37513e-021
2.34352e-021
2.33239e-021
2.28083e-021
2.28068e-021
2.24925e-021
2.2329e-021
2.16288e-021
2.1107e-021
2.09007e-021
2.05157e-021
1.9064e-021
1.90264e-021
1.89437e-021
1.80408e-021
1.77439e-021
1.725e-021
1.70244e-021
1.66712e-021
1.66355e-021
1.61106e-021
1.5884e-021
1.57558e-021
1.55977e-021
1.50951e-021
1.42552e-021
1.3904e-021
1.37699e-021
1.35449e-021
1.3305e-021
1.29199e-021
1.26231e-021
1.25159e-021
1.24021e-021
1.23782e-021
1.23019e-021
1.2266e-021
1.21078e-021
1.18244e-021
1.17142e-021
1.14397e-021
1.13655e-021
1.11948e-021
1.06883e-021
1.0385e-021
1.02017e-021
1.01639e-021
9.98198e-022
9.85723e-022
9.71835e-022
9.53668e-022
9.02057e-022
8.82101e-022
8.71028e-022
8.41653e-022
8.38135e-022
8.37363e-022
8.33944e-022
8.0289e-022
7.76602e-022
7.48509e-022
7.4546e-022
7.38847e-022
7.19053e-022
7.11348e-022
6.87932e-022
6.78556e-022
6.74979e-022
6.73178e-022
6.72557e-022
6.69651e-022
6.53825e-022
6.35575e-022
6.31852e-022
5.96551e-022
5.63199e-022
5.46481e-022
5.43191e-022
5.36734e-022
5.26618e-022
5.11821e-022
5.00444e-022
4.96162e-022
4.95758e-022
4.92112e-022
4.76601e-022
4.68483e-022
4.6747e-022
4.64328e-022
4.57226e-022
4.40119e-022
4.39096e-022
4.28629e-022
4.26259e-022
4.24678e-022
4.22719e-022
4.16397e-022
4.14582e-022
4.08838e-022
4.08393e-022
3.93578e-022
3.9121e-022
3.90757e-022
3.70262e-022
3.59726e-022
3.46231e-022
3.34234e-022
3.23175e-022
3.21927e-022
3.14264e-022
3.13916e-022
3.12314e-022
3.11063e-022
3.06294e-022
2.99764e-022
2.99608e-022
2.87377e-022
2.82778e-022
2.76968e-022
2.70223e-022
2.66799e-022
2.64612e-022
2.61514e-022
2.51065e-022
2.49691e-022
2.40292e-022
2.34565e-022
2.33525e-022
2.31851e-022
2.29475e-022
2.26575e-022
2.24025e-022
2.19215e-022
2.14281e-022
2.11792e-022
2.11405e-022
2.04241e-022
1.98092e-022
1.96731e-022
1.95351e-022
1.92249e-022
1.85281e-022
1.83169e-022
1.78851e-022
1.77472e-022
1.74867e-022
1.7306e-022
1.70941e-022
1.69784e-022
1.67556e-022
1.65126e-022
1.64844e-022
1.64519e-022
1.63302e-022
1.62725e-022
1.61973e-022
1.59609e-022
1.58868e-022
1.58128e-022
1.56559e-022
1.55474e-022
1.53954e-022
1.52721e-022
1.51876e-022
1.50733e-022
1.4998e-022
1.4795e-022
1.44381e-022
1.39534e-022
1.38103e-022
1.34547e-022
1.26193e-022
1.22971e-022
1.21603e-022
1.19939e-022
1.15178e-022
1.14373e-022
1.0868e-022
1.0785e-022
1.07244e-022
1.02605e-022
9.94564e-023
9.80263e-023
9.79588e-023
9.54039e-023
9.50153e-023
9.37438e-023
9.3177e-023
9.26924e-023
9.21148e-023
9.1708e-023
9.16463e-023
9.13107e-023
9.1067e-023
9.00717e-023
8.97251e-023
8.88962e-023
8.837e-023
8.73317e-023
8.62531e-023
8.56441e-023
8.55233e-023
8.41932e-023
8.33336e-023
8.2928e-023
8.25171e-023
8.20819e-023
8.14924e-023
8.03669e-023
7.97164e-023
7.67011e-023
7.6433e-023
7.51779e-023
7.46113e-023
7.35924e-023
7.23524e-023
7.05907e-023
6.52824e-023
6.51327e-023
6.23659e-023
6.08848e-023
6.06795e-023
5.81841e-023
5.48238e-023
5.47083e-023
5.45448e-023
5.40951e-023
5.35096e-023
5.22914e-023
5.22897e-023
5.16155e-023
5.08393e-023
5.0761e-023
4.95003e-023
4.94852e-023
4.90245e-023
4.82439e-023
4.8105e-023
4.78217e-023
4.69184e-023
4.68237e-023
4.67517e-023
4.65619e-023
4.54878e-023
4.54461e-023
4.45566e-023
4.35472e-023
4.33184e-023
4.24511e-023
4.20973e-023
4.13423e-023
4.08422e-023
3.99325e-023
3.92301e-023
3.88442e-023
3.52989e-023
3.52736e-023
3.37785e-023
3.36144e-023
3.35705e-023
3.29251e-023
3.19686e-023
3.01561e-023
3.00716e-023
2.98596e-023
2.92625e-023
2.764e-023
2.73822e-023
2.72185e-023
2.67651e-023
2.63463e-023
2.6212e-023
2.59673e-023
2.56427e-023
2.54267e-023
2.35605e-023
2.34905e-023
2.33099e-023
2.31077e-023
2.26437e-023
2.20896e-023
2.15541e-023
2.07058e-023
2.06177e-023
2.0545e-023
2.00073e-023
1.95324e-023
1.95219e-023
1.93096e-023
1.91798e-023
1.86702e-023
1.85227e-023
1.84768e-023
1.83904e-023
1.80658e-023
1.79812e-023
1.78735e-023
1.76795e-023
1.76094e-023
1.75538e-023
1.73008e-023
1.70292e-023
1.6612e-023
1.65831e-023
1.62088e-023
1.59038e-023
1.58731e-023
1.5819e-023
1.57174e-023
1.56238e-023
1.55539e-023
1.55476e-023
1.54127e-023
1.53261e-023
1.52319e-023
1.51992e-023
1.49442e-023
1.46971e-023
1.43714e-023
1.40922e-023
1.40528e-023
1.36809e-023
1.36106e-023
1.34691e-023
1.30319e-023
1.29774e-023
1.26863e-023
1.26525e-023
1.24517e-023
1.20129e-023
1.19181e-023
1.15386e-023
1.13477e-023
1.12781e-023
1.08472e-023
1.07768e-023
1.01818e-023
9.81081e-024
9.33591e-024
9.22007e-024
8.80728e-024
8.69491e-024
8.66708e-024
8.49156e-024
8.37969e-024
8.27503e-024
8.10251e-024
8.0756e-024
7.979e-024
7.86722e-024
7.47645e-024
7.21002e-024
7.12362e-024
7.03926e-024
6.85296e-024
6.79058e-024
6.75204e-024
6.70328e-024
6.58156e-024
6.4879e-024
6.48197e-024
6.46945e-024
6.43516e-024
6.42454e-024
6.26949e-024
6.26348e-024
6.25494e-024
6.17965e-024
6.14287e-024
6.04186e-024
5.97357e-024
5.81132e-024
5.60423e-024
5.55462e-024
5.46476e-024
5.44945e-024
5.3367e-024
5.19142e-024
5.18254e-024
5.0731e-024
5.04917e-024
5.04375e-024
4.99175e-024
4.95059e-024
4.87716e-024
4.84635e-024
4.84118e-024
4.79225e-024
4.77956e-024
4.68079e-024
4.67541e-024
4.62213e-024
4.5774e-024
4.4905e-024
4.37037e-024
4.24824e-024
4.10088e-024
3.96287e-024
3.84613e-024
3.81974e-024
3.80154e-024
3.77049e-024
3.76903e-024
3.62937e-024
3.61981e-024
3.53377e-024
3.48795e-024
3.47307e-024
3.37168e-024
3.26431e-024
3.24833e-024
3.10881e-024
3.10464e-024
3.0518e-024
2.8751e-024
2.8703e-024
2.84018e-024
2.79777e-024
2.78061e-024
2.77498e-024
2.6976e-024
2.66732e-024
2.65404e-024
2.59259e-024
2.5658e-024
2.54694e-024
2.54261e-024
2.52613e-024
2.50362e-024
2.48171e-024
2.4508e-024
2.44548e-024
2.43589e-024
2.39885e-024
2.3942e-024
2.36539e-024
2.32445e-024
2.30517e-024
2.30033e-024
2.2484e-024
2.21439e-024
2.18803e-024
2.17125e-024
2.15176e-024
2.12502e-024
2.11029e-024
2.05776e-024
2.03942e-024
2.02565e-024
2.01965e-024
2.00702e-024
1.97752e-024
1.97738e-024
1.96524e-024
1.93919e-024
1.93679e-024
1.92358e-024
1.90277e-024
1.88113e-024
1.87597e-024
1.87034e-024
1.86165e-024
1.83941e-024
1.80814e-024
1.7774e-024
1.75832e-024
1.7396e-024
1.73281e-024
1.71368e-024
1.6755e-024
1.6521e-024
1.64575e-024
1.60725e-024
1.55727e-024
1.53525e-024
1.53134e-024
1.52733e-024
1.51968e-024
1.48703e-024
1.4766e-024
1.47045e-024
1.47017e-024
1.46774e-024
1.45195e-024
1.44741e-024
1.43339e-024
1.42421e-024
1.39557e-024
1.38619e-024
1.38026e-024
1.3687e-024
1.36314e-024
1.33805e-024
1.33447e-024
1.32856e-024
1.30247e-024
1.28873e-024
1.26532e-024
1.25073e-024
1.24954e-024
1.22902e-024
1.21436e-024
1.18815e-024
1.18284e-024
1.17279e-024
1.16597e-024
1.15231e-024
1.15217e-024
1.13634e-024
1.13309e-024
1.10668e-024
1.10573e-024
1.10385e-024
1.1031e-024
1.07497e-024
1.05761e-024
1.04904e-024
1.0187e-024
1.00538e-024
9.82715e-025
9.5533e-025
9.45193e-025
9.44688e-025
9.43046e-025
9.27766e-025
9.06999e-025
9.04425e-025
8.86191e-025
8.69214e-025
8.56767e-025
8.51557e-025
8.34636e-025
8.14213e-025
8.031e-025
7.92422e-025
7.79696e-025
7.57582e-025
7.56245e-025
7.41885e-025
7.40234e-025
7.33582e-025
7.29217e-025
7.26123e-025
7.1822e-025
7.06942e-025
7.0082e-025
6.98643e-025
6.98246e-025
6.93412e-025
6.91649e-025
6.88735e-025
6.79201e-025
6.78747e-025
6.77826e-025
6.71969e-025
6.69888e-025
6.62381e-025
6.61496e-025
6.59089e-025
6.53923e-025
6.53011e-025
6.50321e-025
6.47367e-025
6.39505e-025
6.3603e-025
6.28158e-025
6.2782e-025
6.2483e-025
6.2451e-025
6.23564e-025
6.21623e-025
6.19299e-025
6.19027e-025
6.12915e-025
6.11815e-025
6.11704e-025
6.09e-025
6.03369e-025
6.03115e-025
6.0104e-025
6.00445e-025
5.97835e-025
5.92842e-025
5.90422e-025
5.89288e-025
5.88612e-025
5.84444e-025
5.80998e-025
5.77053e-025
5.74876e-025
5.70224e-025
5.69619e-025
5.6613e-025
5.65406e-025
5.63758e-025
5.62622e-025
5.60889e-025
5.59794e-025
5.58078e-025
5.57093e-025
5.49261e-025
5.44138e-025
5.43042e-025
5.38432e-025
5.35413e-025
5.32385e-025
5.31877e-025
5.28552e-025
5.27804e-025
5.23731e-025
5.22262e-025
5.20873e-025
5.18391e-025
5.1548e-025
5.14084e-025
5.07132e-025
5.04392e-025
5.03941e-025
4.92571e-025
4.83063e-025
4.78706e-025
4.7203e-025
4.71334e-025
4.68489e-025
4.63753e-025
4.618e-025
4.60033e-025
4.55352e-025
4.54818e-025
4.5168e-025
4.47354e-025
4.40166e-025
4.36845e-025
4.35644e-025
4.35205e-025
4.30333e-025
4.30122e-025
4.25585e-025
4.19649e-025
4.19515e-025
4.18701e-025
4.15986e-025
4.09906e-025
4.09762e-025
4.02217e-025
4.01929e-025
4.01851e-025
3.99324e-025
3.95084e-025
3.9487e-025
3.87959e-025
3.8456e-025
3.83735e-025
3.78814e-025
3.75364e-025
3.75329e-025
3.75224e-025
3.69626e-025
3.63778e-025
3.53132e-025
3.52824e-025
3.52555e-025
3.35664e-025
3.35638e-025
3.35343e-025
3.26261e-025
3.23485e-025
3.1666e-025
3.1646e-025
3.12657e-025
3.12554e-025
3.12241e-025
3.09516e-025
3.09157e-025
3.0736e-025
3.0245e-025
3.02176e-025
2.99941e-025
2.9971e-025
2.98448e-025
2.97964e-025
2.93925e-025
2.90985e-025
2.90859e-025
2.90756e-025
2.89323e-025
2.81086e-025
2.80208e-025
2.71933e-025
2.69206e-025
2.6432e-025
2.54328e-025
2.50369e-025
2.30716e-025
2.30636e-025
2.15779e-025
2.1475e-025
2.11432e-025
2.02792e-025
1.97059e-025
1.96964e-025
1.889e-025
1.87975e-025
1.84464e-025
1.83908e-025
1.83789e-025
1.82156e-025
1.81789e-025
1.81348e-025
1.80838e-025
1.79077e-025
1.78023e-025
1.7458e-025
1.71095e-025
1.66812e-025
1.66113e-025
1.62193e-025
1.62111e-025
1.59556e-025
1.59233e-025
1.59128e-025
1.55454e-025
1.53764e-025
1.51315e-025
1.51262e-025
1.51012e-025
1.50939e-025
1.48079e-025
1.47228e-025
1.42598e-025
1.4254e-025
1.39849e-025
1.39188e-025
1.39145e-025
1.36552e-025
1.35942e-025
1.27857e-025
1.27035e-025
1.2604e-025
1.21906e-025
1.21516e-025
1.21371e-025
1.17007e-025
1.1656e-025
1.15173e-025
1.14575e-025
1.12045e-025
1.11575e-025
1.11484e-025
1.1123e-025
1.10997e-025
1.10916e-025
1.10889e-025
1.08126e-025
1.08084e-025
1.0804e-025
1.07968e-025
1.07934e-025
1.07871e-025
1.07262e-025
1.06166e-025
1.04703e-025
1.01337e-025
1.013e-025
1.00341e-025
9.81046e-026
9.49569e-026
9.48142e-026
9.17383e-026
9.08951e-026
8.85467e-026
8.81496e-026
8.43115e-026
8.34981e-026
8.17127e-026
8.12193e-026
8.05212e-026
7.98047e-026
7.66083e-026
7.4421e-026
6.71577e-026
6.71316e-026
6.54089e-026
6.12411e-026
5.6431e-026
4.9851e-026
4.88074e-026
4.64295e-026
4.64108e-026
4.64104e-026
4.6388e-026
4.63816e-026
4.63578e-026
4.46304e-026
4.45403e-026
4.21028e-026
4.14112e-026
4.02218e-026
4.00164e-026
4.0003e-026
3.96913e-026
3.80923e-026
3.61521e-026
3.61337e-026
3.59713e-026
3.44235e-026
3.42197e-026
3.29278e-026
3.28567e-026
3.22669e-026
3.22081e-026
3.18297e-026
3.17158e-026
3.16879e-026
3.04882e-026
2.99325e-026
2.99142e-026
2.98116e-026
2.97054e-026
2.9601e-026
2.95837e-026
2.94896e-026
2.91475e-026
2.91109e-026
2.84649e-026
2.8129e-026
2.70768e-026
2.70613e-026
2.65342e-026
2.60563e-026
2.59781e-026
2.54488e-026
2.51772e-026
2.46105e-026
2.43708e-026
2.43265e-026
2.39342e-026
2.38651e-026
2.37967e-026
2.37808e-026
2.29801e-026
2.29674e-026
2.2416e-026
2.18978e-026
2.18466e-026
2.18313e-026
2.1821e-026
2.18156e-026
2.15862e-026
2.09335e-026
1.98062e-026
1.89555e-026
1.89472e-026
1.85184e-026
1.85026e-026
1.80717e-026
1.80591e-026
1.77145e-026
1.73905e-026
1.73719e-026
1.73651e-026
1.70261e-026
1.6949e-026
1.69442e-026
1.65103e-026
1.63718e-026
1.62171e-026
1.5858e-026
1.58549e-026
1.54512e-026
1.5408e-026
1.54045e-026
1.50158e-026
1.49517e-026
1.494e-026
1.46581e-026
1.45491e-026
1.4475e-026
1.4447e-026
1.43407e-026
1.43351e-026
1.42287e-026
1.40944e-026
1.38702e-026
1.38228e-026
1.38138e-026
1.34826e-026
1.32625e-026
1.30825e-026
1.29457e-026
1.28021e-026
1.24021e-026
1.21917e-026
1.16599e-026
1.16581e-026
1.1273e-026
1.09818e-026
1.08967e-026
1.08084e-026
1.05689e-026
1.02919e-026
9.80176e-027
9.79672e-027
9.34382e-027
9.31085e-027
9.10231e-027
9.09525e-027
8.66952e-027
8.52643e-027
8.27123e-027
8.26718e-027
8.17764e-027
8.10947e-027
7.97576e-027
7.77321e-027
7.76907e-027
7.71919e-027
7.43748e-027
7.25306e-027
7.25216e-027
7.15959e-027
6.89782e-027
6.89668e-027
6.82159e-027
6.81544e-027
6.73526e-027
6.69062e-027
6.43251e-027
6.42925e-027
5.90838e-027
5.82325e-027
5.47195e-027
5.16619e-027
5.163e-027
5.05768e-027
5.05641e-027
4.73198e-027
4.72925e-027
4.71993e-027
4.68887e-027
4.68773e-027
4.68579e-027
4.63009e-027
4.58602e-027
4.49748e-027
4.38797e-027
4.29486e-027
4.17089e-027
3.89357e-027
3.74755e-027
3.62493e-027
3.58939e-027
3.3862e-027
3.32927e-027
3.25172e-027
3.24755e-027
3.13158e-027
3.12992e-027
2.99057e-027
2.98854e-027
2.88663e-027
2.81199e-027
2.60281e-027
2.60206e-027
2.50474e-027
2.43815e-027
2.34784e-027
2.21267e-027
2.21056e-027
2.1208e-027
2.11162e-027
2.10966e-027
1.98711e-027
1.98496e-027
1.96203e-027
1.9218e-027
1.89468e-027
1.87431e-027
1.87256e-027
1.87176e-027
1.86767e-027
1.83482e-027
1.82335e-027
1.78064e-027
1.78006e-027
1.7544e-027
1.75285e-027
1.75204e-027
1.70809e-027
1.70758e-027
1.70664e-027
1.70535e-027
1.70278e-027
1.66234e-027
1.61439e-027
1.61386e-027
1.57319e-027
1.57028e-027
1.56897e-027
1.54754e-027
1.54678e-027
1.54546e-027
1.51646e-027
1.51473e-027
1.51454e-027
1.51441e-027
1.47188e-027
1.42751e-027
1.40811e-027
1.37092e-027
1.34538e-027
1.32973e-027
1.30121e-027
1.30081e-027
1.29851e-027
1.29834e-027
1.28613e-027
1.28521e-027
1.28245e-027
1.26903e-027
1.26858e-027
1.26544e-027
1.25582e-027
1.24444e-027
1.20369e-027
1.17352e-027
1.1732e-027
1.1624e-027
1.14747e-027
1.14699e-027
1.14622e-027
1.14453e-027
1.12851e-027
1.12089e-027
1.11664e-027
1.11279e-027
1.10602e-027
1.10194e-027
1.08771e-027
1.08084e-027
1.06868e-027
1.06098e-027
1.05354e-027
1.03156e-027
1.03145e-027
1.03082e-027
1.03074e-027
1.0235e-027
1.01662e-027
1.0077e-027
1.00288e-027
1.00262e-027
9.9791e-028
9.76749e-028
9.70027e-028
9.40631e-028
9.12494e-028
8.81003e-028
8.80652e-028
8.59882e-028
8.50366e-028
8.39355e-028
8.37167e-028
8.0265e-028
7.66924e-028
7.51384e-028
7.30309e-028
7.30051e-028
7.295e-028
7.14585e-028
7.14498e-028
7.14404e-028
7.124e-028
7.1017e-028
7.00615e-028
6.9484e-028
6.85888e-028
6.85226e-028
6.84933e-028
6.75291e-028
6.66683e-028
6.59331e-028
6.57865e-028
6.45754e-028
6.40157e-028
6.37259e-028
6.3704e-028
6.34278e-028
6.16374e-028
6.16041e-028
5.97511e-028
5.97305e-028
5.97097e-028
5.92584e-028
5.92189e-028
5.92072e-028
5.87059e-028
5.82796e-028
5.77072e-028
5.76755e-028
5.71123e-028
5.66148e-028
5.62917e-028
5.59484e-028
5.44215e-028
5.42853e-028
5.26385e-028
5.13896e-028
4.99529e-028
4.94644e-028
4.91657e-028
4.83739e-028
4.79863e-028
4.71695e-028
4.68573e-028
4.66452e-028
4.62559e-028
4.62234e-028
