1.06564
80.4308
65.3473
55.0825
47.6159
39.8787
34.9554
31.5014
28.502
25.9253
24.2968
23.126
21.7625
20.5012
19.5192
18.6753
17.9298
17.5805
16.8996
16.2582
15.9235
15.5087
15.2521
14.9894
14.518
14.2724
14.1214
13.9236
13.6554
13.5408
13.4914
13.332
13.2719
13.2175
13.1441
13.0813
13.054
12.9503
12.8439
12.8146
12.7969
12.7245
12.6799
12.6622
12.6273
12.5708
12.5306
12.5196
12.4803
12.4493
12.4458
12.4129
12.356
12.3464
12.3464
12.346
12.3408
12.3219
12.3208
12.3167
12.287
12.2822
12.2646
12.2136
12.209
12.1462
12.1044
12.074
12.0701
12.0581
12.043
11.9976
11.9852
11.9603
11.9414
11.9404
11.9277
11.8865
11.8701
11.8105
11.785
11.7546
11.7025
11.6974
11.6641
11.6597
11.6597
11.6365
11.6317
11.6294
11.6294
11.6082
11.6082
11.6082
11.6082
11.6082
11.6082
11.6006
11.5998
11.5976
11.5819
11.5732
11.5732
11.5591
11.5566
11.5396
11.5396
11.5396
11.5358
11.5212
11.5016
11.4999
11.4999
11.4999
11.4999
11.4944
11.4854
11.4722
11.4722
11.4643
11.4643
11.4073
11.4073
11.4073
11.3922
11.3898
11.3811
11.3622
11.3609
11.3609
11.3609
11.3609
11.3609
11.3609
11.3351
11.3228
11.3011
11.3001
11.3001
11.3001
11.3001
11.2993
11.2984
11.2984
11.2984
11.2902
11.2902
11.2902
11.2279
11.2279
11.2279
11.2279
11.2279
11.2047
11.1929
11.1906
11.1824
11.1812
11.1812
11.1751
11.1751
11.1751
11.1703
11.1565
11.1565
11.1478
11.1478
11.1334
11.1334
11.1334
11.1261
11.1261
11.1216
11.1164
11.1079
11.1079
11.1079
11.1044
11.1022
11.0712
11.0624
11.0581
11.0581
11.0581
11.0581
11.0514
11.0514
11.0275
11.0275
11.0249
11.0249
11.0216
11.0216
11.0139
11.0139
11.0139
11.0139
11.0139
10.9943
10.9943
10.9943
10.9914
10.9914
10.9914
10.9914
10.98
10.9764
10.9764
10.9705
10.9705
10.9705
10.9705
10.9705
10.9705
10.9705
10.961
10.961
10.9371
10.9338
10.9338
10.9338
10.9338
10.9338
10.9338
10.9325
10.9266
10.9266
10.9266
10.9234
10.8993
10.8957
10.8957
10.8957
10.8957
10.8957
10.8957
10.8795
10.8778
10.8778
10.8179
10.8179
10.7822
10.7805
10.7805
10.7805
10.7805
10.7805
10.7805
10.7805
10.7805
10.7805
10.7805
10.7805
10.757
10.757
10.757
10.757
10.757
10.757
10.757
10.757
10.757
10.757
10.757
10.757
10.757
10.7528
10.7528
10.7528
10.7528
10.7528
10.7528
10.7528
10.7528
10.7528
10.7528
10.7528
10.7528
10.7528
10.7481
10.7401
10.7346
10.7346
10.7346
10.7261
10.7261
10.7261
10.7261
10.7261
10.7261
10.7261
10.7261
10.7213
10.7185
10.7153
10.7118
10.7118
10.7118
10.7118
10.7118
10.7015
10.7015
10.7015
10.7015
10.697
10.6959
10.6959
10.6712
10.6712
10.6712
10.6712
10.6703
10.6696
10.6536
10.6476
10.6476
10.6476
10.6476
10.6476
10.6476
10.6476
10.6476
10.6476
10.6476
10.6346
10.6346
10.6346
10.6346
10.6346
10.6346
10.6337
10.6337
10.6082
10.6074
10.5977
10.5961
10.5961
10.5961
10.5961
10.5961
10.5961
10.5961
10.5961
10.5837
10.5816
10.5816
10.5816
10.5816
10.5816
10.5816
10.5816
10.5816
10.5816
10.5816
10.5816
10.5816
10.5816
10.5816
10.562
10.5573
10.5435
10.5435
10.5435
10.5435
10.5435
10.5435
10.5435
10.5435
10.5435
10.5435
10.5435
10.5435
10.5435
10.5435
10.5435
10.5435
10.5435
10.5435
10.5435
10.5435
10.5435
10.5435
10.5435
10.5435
10.5341
10.5336
10.5336
10.5336
10.5336
10.5336
10.5336
10.5303
10.5303
10.5303
10.5303
10.5303
10.5303
10.5303
10.5303
10.5303
10.5303
10.5303
10.5293
10.5234
10.5234
10.5234
10.5234
10.5234
10.5234
10.5234
10.5234
10.5234
10.5234
10.5234
10.5234
10.5234
10.5234
10.5234
10.5234
10.5234
10.5234
10.5234
10.5234
10.5234
10.5234
10.5234
10.5234
10.5234
10.5234
10.5234
10.5234
10.5234
10.5234
10.5234
10.5234
10.5234
10.5234
10.5234
10.5234
10.5234
10.5234
10.5234
10.5234
10.5008
10.5008
10.5008
10.5007
10.5007
10.5007
10.5007
10.5007
10.5007
10.5007
10.5007
10.4879
10.4863
10.4863
10.4689
10.4679
10.4679
10.4679
10.4557
10.4557
10.435
10.435
10.435
10.43
10.4253
10.412
10.4064
10.4064
10.4064
10.4064
10.4064
10.4064
10.3891
10.3891
10.3891
10.3844
10.3844
10.3844
10.3844
10.3844
10.3844
10.3844
10.3844
10.3844
10.3844
10.3844
10.3844
10.3844
10.3844
10.3844
10.3844
10.3844
10.3778
10.3778
10.3778
10.3778
10.3778
10.3778
10.3778
10.3778
10.3778
10.3778
10.3778
10.3778
10.3778
10.3778
10.3778
10.3778
10.3778
10.3778
10.3778
10.3778
10.3778
10.3778
10.3778
10.3778
10.3778
10.3778
10.3778
10.3778
10.3778
10.3778
10.3778
10.3683
10.3683
10.3683
10.3683
10.3683
10.3683
10.3683
10.3683
10.3683
10.3683
10.3683
10.3683
10.3683
10.3683
10.3683
10.3683
10.3683
10.3683
10.3683
10.3683
10.368
10.368
10.368
10.368
10.368
10.368
10.368
10.368
10.368
10.368
10.368
10.368
10.368
10.3633
10.3633
10.3633
10.3633
10.3589
10.3589
10.3589
10.3589
10.3589
10.3589
10.3589
10.3589
10.3589
10.3481
10.3481
10.3481
10.3449
10.3449
10.3449
10.3449
10.3449
10.3449
10.3449
10.3449
10.3449
10.3449
10.3449
10.3449
10.3449
10.3449
10.3449
10.3449
10.3449
10.3449
10.3449
10.3449
10.3375
10.3375
10.3375
10.3362
10.3362
10.3362
10.3362
10.3362
10.3362
10.3362
10.3174
10.3127
10.3127
10.3127
10.3127
10.3076
10.3076
10.3076
10.3051
10.3051
10.2942
10.2942
10.2942
10.2942
10.2934
10.2934
10.2934
10.2934
10.2934
10.2934
10.2934
10.2934
10.2934
10.2934
10.2934
10.2934
10.2934
10.2934
10.2934
10.2934
10.2934
10.2934
10.2934
10.2934
10.2934
10.2934
10.2934
10.2934
10.2909
10.2886
10.2886
10.2886
10.2886
10.2886
10.2886
10.2886
10.2886
10.2886
10.2886
10.2886
10.2886
10.2886
10.2886
10.2886
10.2886
10.2886
10.2886
10.2886
10.2886
10.2886
10.2886
10.2886
10.2886
10.2886
10.2711
10.2664
10.2664
10.2664
10.2664
10.2664
10.2583
10.2583
10.2583
10.2583
10.2583
10.2583
10.2583
10.2476
10.2476
10.2476
10.2476
10.2476
10.2476
10.2431
10.2431
10.2431
10.2431
10.2431
10.2431
10.2431
10.2431
10.2431
10.2281
10.2281
10.2281
10.2281
10.2281
10.2281
10.2281
10.2281
10.2281
10.2281
10.2281
10.2281
10.2281
10.2281
10.2281
10.2281
10.2281
10.2281
10.2281
10.2281
10.2281
10.2281
10.2281
10.2281
10.2281
10.2281
10.2281
10.2281
10.2281
10.2281
10.2281
10.2281
10.2281
10.2281
10.2281
10.2281
10.2281
10.2281
10.2281
10.2281
10.2281
10.2281
10.2281
10.2281
10.2281
10.2281
10.2281
10.2146
10.213
10.213
10.213
10.1721
10.1721
10.1721
10.1721
10.1721
10.1721
10.1721
10.1721
10.1721
10.1721
10.1721
10.1721
10.1721
10.1721
10.1721
10.1721
10.1721
10.1721
10.1721
10.1721
10.1721
10.1721
10.1721
10.1721
10.1721
10.1721
10.1646
10.1646
10.1646
10.1646
10.1646
10.1646
10.1646
10.1646
10.1646
10.1646
10.1646
10.1646
10.1646
10.1646
10.1646
10.1646
10.1646
10.1646
10.1646
10.1646
10.1646
10.1646
10.1646
10.1646
10.1646
10.1646
10.1646
10.1646
10.1646
10.1646
10.1646
10.1646
10.1628
10.1614
10.1614
10.1614
10.1614
10.1517
10.151
10.1271
10.1271
10.1271
10.1271
10.1271
10.1271
10.1271
10.1271
10.1271
10.1271
10.1271
10.1271
10.1271
10.1271
10.1271
10.1087
10.1087
10.1087
10.1087
10.1087
10.1087
10.1087
10.1087
10.1087
10.1087
10.1087
10.1087
10.1087
10.1087
10.1087
10.1087
10.1087
10.1087
10.1087
10.1087
10.1087
10.1087
10.1087
10.1087
10.1087
10.1087
10.1087
10.1087
10.1087
10.1087
10.1087
10.1087
10.1087
10.1087
10.1087
10.1087
10.1087
10.1087
10.1087
10.1087
10.1087
10.1087
10.1087
10.1087
10.1087
10.1087
10.1087
10.1087
10.1087
10.1087
10.1087
10.1087
10.1087
10.1087
10.1087
10.1087
10.1087
10.1087
10.1087
10.1087
10.1014
10.1014
10.1014
10.1014
10.1014
10.1014
10.1014
10.1014
10.1014
10.1014
10.1014
10.1014
10.1013
10.1013
10.1013
10.0836
10.0833
10.0833
10.0833
10.0833
10.0833
10.0776
10.0776
10.0776
10.0776
10.0743
10.0743
10.0743
10.0743
10.0743
10.0743
10.0743
10.0743
10.0743
10.0743
10.0743
10.0743
10.0743
10.0743
10.0743
10.0743
10.0743
10.0743
10.0743
10.0743
10.0743
10.0743
10.0743
10.0743
10.0743
10.0743
10.0743
10.0743
10.0743
10.0743
10.0735
10.0735
10.0735
10.0735
10.0735
10.0735
10.0624
10.0624
10.0624
10.0624
10.0624
10.0624
10.0624
10.0624
10.0624
10.0604
10.0604
10.0604
10.0604
10.0604
10.0604
10.0604
10.0604
10.059
10.059
10.059
10.059
10.059
10.059
10.059
10.059
10.059
10.059
10.059
10.059
10.059
10.059
10.059
10.059
10.059
10.059
10.0582
10.0582
10.0582
10.0582
10.0582
10.0582
10.0582
10.0582
10.0582
10.0582
10.0582
10.0582
10.0582
10.0509
10.0478
10.0478
10.0478
10.0478
10.0478
10.0404
10.0403
10.0267
10.0267
10.0267
10.0267
10.0221
10.0221
10.0221
10.0221
10.0221
10.0221
10.0221
10.0221
10.0221
10.0221
10.0221
10.0221
10.0221
10.0221
10.0221
10.0221
10.0221
10.0221
10.0221
10.0221
10.0221
10.0148
10.0107
10.0107
10.0107
10.0107
10.0107
10.0107
10.0107
10.0107
10.0107
10.0107
10.0107
10.0107
10.0078
10.0078
10.0078
10.0078
10.0078
10.0078
10.0078
10.0078
10.0078
10.0078
10.0078
10.0078
10.0078
10.0078
10.0078
10.0078
10.0078
10.0078
10.0078
10.0078
10.0078
10.0078
10.0078
10.0078
10.0078
9.99801
9.99801
9.99801
9.99801
9.99801
9.99801
9.99801
9.99801
9.99801
9.99801
9.99801
9.99801
9.99801
9.99801
9.99801
9.99801
9.99801
9.99801
9.99801
9.99801
9.99801
9.99801
9.99801
9.99801
9.99801
9.99801
9.99801
9.99801
9.99801
9.99801
9.99801
9.99801
9.99801
9.99801
9.99801
9.99801
9.99801
9.99801
9.99801
9.99801
9.99801
9.99801
9.99801
9.99801
9.99801
9.99801
9.99801
9.99801
9.97552
9.97552
9.97552
9.97552
9.97552
9.97552
9.97552
9.97552
9.97552
9.97552
9.97552
9.97552
9.97552
9.97552
9.97552
9.97552
9.97552
9.97552
9.97552
9.97552
9.97552
9.97552
9.97552
9.97552
9.97552
9.97552
9.97552
9.97552
9.97552
9.97552
9.97552
9.97552
9.97552
9.97552
9.97552
9.97439
9.97394
9.97394
9.97394
9.97394
9.97394
9.97394
9.97394
9.97394
9.97394
9.97394
9.97394
9.97303
9.97303
9.97303
9.97303
9.97303
9.97303
9.97303
9.97303
9.97303
9.97303
9.97303
9.97303
9.97303
9.97303
9.97303
9.97303
9.97303
9.97303
9.97303
9.97303
9.97303
9.97303
9.97303
9.97303
9.97303
9.97303
9.97303
9.97303
9.97303
9.96858
9.94252
9.94181
9.94181
9.94181
9.94181
9.94181
9.94181
9.94181
9.94181
9.94181
9.94181
9.94181
9.94181
9.94181
9.94181
9.94181
9.94181
9.94181
9.94181
9.94181
9.94181
9.94181
9.94181
9.94181
9.94181
9.94181
9.94181
9.94181
9.94181
9.94181
9.94181
9.94181
9.94181
9.94181
9.94181
9.94181
9.94181
9.94181
9.94181
9.94181
9.93857
9.93857
9.93857
9.93857
9.93857
9.93857
9.93857
9.93857
9.93857
9.93857
9.93857
9.93857
9.93857
9.92695
9.92695
9.92695
9.92695
9.92695
9.9258
9.9258
9.9258
9.9258
9.9258
9.9258
9.9258
9.9258
9.9258
9.9258
9.9258
9.90751
9.90751
9.90751
9.90751
9.90751
9.90751
9.90751
9.90751
9.90751
9.90751
9.90751
9.90751
9.90751
9.90751
9.90751
9.90751
9.90751
9.90751
9.90751
9.90751
9.90751
9.90751
9.90751
9.90751
9.90751
9.90751
9.90751
9.90751
9.90751
9.90751
9.90751
9.90751
9.90751
9.90751
9.90751
9.90751
9.90751
9.90314
9.90314
9.90314
9.88675
9.88675
9.88675
9.88675
9.88675
9.88675
9.88675
9.88675
9.88675
9.88675
9.88675
9.88675
9.88675
9.88675
9.88675
9.88675
9.88675
9.88675
9.88675
9.88675
9.87557
9.87557
9.87557
9.87557
9.87557
9.87557
9.87557
9.87557
9.87557
9.87557
9.87557
9.87557
9.87557
9.87557
9.87557
9.87557
9.87557
9.87557
9.87557
9.87557
9.87557
9.87557
9.87557
9.87557
9.87557
9.87557
9.87557
9.87557
9.87557
9.87557
9.87557
9.87557
9.87557
9.87557
9.87557
9.87557
9.87557
9.87557
9.87557
9.87557
9.87557
9.87557
9.86872
9.86872
9.86872
9.86872
9.86872
9.86872
9.86872
9.86872
9.86872
9.86872
9.86872
9.86872
9.86872
9.86624
9.86624
9.86624
9.8661
9.86463
9.86304
9.86304
9.86304
9.86304
9.86304
9.86304
9.86304
9.86304
9.86304
9.86304
9.86304
9.86304
9.86304
9.86304
9.86304
9.86304
9.86304
9.86304
9.86304
9.86304
9.86304
9.85892
9.85502
9.85502
9.85502
9.85502
9.85502
9.85502
9.85502
9.85502
9.85502
9.85502
9.85502
9.85502
9.85502
9.85502
9.85502
9.85502
9.85502
9.85502
9.85502
9.85502
9.85502
9.85502
9.85502
9.85502
9.85502
9.85502
9.85502
9.85502
9.85502
9.85502
9.85502
9.85502
9.85502
9.85502
9.85502
9.85225
9.85104
9.85104
9.85104
9.85104
9.85104
9.85104
9.85104
9.85104
9.85104
9.85104
9.85104
9.85104
9.85104
9.85104
9.85104
9.85104
9.85104
9.85104
9.85104
9.85104
9.85104
9.85104
9.85104
9.85104
9.85104
9.85104
9.85104
9.85104
9.85104
9.85104
9.85104
9.85104
9.85104
9.85104
9.85104
9.85104
9.85104
9.85104
9.85104
9.85104
9.85104
9.85104
9.85104
9.85104
9.85104
9.85104
9.85104
9.85104
9.85104
9.85104
9.85104
9.84522
9.84522
9.84522
9.84522
9.84522
9.84522
9.84522
9.84522
9.84522
9.84522
9.84522
9.84522
9.84522
9.84522
9.84522
9.84399
9.84332
9.84332
9.84332
9.84332
9.84332
9.84332
9.83718
9.83718
9.83718
9.83718
9.83718
9.83718
9.83718
9.83718
9.83718
9.83718
9.83718
9.83718
9.83718
9.83718
9.83718
9.83718
9.83718
9.83718
9.83718
9.83718
9.83718
9.83718
9.83718
9.83718
9.83718
9.83718
9.83718
9.83718
9.83718
9.83718
9.83718
9.83718
9.83718
9.83718
9.83718
9.83718
9.83718
9.83718
9.83718
9.83718
9.83718
9.82581
9.82581
9.82581
9.82581
9.82581
9.82581
9.82581
9.82581
9.82581
9.82581
9.82581
9.82581
9.82581
9.82581
9.82581
9.82581
9.82581
9.82581
9.82581
9.82581
9.82169
9.82169
9.82169
9.82169
9.82169
9.82169
9.82169
9.82169
9.82169
9.82169
9.82169
9.82169
9.82169
9.82169
9.82169
9.82169
9.82169
9.82169
9.82169
9.82169
9.82169
9.82169
9.82169
9.82169
9.82169
9.82169
9.82169
9.80398
9.80398
9.80398
9.80398
9.79782
9.79782
9.79782
9.79782
9.79782
9.79782
9.79782
9.79782
9.79782
9.79782
9.79782
9.79782
9.79782
9.79782
9.79782
9.79782
9.79782
9.79782
9.79782
9.79782
9.79782
9.79782
9.79782
9.79782
9.79782
9.79782
9.79782
9.79782
9.79782
9.79782
9.79782
9.79782
9.79782
9.79782
9.79782
9.79782
9.79782
9.79782
9.79782
9.79782
9.79782
9.79782
9.79782
9.79782
9.79782
9.79782
9.79782
9.79782
9.79782
9.79782
9.79782
9.79782
9.79782
9.79782
9.79782
9.79782
9.79782
9.79782
9.79782
9.79782
9.79782
9.79782
9.7919
9.7919
9.7919
9.7919
9.7919
9.7919
9.7919
9.7919
9.7919
9.78652
9.78652
9.78652
9.78652
9.78652
9.78652
9.78652
9.78652
9.78652
9.78652
9.78652
9.78652
9.78652
9.78652
9.78652
9.78652
9.78652
9.78652
9.78652
9.78652
9.78652
9.78652
9.78652
9.78652
9.78652
9.78652
9.78652
9.78652
9.78652
9.78652
9.78652
9.78652
9.78652
9.78652
9.78652
9.78652
9.78652
9.78652
9.78652
9.78652
9.78652
9.78652
9.78652
9.78652
9.78652
9.78652
9.78652
9.78652
9.78652
9.78652
9.78652
9.78652
9.78652
9.78143
9.78143
9.78143
9.78143
9.78143
9.78143
9.78143
9.77978
9.77903
9.77903
9.77903
9.77903
9.77903
9.77903
9.77903
9.77903
9.77903
9.77903
9.77903
9.77903
9.77903
9.77903
9.77903
9.77903
9.77903
9.77903
9.77903
9.77903
9.77903
9.77903
9.77903
9.77903
9.77903
9.77903
9.76504
9.76504
9.76504
9.76504
9.76504
9.76504
9.76504
9.76504
9.76504
9.76504
9.76504
9.76504
9.76504
9.76504
9.76504
9.76504
9.76504
9.76504
9.76504
9.76504
9.76504
9.76504
9.76504
9.76504
9.76504
9.76504
9.76504
9.75537
9.75537
9.75537
9.75537
9.75537
9.75537
9.75537
9.75537
9.75537
9.75537
9.75537
9.75537
9.75352
9.75352
9.75352
9.75352
9.75352
9.74504
9.74504
9.73925
9.73925
9.73925
9.73925
9.73925
9.73925
9.73925
9.73925
9.73925
9.73925
9.73925
9.73925
9.73925
9.73925
9.73925
9.73925
9.73925
9.73925
9.73925
9.73925
9.73925
9.73925
9.73925
9.73925
9.73925
9.73925
9.73925
9.73925
9.73925
9.73925
9.73925
9.73925
9.73925
9.73925
9.73925
9.73925
9.73925
9.73925
9.73925
9.73925
9.73925
9.73925
9.72358
9.72358
9.72358
9.72358
9.72358
9.72358
9.72358
9.72358
9.72358
9.72358
9.72358
9.72358
9.72358
9.72358
9.72358
9.72358
9.72358
9.72358
9.72358
9.72358
9.72358
9.72358
9.72358
9.72358
9.72358
9.72358
9.72358
9.72358
9.72358
9.72358
9.72358
9.72358
9.72358
9.72358
9.72358
9.72358
9.72358
9.72358
9.72358
9.72358
9.72358
9.72358
9.72358
9.72358
9.72358
9.72358
9.70137
9.70137
9.70137
9.70137
9.70137
9.70137
9.70137
9.70137
9.70137
9.70137
9.70137
9.70137
9.70137
9.70137
9.70137
9.70137
9.70137
9.70137
9.70137
9.70137
9.70137
9.70137
9.70137
9.70137
9.70137
9.70137
9.70137
9.70137
9.70137
9.70137
9.70137
9.70137
9.70137
9.70137
9.70137
9.70137
9.70137
9.70137
9.70137
9.70137
9.70137
9.70137
9.70137
9.70137
9.70137
9.70137
9.70137
9.70137
9.70137
9.70137
9.70137
9.70137
9.70137
9.70137
9.70137
9.70137
9.70137
9.70137
9.70137
9.70137
9.70137
9.70137
9.70098
9.70098
9.70098
9.70098
9.6843
9.6843
9.6843
9.6843
9.6843
9.6843
9.6843
9.6843
9.68191
9.68191
9.68191
9.68191
9.68191
9.68191
9.68191
9.68191
9.68191
9.68191
9.68191
9.68191
9.68191
9.68191
9.68191
9.68191
9.68191
9.68191
9.68191
9.68191
9.68191
9.68191
9.68191
9.68191
9.68191
9.68191
9.68191
9.68191
9.68191
9.68191
9.68191
9.68191
9.68191
9.68191
9.68149
9.68149
9.68149
9.68149
9.68149
9.68149
9.68149
9.68149
9.68149
9.68149
9.68149
9.68149
9.67691
9.67691
9.67691
9.67691
9.67691
9.67691
9.67691
9.67691
9.67691
9.67691
9.67691
9.67691
9.67691
9.67691
9.67691
9.67691
9.67691
9.67691
9.67691
9.67691
9.67691
9.67196
9.67196
9.67196
9.67196
9.67196
9.67196
9.67196
9.67196
9.67196
9.67196
9.67196
9.67196
9.67196
9.67196
9.67196
9.67196
9.67196
9.67196
9.67196
9.67196
9.67196
9.67196
9.67196
9.67196
9.67196
9.67196
9.67196
9.67196
9.67196
9.67196
9.67196
9.67196
9.67196
9.67196
9.67196
9.67196
9.67196
9.67196
9.67196
9.67196
9.67196
9.67196
9.67196
9.67196
9.67196
9.67196
9.67196
9.67196
9.67196
9.67196
9.67196
9.67196
9.67196
9.67196
9.67196
9.67029
9.67029
9.67029
9.67029
9.67029
9.67029
9.67029
9.67029
9.67029
9.67029
9.67029
9.67029
9.67029
9.67029
9.67029
9.67029
9.67029
9.67029
9.67029
9.67029
9.67029
9.67029
9.67029
9.67029
9.67029
9.67029
9.67029
9.67029
9.67029
9.67029
9.67029
9.67029
9.67029
9.67029
9.67029
9.67029
9.67029
9.67029
9.67029
9.67029
9.67029
9.67029
9.67029
9.67029
9.67029
9.65935
9.6583
9.6583
9.6583
9.6583
9.6583
9.6583
9.6583
9.6583
9.6583
9.6583
9.6583
9.64075
9.64075
9.64075
9.64075
9.64075
9.64075
9.64075
9.64075
9.64075
9.64075
9.64075
9.64075
9.63546
9.63546
9.63546
9.63546
9.63546
9.63546
9.63546
9.63546
9.63546
9.63546
9.63546
9.63546
9.63546
9.63546
9.63546
9.63546
9.63546
9.63546
9.63546
9.63546
9.62864
9.62864
9.62864
9.62864
9.62864
9.62864
9.62864
9.62864
9.62864
9.62864
9.62864
9.62864
9.62864
9.62864
9.62864
9.62864
9.62864
9.62864
9.62864
9.62864
9.62864
9.62864
9.62864
9.62864
9.62864
9.62864
9.62864
9.62864
9.62864
9.62864
9.62864
9.62864
9.62864
9.62864
9.62864
9.62864
9.62864
9.62864
9.62864
9.62864
9.62864
9.62864
9.62864
9.62864
9.62864
9.62864
9.62864
9.62864
9.62864
9.62864
9.62864
9.62864
9.62864
9.62864
9.62864
9.62864
9.62864
9.62864
9.62864
9.62864
9.62671
9.62172
9.62172
9.62172
9.62172
9.62172
9.62172
9.62172
9.62172
9.62172
9.62172
9.62172
9.62172
9.62172
9.62172
9.62172
9.62172
9.62172
9.62172
9.62172
9.62172
9.62172
9.62172
9.62172
9.62172
9.62172
9.62172
9.62172
9.62172
9.62172
9.62172
9.62172
9.62172
9.62172
9.62172
9.62172
9.62172
9.62172
9.62172
9.62172
9.62172
9.62172
9.62172
9.62172
9.62172
9.62172
9.62172
9.62172
9.62172
9.62172
9.62172
9.62172
9.62172
9.62172
9.62172
9.62172
9.62172
9.62172
9.62172
9.62172
9.62172
9.61633
9.61378
9.61378
9.61378
9.61378
9.61378
9.61378
9.61378
9.61378
9.61378
9.61378
9.61378
9.61378
9.61378
9.61378
9.61378
9.61378
9.61378
9.61378
9.61378
9.61378
9.61378
9.61378
9.61378
9.61378
9.61378
9.61378
9.61378
9.61378
9.61378
9.61378
9.61378
9.61378
9.61378
9.61378
9.61378
9.61378
9.61378
9.61378
9.61378
9.61378
9.61378
9.61378
9.61378
9.61378
9.61378
9.61378
9.61378
9.61378
9.61378
9.61378
9.61378
9.61378
9.61378
9.61378
9.61378
9.61378
9.61378
9.61378
9.61378
9.61378
9.61378
9.61378
9.61378
9.61378
9.61378
9.61378
9.61378
9.61378
9.61378
9.61378
9.61378
9.61378
9.61378
9.61378
9.61378
9.61378
9.61378
9.61378
9.61378
9.61378
9.61378
9.61378
9.61378
9.61378
9.61378
9.61378
9.61378
9.61378
9.61378
9.61378
9.61378
9.61378
9.61378
9.61378
9.61378
9.61378
9.61378
9.61378
9.61378
9.61378
9.61378
9.61378
9.61378
9.61378
9.61378
9.61378
9.61378
9.61378
9.61378
9.61378
9.61378
9.61378
9.61378
9.61378
9.61378
9.61378
9.61378
9.61378
9.61378
9.61378
9.61378
9.61378
9.61378
9.60599
9.60599
9.60599
9.60599
9.60599
9.60599
9.60599
9.60599
9.60599
9.60599
9.60599
9.60599
9.60599
9.60599
9.60599
9.60599
9.60599
9.60599
9.60599
9.60599
9.60599
9.60599
9.60599
9.60599
9.60599
9.60599
9.60599
9.60586
9.60586
9.60586
9.60586
9.60586
9.60586
9.60586
9.60586
9.60586
9.60586
9.60586
9.60586
9.60586
9.60586
9.60586
9.60586
9.60586
9.60586
9.59339
9.59339
9.59339
9.59339
9.59339
9.59339
9.59339
9.59339
9.59339
9.59214
9.59214
9.59214
9.58511
9.58511
9.58511
9.58511
9.58511
9.58511
9.58511
9.58511
9.58511
9.58511
9.58511
9.58511
9.58511
9.58511
9.58511
9.58511
9.58511
9.58511
9.58511
9.58511
9.58511
9.58511
9.58511
9.58511
9.58511
9.58511
9.58511
9.58511
9.58511
9.58511
9.58511
9.58511
9.57966
9.57966
9.57966
9.57966
9.57966
9.57966
9.57966
9.57966
9.57966
9.57966
9.57966
9.57966
9.57966
9.57966
9.57966
9.57966
9.57966
9.57966
9.57966
9.57966
9.57966
9.57966
9.577
9.577
9.577
9.577
9.577
9.577
9.577
9.577
9.577
9.577
9.577
9.577
9.577
9.577
9.577
9.577
9.577
9.577
9.577
9.577
9.577
9.577
9.577
9.577
9.577
9.577
9.577
9.577
9.577
9.577
9.577
9.56923
9.5688
9.5688
9.5688
9.5688
9.5688
9.5688
9.5688
9.5688
9.5688
9.5688
9.5688
9.5688
9.5688
9.5688
9.5688
9.5688
9.5688
9.5688
9.5688
9.5688
9.5688
9.5688
9.5688
9.5688
9.5688
9.5688
9.5688
9.5688
9.5688
9.5688
9.5688
9.5688
9.5688
9.5688
9.5688
9.5688
9.5688
9.5688
9.5688
9.5688
9.5688
9.5688
9.5688
9.5688
9.5688
9.5688
9.5688
9.5688
9.5688
9.5688
9.5688
9.5688
9.5688
9.5688
9.5688
9.5688
9.5688
9.5688
9.5688
9.5688
9.5688
9.5688
9.5688
9.5688
9.5688
9.5688
9.5688
9.5688
9.5688
9.5688
9.5688
9.5688
9.5688
9.56617
9.56617
9.56617
9.56617
9.56617
9.56617
9.56617
9.56617
9.56617
9.56617
9.56617
9.56617
9.56617
9.56617
9.56617
9.56617
9.56617
9.56617
9.56617
9.56617
9.56617
9.56617
9.56617
9.56617
9.56617
9.56617
9.56617
9.56617
9.56617
9.56617
9.56617
9.56617
9.56617
9.56617
9.56617
9.56617
9.56617
9.56617
9.56617
9.56617
9.56617
9.56617
9.56617
9.56617
9.56617
9.56617
9.56617
9.56617
9.56617
9.56617
9.56617
9.56617
9.56617
9.56617
9.56617
9.56617
9.56617
9.56617
9.56617
9.56617
9.56617
9.56617
9.56617
9.56617
9.56617
9.56617
9.56617
9.56617
9.56617
9.56617
9.55384
9.55365
9.55365
9.55365
9.55365
9.55365
9.55365
9.55365
9.55365
9.55365
9.55365
9.55365
9.55365
9.54853
9.54853
9.54853
9.54853
9.54853
9.54853
9.54853
9.54853
9.54853
9.54853
9.54853
9.54853
9.54853
9.54853
9.54853
9.54853
9.54853
9.53362
9.53362
9.53362
9.53362
9.53362
9.53362
9.53362
9.53362
9.53362
9.53362
9.53362
9.53362
9.53362
9.53362
9.53362
9.53362
9.53362
9.53362
9.53362
9.53362
9.53362
9.53362
9.53362
9.53362
9.53362
9.53362
9.53362
9.53362
9.53362
9.53362
9.53362
9.53362
9.53362
9.53362
9.53362
9.53362
9.53362
9.53362
9.53362
9.53362
9.53362
9.53362
9.53362
9.53362
9.53362
9.53362
9.53362
9.53362
9.53362
9.53362
9.53362
9.53362
9.53362
9.53362
9.53362
9.53362
9.53362
9.53362
9.53362
9.53362
9.53362
9.53362
9.53362
9.53362
9.53362
9.53362
9.53362
9.53362
9.53362
9.53362
9.53362
9.53362
9.53362
9.53362
9.53362
9.53362
9.53362
9.53362
9.53362
9.53362
9.53362
9.53362
9.53362
9.53362
9.53362
9.53362
9.53362
9.53362
9.53362
9.53362
9.53362
9.53362
9.53362
9.53362
9.53362
9.53362
9.53362
9.53362
9.53362
9.53362
9.53362
9.53362
9.53362
9.53362
9.53362
9.52518
9.52518
9.52518
9.52518
9.52518
9.52518
9.52518
9.52518
9.52518
9.52518
9.52518
9.52518
9.52518
9.52518
9.52518
9.52518
9.52518
9.52518
9.52518
9.52518
9.52518
9.52518
9.52518
9.52518
9.52518
9.52518
9.52518
9.52518
9.52518
9.52518
9.52518
9.52518
9.52518
9.52518
9.52518
9.52518
9.52518
9.52518
9.52518
9.52518
9.52518
9.52518
9.52518
9.52518
9.52518
9.52518
9.52518
9.52518
9.52518
9.52518
9.52518
9.52518
9.52518
9.52518
9.52518
9.52518
9.52518
9.52518
9.52518
9.52518
9.52518
9.52518
9.52518
9.52518
9.52518
9.52518
9.52518
9.52518
9.52518
9.52518
9.51252
9.51252
9.51252
9.51252
9.51252
9.51252
9.51252
9.51252
9.51252
9.51252
9.51252
9.51252
9.51252
9.51252
9.51252
9.51252
9.51252
9.51252
9.51252
9.51252
9.51252
9.51252
9.51252
9.51252
9.51252
9.51252
9.51252
9.51252
9.51252
9.51252
9.51252
9.51252
9.51252
9.51252
9.51252
9.51252
9.51252
9.51252
9.51252
9.51252
9.51252
9.51252
9.51252
9.51252
9.51252
9.51252
9.51252
9.51252
9.51252
9.51252
9.51252
9.51252
9.51252
9.51252
9.51252
9.51252
9.51252
9.51252
9.51252
9.51252
9.51252
9.51252
9.51252
9.51252
9.51252
9.51252
9.51252
9.51252
9.51252
9.51252
9.51252
9.51252
9.51252
9.51252
9.5027
9.5027
9.5027
9.5027
9.5027
9.5027
9.5027
