2.77176
1.91849
1.85037
1.59671
1.59671
0.632691
0.536152
0.370021
0.358309
0.0865161
0.0672719
0.0406575
0.0315306
0.013121
0.0122519
0.00438017
0.00287904
0.00175828
0.00175828
0.00175828
0.001301
0.000809198
0.000717881
0.000303183
0.000252225
0.000232547
0.000107688
6.9131e-005
3.56287e-005
3.56287e-005
3.49503e-005
1.68722e-005
1.57735e-005
1.57735e-005
4.60641e-006
4.60641e-006
3.00203e-006
3.00203e-006
2.10251e-006
1.89889e-006
1.89549e-006
8.32671e-007
8.32671e-007
6.09118e-007
1.14035e-007
9.56635e-008
7.71098e-008
7.71098e-008
5.40706e-008
5.40706e-008
5.40611e-008
2.12846e-008
1.82807e-008
1.59635e-008
8.93049e-009
3.76587e-009
2.22438e-009
1.65605e-009
8.81582e-010
5.77817e-010
5.13393e-010
4.0038e-010
3.89386e-010
3.78495e-010
3.39256e-010
1.21983e-010
6.47789e-011
5.98193e-011
2.04851e-011
1.68492e-011
1.68492e-011
1.61522e-011
1.36404e-011
6.60606e-012
6.19252e-012
3.18409e-012
2.01453e-012
1.22583e-012
7.22767e-013
3.50442e-013
3.50442e-013
1.72807e-013
1.65701e-013
1.61438e-013
1.04594e-013
2.85663e-014
2.85663e-014
2.35925e-014
2.00398e-014
1.93293e-014
1.5066e-014
1.29344e-014
5.82897e-015
4.40789e-015
4.40789e-015
8.55175e-016
8.55175e-016
1.44633e-016
1.44633e-016
1.44633e-016
1.44633e-016
1.44633e-016
1.44633e-016
1.44633e-016
1.44633e-016
1.44633e-016
1.44633e-016
1.44633e-016
1.44633e-016
1.44633e-016
1.44633e-016
1.44633e-016
1.44633e-016
1.44633e-016
1.44633e-016
1.44633e-016
1.44633e-016
1.44633e-016
1.44633e-016
1.44633e-016
1.44633e-016
1.44633e-016
1.44633e-016
1.44633e-016
1.44633e-016
1.44633e-016
1.44633e-016
1.44633e-016
1.44633e-016
1.44633e-016
1.44633e-016
1.44633e-016
1.44633e-016
1.44633e-016
1.44633e-016
1.44633e-016
1.44633e-016
1.44633e-016
1.44633e-016
1.44633e-016
1.44633e-016
1.44633e-016
1.44633e-016
1.44633e-016
1.44633e-016
1.44633e-016
1.44633e-016
1.44633e-016
1.44633e-016
1.44633e-016
1.44633e-016
1.44633e-016
1.44633e-016
1.44633e-016
1.44633e-016
1.44633e-016
1.44633e-016
1.44633e-016
1.44633e-016
1.44633e-016
1.44633e-016
1.44633e-016
1.44633e-016
1.44633e-016
1.44633e-016
1.44633e-016
1.44633e-016
1.44633e-016
1.44633e-016
1.44633e-016
1.44633e-016
1.44633e-016
1.44633e-016
1.44633e-016
1.44633e-016
1.44633e-016
1.44633e-016
1.44633e-016
1.44633e-016
1.44633e-016
1.44633e-016
1.44633e-016
1.44633e-016
1.44633e-016
1.44633e-016
1.44633e-016
1.44633e-016
1.44633e-016
1.44633e-016
1.44633e-016
1.44633e-016
1.44633e-016
1.44633e-016
1.44633e-016
1.44633e-016
1.44633e-016
1.44633e-016
1.44633e-016
1.44633e-016
1.44633e-016
1.44633e-016
1.44633e-016
1.44633e-016
1.44633e-016
1.44633e-016
1.44633e-016
1.44633e-016
1.44633e-016
1.44633e-016
1.44633e-016
1.44633e-016
1.44633e-016
1.44633e-016
1.44633e-016
1.44633e-016
1.44633e-016
1.44633e-016
1.44633e-016
1.44633e-016
1.44633e-016
1.44633e-016
1.44633e-016
1.44633e-016
1.44633e-016
1.44633e-016
1.44633e-016
1.44633e-016
1.44633e-016
1.44633e-016
1.44633e-016
1.44633e-016
1.44633e-016
1.44633e-016
1.44633e-016
1.44633e-016
1.44633e-016
1.44633e-016
1.44633e-016
1.44633e-016
1.44633e-016
1.44633e-016
1.44633e-016
1.44633e-016
1.44633e-016
1.44633e-016
1.44633e-016
1.44633e-016
1.44633e-016
1.44633e-016
1.44633e-016
1.44633e-016
1.44633e-016
1.44633e-016
1.44633e-016
1.44633e-016
1.44633e-016
1.44633e-016
1.44633e-016
1.44633e-016
1.44633e-016
1.44633e-016
1.44633e-016
1.44633e-016
1.44633e-016
1.44633e-016
1.44633e-016
1.44633e-016
1.44633e-016
1.44633e-016
1.44633e-016
1.44633e-016
1.44633e-016
1.44633e-016
1.44633e-016
1.44633e-016
1.44633e-016
1.44633e-016
1.44633e-016
1.44633e-016
1.44633e-016
1.44633e-016
1.44633e-016
1.44633e-016
1.44633e-016
1.44633e-016
1.44633e-016
1.44633e-016
1.44633e-016
1.44633e-016
1.44633e-016
1.44633e-016
1.44633e-016
1.44633e-016
1.44633e-016
1.44633e-016
1.44633e-016
1.44633e-016
1.44633e-016
1.44633e-016
1.44633e-016
1.44633e-016
1.44633e-016
1.44633e-016
1.44633e-016
1.44633e-016
1.44633e-016
1.44633e-016
1.44633e-016
1.44633e-016
1.44633e-016
1.44633e-016
1.44633e-016
1.44633e-016
1.44633e-016
1.44633e-016
1.44633e-016
1.44633e-016
1.44633e-016
1.44633e-016
1.44633e-016
1.44633e-016
1.44633e-016
1.44633e-016
1.44633e-016
1.44633e-016
1.44633e-016
1.44633e-016
1.44633e-016
1.44633e-016
1.44633e-016
1.44633e-016
1.44633e-016
1.44633e-016
1.44633e-016
1.44633e-016
1.44633e-016
1.44633e-016
1.44633e-016
1.44633e-016
1.44633e-016
1.44633e-016
1.44633e-016
1.44633e-016
1.44633e-016
1.44633e-016
1.44633e-016
1.44633e-016
1.44633e-016
1.44633e-016
1.44633e-016
1.44633e-016
1.44633e-016
1.44633e-016
1.44633e-016
1.44633e-016
1.44633e-016
1.44633e-016
1.44633e-016
1.44633e-016
1.44633e-016
1.44633e-016
1.44633e-016
1.44633e-016
1.44633e-016
1.44633e-016
1.44633e-016
1.44633e-016
1.44633e-016
1.44633e-016
1.44633e-016
1.44633e-016
1.44633e-016
1.44633e-016
1.44633e-016
1.44633e-016
1.44633e-016
1.44633e-016
1.44633e-016
1.44633e-016
1.44633e-016
1.44633e-016
1.44633e-016
1.44633e-016
1.44633e-016
1.44633e-016
1.44633e-016
1.44633e-016
1.44633e-016
1.44633e-016
1.44633e-016
1.44633e-016
1.44633e-016
1.44633e-016
1.44633e-016
1.44633e-016
1.44633e-016
1.44633e-016
1.44633e-016
1.44633e-016
1.44633e-016
1.44633e-016
1.44633e-016
1.44633e-016
1.44633e-016
1.44633e-016
1.44633e-016
1.44633e-016
1.44633e-016
1.44633e-016
1.44633e-016
1.44633e-016
1.44633e-016
1.44633e-016
1.44633e-016
1.44633e-016
1.44633e-016
1.44633e-016
1.44633e-016
1.44633e-016
1.44633e-016
1.44633e-016
1.44633e-016
1.44633e-016
1.44633e-016
1.44633e-016
1.44633e-016
1.44633e-016
1.44633e-016
1.44633e-016
1.44633e-016
1.44633e-016
1.44633e-016
1.44633e-016
1.44633e-016
1.44633e-016
1.44633e-016
1.44633e-016
1.44633e-016
1.44633e-016
1.44633e-016
1.44633e-016
1.44633e-016
1.44633e-016
1.44633e-016
1.44633e-016
1.44633e-016
1.44633e-016
1.44633e-016
1.44633e-016
1.44633e-016
1.44633e-016
1.44633e-016
1.44633e-016
1.44633e-016
1.44633e-016
1.44633e-016
1.44633e-016
1.44633e-016
1.44633e-016
1.44633e-016
1.44633e-016
1.44633e-016
1.44633e-016
1.44633e-016
1.44633e-016
1.44633e-016
1.44633e-016
1.44633e-016
1.44633e-016
1.44633e-016
1.44633e-016
1.44633e-016
1.44633e-016
1.44633e-016
1.44633e-016
1.44633e-016
1.44633e-016
1.44633e-016
1.44633e-016
1.44633e-016
1.44633e-016
1.44633e-016
1.44633e-016
1.44633e-016
1.44633e-016
1.44633e-016
1.44633e-016
1.44633e-016
1.44633e-016
1.44633e-016
1.44633e-016
1.44633e-016
1.44633e-016
1.44633e-016
1.44633e-016
1.44633e-016
1.44633e-016
1.44633e-016
1.44633e-016
1.44633e-016
1.44633e-016
1.44633e-016
1.44633e-016
1.44633e-016
1.44633e-016
1.44633e-016
1.44633e-016
1.44633e-016
1.44633e-016
1.44633e-016
1.44633e-016
1.44633e-016
1.44633e-016
1.44633e-016
1.44633e-016
1.44633e-016
1.44633e-016
1.44633e-016
1.44633e-016
1.44633e-016
1.44633e-016
1.44633e-016
1.44633e-016
1.44633e-016
1.44633e-016
1.44633e-016
1.44633e-016
1.44633e-016
1.44633e-016
1.44633e-016
1.44633e-016
1.44633e-016
1.44633e-016
1.44633e-016
1.44633e-016
1.44633e-016
1.44633e-016
1.44633e-016
1.44633e-016
1.44633e-016
1.44633e-016
1.44633e-016
1.44633e-016
1.44633e-016
1.44633e-016
1.44633e-016
1.44633e-016
1.44633e-016
1.44633e-016
1.44633e-016
1.44633e-016
1.44633e-016
1.44633e-016
1.44633e-016
1.44633e-016
1.44633e-016
1.44633e-016
1.44633e-016
1.44633e-016
1.44633e-016
1.44633e-016
1.44633e-016
1.44633e-016
1.44633e-016
1.44633e-016
1.44633e-016
1.44633e-016
1.44633e-016
1.44633e-016
1.44633e-016
1.44633e-016
1.44633e-016
1.44633e-016
1.44633e-016
1.44633e-016
1.44633e-016
1.44633e-016
1.44633e-016
1.44633e-016
1.44633e-016
1.44633e-016
1.44633e-016
1.44633e-016
1.44633e-016
1.44633e-016
1.44633e-016
1.44633e-016
1.44633e-016
1.44633e-016
1.44633e-016
1.44633e-016
1.44633e-016
1.44633e-016
1.44633e-016
1.44633e-016
1.44633e-016
1.44633e-016
1.44633e-016
1.44633e-016
1.44633e-016
1.44633e-016
1.44633e-016
1.44633e-016
1.44633e-016
1.44633e-016
1.44633e-016
1.44633e-016
1.44633e-016
1.44633e-016
1.44633e-016
1.44633e-016
1.44633e-016
1.44633e-016
1.44633e-016
1.44633e-016
1.44633e-016
1.44633e-016
1.44633e-016
1.44633e-016
1.44633e-016
1.44633e-016
1.44633e-016
1.44633e-016
1.44633e-016
1.44633e-016
1.44633e-016
1.44633e-016
1.44633e-016
1.44633e-016
1.44633e-016
1.44633e-016
1.44633e-016
1.44633e-016
1.44633e-016
1.44633e-016
1.44633e-016
1.44633e-016
1.44633e-016
1.44633e-016
1.44633e-016
1.44633e-016
1.44633e-016
1.44633e-016
1.44633e-016
1.44633e-016
1.44633e-016
1.44633e-016
1.44633e-016
1.44633e-016
1.44633e-016
1.44633e-016
1.44633e-016
1.44633e-016
1.44633e-016
1.44633e-016
1.44633e-016
1.44633e-016
1.44633e-016
1.44633e-016
1.44633e-016
1.44633e-016
1.44633e-016
1.44633e-016
1.44633e-016
1.44633e-016
1.44633e-016
1.44633e-016
1.44633e-016
1.44633e-016
1.44633e-016
1.44633e-016
1.44633e-016
1.44633e-016
1.44633e-016
1.44633e-016
1.44633e-016
1.44633e-016
1.44633e-016
1.44633e-016
1.44633e-016
1.44633e-016
1.44633e-016
1.44633e-016
1.44633e-016
1.44633e-016
1.44633e-016
1.44633e-016
1.44633e-016
1.44633e-016
1.44633e-016
1.44633e-016
1.44633e-016
1.44633e-016
1.44633e-016
1.44633e-016
1.44633e-016
1.44633e-016
1.44633e-016
1.44633e-016
1.44633e-016
1.44633e-016
1.44633e-016
1.44633e-016
1.44633e-016
1.44633e-016
1.44633e-016
1.44633e-016
1.44633e-016
1.44633e-016
1.44633e-016
1.44633e-016
1.44633e-016
1.44633e-016
1.44633e-016
1.44633e-016
1.44633e-016
1.44633e-016
1.44633e-016
1.44633e-016
1.44633e-016
1.44633e-016
1.44633e-016
1.44633e-016
1.44633e-016
1.44633e-016
1.44633e-016
1.44633e-016
1.44633e-016
1.44633e-016
1.44633e-016
1.44633e-016
1.44633e-016
1.44633e-016
1.44633e-016
1.44633e-016
1.44633e-016
1.44633e-016
1.44633e-016
1.44633e-016
1.44633e-016
1.44633e-016
1.44633e-016
1.44633e-016
1.44633e-016
1.44633e-016
1.44633e-016
1.44633e-016
1.44633e-016
1.44633e-016
1.44633e-016
1.44633e-016
1.44633e-016
1.44633e-016
1.44633e-016
1.44633e-016
1.44633e-016
1.44633e-016
1.44633e-016
1.44633e-016
1.44633e-016
1.44633e-016
1.44633e-016
1.44633e-016
1.44633e-016
1.44633e-016
1.44633e-016
1.44633e-016
1.44633e-016
1.44633e-016
1.44633e-016
1.44633e-016
1.44633e-016
1.44633e-016
1.44633e-016
1.44633e-016
1.44633e-016
1.44633e-016
1.44633e-016
1.44633e-016
1.44633e-016
1.44633e-016
1.44633e-016
1.44633e-016
1.44633e-016
1.44633e-016
1.44633e-016
1.44633e-016
1.44633e-016
1.44633e-016
1.44633e-016
1.44633e-016
1.44633e-016
1.44633e-016
1.44633e-016
1.44633e-016
1.44633e-016
1.44633e-016
1.44633e-016
1.44633e-016
1.44633e-016
1.44633e-016
1.44633e-016
1.44633e-016
1.44633e-016
1.44633e-016
1.44633e-016
1.44633e-016
1.44633e-016
1.44633e-016
1.44633e-016
1.44633e-016
1.44633e-016
1.44633e-016
1.44633e-016
1.44633e-016
1.44633e-016
1.44633e-016
1.44633e-016
1.44633e-016
1.44633e-016
1.44633e-016
1.44633e-016
1.44633e-016
1.44633e-016
1.44633e-016
1.44633e-016
1.44633e-016
1.44633e-016
1.44633e-016
1.44633e-016
1.44633e-016
1.44633e-016
1.44633e-016
1.44633e-016
1.44633e-016
1.44633e-016
1.44633e-016
1.44633e-016
1.44633e-016
1.44633e-016
1.44633e-016
1.44633e-016
1.44633e-016
1.44633e-016
1.44633e-016
1.44633e-016
1.44633e-016
1.44633e-016
1.44633e-016
1.44633e-016
1.44633e-016
1.44633e-016
1.44633e-016
1.44633e-016
1.44633e-016
1.44633e-016
1.44633e-016
1.44633e-016
1.44633e-016
1.44633e-016
1.44633e-016
1.44633e-016
1.44633e-016
1.44633e-016
1.44633e-016
1.44633e-016
1.44633e-016
1.44633e-016
1.44633e-016
1.44633e-016
1.44633e-016
1.44633e-016
1.44633e-016
1.44633e-016
1.44633e-016
1.44633e-016
1.44633e-016
1.44633e-016
1.44633e-016
1.44633e-016
1.44633e-016
1.44633e-016
1.44633e-016
1.44633e-016
1.44633e-016
1.44633e-016
1.44633e-016
1.44633e-016
1.44633e-016
1.44633e-016
1.44633e-016
1.44633e-016
1.44633e-016
1.44633e-016
1.44633e-016
1.44633e-016
1.44633e-016
1.44633e-016
1.44633e-016
1.44633e-016
1.44633e-016
1.44633e-016
1.44633e-016
1.44633e-016
1.44633e-016
1.44633e-016
1.44633e-016
1.44633e-016
1.44633e-016
1.44633e-016
1.44633e-016
1.44633e-016
1.44633e-016
1.44633e-016
1.44633e-016
1.44633e-016
1.44633e-016
1.44633e-016
1.44633e-016
1.44633e-016
1.44633e-016
1.44633e-016
1.44633e-016
1.44633e-016
1.44633e-016
1.44633e-016
1.44633e-016
1.44633e-016
1.44633e-016
1.44633e-016
1.44633e-016
1.44633e-016
1.44633e-016
1.44633e-016
1.44633e-016
1.44633e-016
1.44633e-016
1.44633e-016
1.44633e-016
1.44633e-016
1.44633e-016
1.44633e-016
1.44633e-016
1.44633e-016
1.44633e-016
1.44633e-016
1.44633e-016
1.44633e-016
1.44633e-016
1.44633e-016
1.44633e-016
1.44633e-016
1.44633e-016
1.44633e-016
1.44633e-016
1.44633e-016
1.44633e-016
1.44633e-016
1.44633e-016
1.44633e-016
1.44633e-016
1.44633e-016
1.44633e-016
1.44633e-016
1.44633e-016
1.44633e-016
1.44633e-016
1.44633e-016
1.44633e-016
1.44633e-016
1.44633e-016
1.44633e-016
1.44633e-016
1.44633e-016
1.44633e-016
1.44633e-016
1.44633e-016
1.44633e-016
1.44633e-016
1.44633e-016
1.44633e-016
1.44633e-016
1.44633e-016
1.44633e-016
1.44633e-016
1.44633e-016
1.44633e-016
1.44633e-016
1.44633e-016
1.44633e-016
1.44633e-016
1.44633e-016
1.44633e-016
1.44633e-016
1.44633e-016
1.44633e-016
1.44633e-016
1.44633e-016
1.44633e-016
1.44633e-016
1.44633e-016
1.44633e-016
1.44633e-016
1.44633e-016
1.44633e-016
1.44633e-016
1.44633e-016
1.44633e-016
1.44633e-016
1.44633e-016
1.44633e-016
1.44633e-016
1.44633e-016
1.44633e-016
1.44633e-016
1.44633e-016
1.44633e-016
1.44633e-016
1.44633e-016
1.44633e-016
1.44633e-016
1.44633e-016
1.44633e-016
1.44633e-016
1.44633e-016
1.44633e-016
1.44633e-016
1.44633e-016
1.44633e-016
1.44633e-016
1.44633e-016
1.44633e-016
1.44633e-016
1.44633e-016
1.44633e-016
1.44633e-016
1.44633e-016
1.44633e-016
1.44633e-016
1.44633e-016
1.44633e-016
1.44633e-016
1.44633e-016
1.44633e-016
1.44633e-016
1.44633e-016
1.44633e-016
1.44633e-016
1.44633e-016
1.44633e-016
1.44633e-016
1.44633e-016
1.44633e-016
1.44633e-016
1.44633e-016
1.44633e-016
1.44633e-016
1.44633e-016
1.44633e-016
1.44633e-016
1.44633e-016
1.44633e-016
1.44633e-016
1.44633e-016
1.44633e-016
1.44633e-016
1.44633e-016
1.44633e-016
1.44633e-016
1.44633e-016
1.44633e-016
1.44633e-016
1.44633e-016
1.44633e-016
1.44633e-016
1.44633e-016
1.44633e-016
1.44633e-016
1.44633e-016
1.44633e-016
1.44633e-016
1.44633e-016
1.44633e-016
1.44633e-016
1.44633e-016
1.44633e-016
1.44633e-016
1.44633e-016
1.44633e-016
1.44633e-016
1.44633e-016
1.44633e-016
1.44633e-016
1.44633e-016
1.44633e-016
1.44633e-016
1.44633e-016
1.44633e-016
1.44633e-016
1.44633e-016
1.44633e-016
1.44633e-016
1.44633e-016
1.44633e-016
1.44633e-016
1.44633e-016
1.44633e-016
1.44633e-016
1.44633e-016
1.44633e-016
1.44633e-016
1.44633e-016
1.44633e-016
1.44633e-016
1.44633e-016
1.44633e-016
1.44633e-016
1.44633e-016
1.44633e-016
1.44633e-016
1.44633e-016
1.44633e-016
1.44633e-016
1.44633e-016
1.44633e-016
1.44633e-016
1.44633e-016
1.44633e-016
1.44633e-016
1.44633e-016
1.44633e-016
1.44633e-016
1.44633e-016
1.44633e-016
1.44633e-016
1.44633e-016
1.44633e-016
1.44633e-016
1.44633e-016
1.44633e-016
1.44633e-016
1.44633e-016
1.44633e-016
1.44633e-016
1.44633e-016
1.44633e-016
1.44633e-016
1.44633e-016
1.44633e-016
1.44633e-016
1.44633e-016
1.44633e-016
1.44633e-016
1.44633e-016
1.44633e-016
1.44633e-016
1.44633e-016
1.44633e-016
1.44633e-016
1.44633e-016
1.44633e-016
1.44633e-016
1.44633e-016
1.44633e-016
1.44633e-016
1.44633e-016
1.44633e-016
1.44633e-016
1.44633e-016
1.44633e-016
1.44633e-016
1.44633e-016
1.44633e-016
1.44633e-016
1.44633e-016
1.44633e-016
1.44633e-016
1.44633e-016
1.44633e-016
1.44633e-016
1.44633e-016
1.44633e-016
1.44633e-016
1.44633e-016
1.44633e-016
1.44633e-016
1.44633e-016
1.44633e-016
1.44633e-016
1.44633e-016
1.44633e-016
1.44633e-016
1.44633e-016
1.44633e-016
1.44633e-016
1.44633e-016
1.44633e-016
1.44633e-016
1.44633e-016
1.44633e-016
1.44633e-016
1.44633e-016
1.44633e-016
1.44633e-016
1.44633e-016
1.44633e-016
1.44633e-016
1.44633e-016
1.44633e-016
1.44633e-016
1.44633e-016
1.44633e-016
1.44633e-016
1.44633e-016
1.44633e-016
1.44633e-016
1.44633e-016
1.44633e-016
1.44633e-016
1.44633e-016
1.44633e-016
1.44633e-016
1.44633e-016
1.44633e-016
1.44633e-016
1.44633e-016
1.44633e-016
1.44633e-016
1.44633e-016
1.44633e-016
1.44633e-016
1.44633e-016
1.44633e-016
1.44633e-016
1.44633e-016
1.44633e-016
1.44633e-016
1.44633e-016
1.44633e-016
1.44633e-016
1.44633e-016
1.44633e-016
1.44633e-016
1.44633e-016
1.44633e-016
1.44633e-016
1.44633e-016
1.44633e-016
1.44633e-016
1.44633e-016
1.44633e-016
1.44633e-016
1.44633e-016
1.44633e-016
1.44633e-016
1.44633e-016
1.44633e-016
1.44633e-016
1.44633e-016
1.44633e-016
1.44633e-016
1.44633e-016
1.44633e-016
1.44633e-016
1.44633e-016
1.44633e-016
1.44633e-016
1.44633e-016
1.44633e-016
1.44633e-016
1.44633e-016
1.44633e-016
1.44633e-016
1.44633e-016
1.44633e-016
1.44633e-016
1.44633e-016
1.44633e-016
1.44633e-016
1.44633e-016
1.44633e-016
1.44633e-016
1.44633e-016
1.44633e-016
1.44633e-016
1.44633e-016
1.44633e-016
1.44633e-016
1.44633e-016
1.44633e-016
1.44633e-016
1.44633e-016
1.44633e-016
1.44633e-016
1.44633e-016
1.44633e-016
1.44633e-016
1.44633e-016
1.44633e-016
1.44633e-016
1.44633e-016
1.44633e-016
1.44633e-016
1.44633e-016
1.44633e-016
1.44633e-016
1.44633e-016
1.44633e-016
1.44633e-016
1.44633e-016
1.44633e-016
1.44633e-016
1.44633e-016
1.44633e-016
1.44633e-016
1.44633e-016
1.44633e-016
1.44633e-016
1.44633e-016
1.44633e-016
1.44633e-016
1.44633e-016
1.44633e-016
1.44633e-016
1.44633e-016
1.44633e-016
1.44633e-016
1.44633e-016
1.44633e-016
1.44633e-016
1.44633e-016
1.44633e-016
1.44633e-016
1.44633e-016
1.44633e-016
1.44633e-016
1.44633e-016
1.44633e-016
1.44633e-016
1.44633e-016
1.44633e-016
1.44633e-016
1.44633e-016
1.44633e-016
1.44633e-016
1.44633e-016
1.44633e-016
1.44633e-016
1.44633e-016
1.44633e-016
1.44633e-016
1.44633e-016
1.44633e-016
1.44633e-016
1.44633e-016
1.44633e-016
1.44633e-016
1.44633e-016
1.44633e-016
1.44633e-016
1.44633e-016
1.44633e-016
1.44633e-016
1.44633e-016
1.44633e-016
1.44633e-016
1.44633e-016
1.44633e-016
1.44633e-016
1.44633e-016
1.44633e-016
1.44633e-016
1.44633e-016
1.44633e-016
1.44633e-016
1.44633e-016
1.44633e-016
1.44633e-016
1.44633e-016
1.44633e-016
1.44633e-016
1.44633e-016
1.44633e-016
1.44633e-016
1.44633e-016
1.44633e-016
1.44633e-016
1.44633e-016
1.44633e-016
1.44633e-016
1.44633e-016
1.44633e-016
1.44633e-016
1.44633e-016
1.44633e-016
1.44633e-016
1.44633e-016
1.44633e-016
1.44633e-016
1.44633e-016
1.44633e-016
1.44633e-016
1.44633e-016
1.44633e-016
1.44633e-016
1.44633e-016
1.44633e-016
1.44633e-016
1.44633e-016
1.44633e-016
1.44633e-016
1.44633e-016
1.44633e-016
1.44633e-016
1.44633e-016
1.44633e-016
1.44633e-016
1.44633e-016
1.44633e-016
1.44633e-016
1.44633e-016
1.44633e-016
1.44633e-016
1.44633e-016
1.44633e-016
1.44633e-016
1.44633e-016
1.44633e-016
1.44633e-016
1.44633e-016
1.44633e-016
1.44633e-016
1.44633e-016
1.44633e-016
1.44633e-016
1.44633e-016
1.44633e-016
1.44633e-016
1.44633e-016
1.44633e-016
1.44633e-016
1.44633e-016
1.44633e-016
1.44633e-016
1.44633e-016
1.44633e-016
1.44633e-016
1.44633e-016
1.44633e-016
1.44633e-016
1.44633e-016
1.44633e-016
1.44633e-016
1.44633e-016
1.44633e-016
1.44633e-016
1.44633e-016
1.44633e-016
1.44633e-016
1.44633e-016
1.44633e-016
1.44633e-016
1.44633e-016
1.44633e-016
1.44633e-016
1.44633e-016
1.44633e-016
1.44633e-016
1.44633e-016
1.44633e-016
1.44633e-016
1.44633e-016
1.44633e-016
1.44633e-016
1.44633e-016
1.44633e-016
1.44633e-016
1.44633e-016
1.44633e-016
1.44633e-016
1.44633e-016
1.44633e-016
1.44633e-016
1.44633e-016
1.44633e-016
1.44633e-016
1.44633e-016
1.44633e-016
1.44633e-016
1.44633e-016
1.44633e-016
1.44633e-016
1.44633e-016
1.44633e-016
1.44633e-016
1.44633e-016
1.44633e-016
1.44633e-016
1.44633e-016
1.44633e-016
1.44633e-016
1.44633e-016
1.44633e-016
1.44633e-016
1.44633e-016
1.44633e-016
1.44633e-016
1.44633e-016
1.44633e-016
1.44633e-016
1.44633e-016
1.44633e-016
1.44633e-016
1.44633e-016
1.44633e-016
1.44633e-016
1.44633e-016
1.44633e-016
1.44633e-016
1.44633e-016
1.44633e-016
1.44633e-016
1.44633e-016
1.44633e-016
1.44633e-016
1.44633e-016
1.44633e-016
1.44633e-016
1.44633e-016
1.44633e-016
1.44633e-016
1.44633e-016
1.44633e-016
1.44633e-016
1.44633e-016
1.44633e-016
1.44633e-016
1.44633e-016
1.44633e-016
1.44633e-016
1.44633e-016
1.44633e-016
1.44633e-016
1.44633e-016
1.44633e-016
1.44633e-016
1.44633e-016
1.44633e-016
1.44633e-016
1.44633e-016
1.44633e-016
1.44633e-016
1.44633e-016
1.44633e-016
1.44633e-016
1.44633e-016
1.44633e-016
1.44633e-016
1.44633e-016
1.44633e-016
1.44633e-016
1.44633e-016
1.44633e-016
1.44633e-016
1.44633e-016
1.44633e-016
1.44633e-016
1.44633e-016
1.44633e-016
1.44633e-016
1.44633e-016
1.44633e-016
1.44633e-016
1.44633e-016
1.44633e-016
1.44633e-016
1.44633e-016
1.44633e-016
1.44633e-016
1.44633e-016
1.44633e-016
1.44633e-016
1.44633e-016
1.44633e-016
1.44633e-016
1.44633e-016
1.44633e-016
1.44633e-016
1.44633e-016
1.44633e-016
1.44633e-016
1.44633e-016
1.44633e-016
1.44633e-016
1.44633e-016
1.44633e-016
1.44633e-016
1.44633e-016
1.44633e-016
1.44633e-016
1.44633e-016
1.44633e-016
1.44633e-016
1.44633e-016
1.44633e-016
1.44633e-016
1.44633e-016
1.44633e-016
1.44633e-016
1.44633e-016
1.44633e-016
1.44633e-016
1.44633e-016
1.44633e-016
1.44633e-016
1.44633e-016
1.44633e-016
1.44633e-016
1.44633e-016
1.44633e-016
1.44633e-016
1.44633e-016
1.44633e-016
1.44633e-016
1.44633e-016
1.44633e-016
1.44633e-016
1.44633e-016
1.44633e-016
1.44633e-016
1.44633e-016
1.44633e-016
1.44633e-016
1.44633e-016
1.44633e-016
1.44633e-016
1.44633e-016
1.44633e-016
1.44633e-016
1.44633e-016
1.44633e-016
1.44633e-016
1.44633e-016
1.44633e-016
1.44633e-016
1.44633e-016
1.44633e-016
1.44633e-016
1.44633e-016
1.44633e-016
1.44633e-016
1.44633e-016
1.44633e-016
1.44633e-016
1.44633e-016
1.44633e-016
1.44633e-016
1.44633e-016
1.44633e-016
1.44633e-016
1.44633e-016
1.44633e-016
1.44633e-016
1.44633e-016
1.44633e-016
1.44633e-016
1.44633e-016
1.44633e-016
1.44633e-016
1.44633e-016
1.44633e-016
1.44633e-016
1.44633e-016
1.44633e-016
1.44633e-016
1.44633e-016
1.44633e-016
1.44633e-016
1.44633e-016
1.44633e-016
1.44633e-016
1.44633e-016
1.44633e-016
1.44633e-016
1.44633e-016
1.44633e-016
1.44633e-016
1.44633e-016
1.44633e-016
1.44633e-016
1.44633e-016
1.44633e-016
1.44633e-016
1.44633e-016
1.44633e-016
1.44633e-016
1.44633e-016
1.44633e-016
1.44633e-016
1.44633e-016
1.44633e-016
1.44633e-016
1.44633e-016
1.44633e-016
1.44633e-016
1.44633e-016
1.44633e-016
1.44633e-016
1.44633e-016
1.44633e-016
1.44633e-016
1.44633e-016
1.44633e-016
1.44633e-016
1.44633e-016
1.44633e-016
1.44633e-016
1.44633e-016
1.44633e-016
1.44633e-016
1.44633e-016
1.44633e-016
1.44633e-016
1.44633e-016
1.44633e-016
1.44633e-016
1.44633e-016
1.44633e-016
1.44633e-016
1.44633e-016
1.44633e-016
1.44633e-016
1.44633e-016
1.44633e-016
1.44633e-016
1.44633e-016
1.44633e-016
1.44633e-016
1.44633e-016
1.44633e-016
1.44633e-016
1.44633e-016
1.44633e-016
1.44633e-016
1.44633e-016
1.44633e-016
1.44633e-016
1.44633e-016
1.44633e-016
1.44633e-016
1.44633e-016
1.44633e-016
1.44633e-016
1.44633e-016
1.44633e-016
1.44633e-016
1.44633e-016
1.44633e-016
1.44633e-016
1.44633e-016
1.44633e-016
1.44633e-016
1.44633e-016
1.44633e-016
1.44633e-016
1.44633e-016
1.44633e-016
1.44633e-016
1.44633e-016
1.44633e-016
1.44633e-016
1.44633e-016
1.44633e-016
1.44633e-016
1.44633e-016
1.44633e-016
1.44633e-016
1.44633e-016
1.44633e-016
1.44633e-016
1.44633e-016
1.44633e-016
1.44633e-016
1.44633e-016
1.44633e-016
1.44633e-016
1.44633e-016
1.44633e-016
1.44633e-016
1.44633e-016
1.44633e-016
1.44633e-016
1.44633e-016
1.44633e-016
1.44633e-016
1.44633e-016
1.44633e-016
1.44633e-016
1.44633e-016
1.44633e-016
1.44633e-016
1.44633e-016
1.44633e-016
1.44633e-016
1.44633e-016
1.44633e-016
1.44633e-016
1.44633e-016
1.44633e-016
1.44633e-016
1.44633e-016
1.44633e-016
1.44633e-016
1.44633e-016
1.44633e-016
1.44633e-016
1.44633e-016
1.44633e-016
1.44633e-016
1.44633e-016
1.44633e-016
1.44633e-016
1.44633e-016
1.44633e-016
1.44633e-016
1.44633e-016
1.44633e-016
1.44633e-016
1.44633e-016
1.44633e-016
1.44633e-016
1.44633e-016
1.44633e-016
1.44633e-016
1.44633e-016
1.44633e-016
1.44633e-016
1.44633e-016
1.44633e-016
1.44633e-016
1.44633e-016
1.44633e-016
1.44633e-016
1.44633e-016
1.44633e-016
1.44633e-016
1.44633e-016
1.44633e-016
1.44633e-016
1.44633e-016
1.44633e-016
1.44633e-016
1.44633e-016
1.44633e-016
1.44633e-016
1.44633e-016
1.44633e-016
1.44633e-016
1.44633e-016
1.44633e-016
1.44633e-016
1.44633e-016
1.44633e-016
1.44633e-016
1.44633e-016
1.44633e-016
1.44633e-016
1.44633e-016
1.44633e-016
1.44633e-016
1.44633e-016
1.44633e-016
1.44633e-016
1.44633e-016
1.44633e-016
1.44633e-016
1.44633e-016
1.44633e-016
1.44633e-016
1.44633e-016
1.44633e-016
1.44633e-016
1.44633e-016
1.44633e-016
1.44633e-016
1.44633e-016
1.44633e-016
1.44633e-016
1.44633e-016
1.44633e-016
1.44633e-016
1.44633e-016
1.44633e-016
1.44633e-016
1.44633e-016
1.44633e-016
1.44633e-016
1.44633e-016
1.44633e-016
1.44633e-016
1.44633e-016
1.44633e-016
1.44633e-016
1.44633e-016
1.44633e-016
1.44633e-016
1.44633e-016
1.44633e-016
1.44633e-016
1.44633e-016
1.44633e-016
1.44633e-016
1.44633e-016
1.44633e-016
1.44633e-016
1.44633e-016
1.44633e-016
1.44633e-016
1.44633e-016
1.44633e-016
1.44633e-016
1.44633e-016
1.44633e-016
1.44633e-016
1.44633e-016
1.44633e-016
1.44633e-016
1.44633e-016
1.44633e-016
1.44633e-016
1.44633e-016
1.44633e-016
1.44633e-016
1.44633e-016
1.44633e-016
1.44633e-016
1.44633e-016
1.44633e-016
1.44633e-016
1.44633e-016
1.44633e-016
1.44633e-016
1.44633e-016
1.44633e-016
1.44633e-016
1.44633e-016
1.44633e-016
1.44633e-016
1.44633e-016
1.44633e-016
1.44633e-016
1.44633e-016
1.44633e-016
1.44633e-016
1.44633e-016
1.44633e-016
1.44633e-016
1.44633e-016
1.44633e-016
1.44633e-016
1.44633e-016
1.44633e-016
1.44633e-016
1.44633e-016
1.44633e-016
1.44633e-016
1.44633e-016
1.44633e-016
1.44633e-016
1.44633e-016
1.44633e-016
1.44633e-016
1.44633e-016
1.44633e-016
1.44633e-016
1.44633e-016
1.44633e-016
1.44633e-016
1.44633e-016
1.44633e-016
1.44633e-016
1.44633e-016
1.44633e-016
1.44633e-016
1.44633e-016
1.44633e-016
1.44633e-016
1.44633e-016
1.44633e-016
1.44633e-016
1.44633e-016
1.44633e-016
1.44633e-016
1.44633e-016
1.44633e-016
1.44633e-016
1.44633e-016
1.44633e-016
1.44633e-016
1.44633e-016
