918.759
47593.9
40603.6
36730.3
32926.1
30140.9
26350.8
24297.3
22031.6
19986.9
18092.4
16749.4
15366.6
14136.5
13081.8
11954.1
10706.6
9858.69
8957.82
8379.34
7643
6976.98
6193.98
5821.98
5338.06
4766.94
4446.62
3940.66
3489.15
3240.76
2996.48
2790.04
2561.47
2351.6
2150.87
1910.97
1768.45
1608.06
1454.98
1348.12
1239.29
1133.73
1042.28
961.138
877.416
813.904
736.025
686.918
635.737
572.323
536.167
473.825
427.679
395.377
365.587
333.754
310.353
288.56
264.269
241.999
221.984
205.142
189.012
174.554
158.724
143.867
132.091
119.522
108.972
102.287
91.9261
84.8365
78.6739
71.8015
64.8581
60.502
55.9764
50.8611
46.4575
42.4006
38.593
35.0417
32.3135
29.8346
27.7383
25.5251
22.7895
20.1335
18.9985
17.4123
16.2639
14.9563
13.5278
12.6467
11.87
10.6063
9.78615
9.13804
8.33488
7.64548
7.11711
6.51961
6.03006
5.43699
5.03136
4.5167
4.2086
3.87515
3.57563
3.20885
3.03107
2.74199
2.52876
2.35472
2.08385
1.89801
1.78485
1.67237
1.5324
1.37474
1.25194
1.17755
1.06748
0.997046
0.914732
0.840195
0.770636
0.697512
0.653136
0.59779
0.538539
0.494988
0.449195
0.414728
0.386463
0.352224
0.329522
0.304725
0.277698
0.259194
0.232324
0.21464
0.197664
0.180555
0.16517
0.153792
0.141785
0.134125
0.123675
0.112468
0.102917
0.094335
0.0859403
0.0799797
0.0726725
0.0666559
0.0617883
0.0568894
0.0526512
0.0470297
0.0423071
0.0392605
0.0367905
0.0342589
0.0319758
0.0302252
0.0275482
0.0254734
0.022425
0.0208633
0.0186831
0.0171813
0.0156993
0.0140812
0.0128913
0.0118529
0.0108667
0.00995763
0.00911695
0.00864225
0.00797121
0.0071029
0.00672682
0.00626385
0.005521
0.00499257
0.00468997
0.00434689
0.00389585
0.00362009
0.00330833
0.00297836
0.00279047
0.00262062
0.00244246
0.00223679
0.00207037
0.00191446
0.00177474
0.00162034
0.00147372
0.0013813
0.00130746
0.00120434
0.00109139
0.00103527
0.000951318
0.000848399
0.000776833
0.000719872
0.000658
0.000608671
0.000542425
0.00050174
0.000460123
0.000414946
0.000390297
0.000373696
0.00034321
0.000319546
0.000292531
0.000266376
0.000241842
0.000223541
0.000207686
0.000189707
0.000168745
0.000154332
0.000141726
0.000130048
0.000119359
0.000112004
0.000102434
9.04171e-05
8.6071e-05
7.57667e-05
7.00161e-05
6.31241e-05
5.87768e-05
5.34951e-05
4.86392e-05
4.45336e-05
4.20471e-05
3.73382e-05
3.51734e-05
3.19366e-05
2.92531e-05
2.80829e-05
2.58815e-05
2.40614e-05
2.18584e-05
2.02541e-05
1.88633e-05
1.7671e-05
1.65695e-05
1.51665e-05
1.3838e-05
1.24574e-05
1.11541e-05
1.01614e-05
9.52895e-06
8.69132e-06
8.15996e-06
7.59319e-06
7.05935e-06
6.51715e-06
6.05988e-06
5.66489e-06
5.24796e-06
4.79419e-06
4.20766e-06
3.85975e-06
3.62581e-06
3.35807e-06
3.06431e-06
2.78632e-06
2.56345e-06
2.40216e-06
2.12619e-06
1.97777e-06
1.82614e-06
1.6877e-06
1.51571e-06
1.4304e-06
1.32805e-06
1.19201e-06
1.05164e-06
9.88113e-07
9.09837e-07
8.36335e-07
7.67818e-07
7.12435e-07
6.51715e-07
6.04264e-07
5.55441e-07
5.06722e-07
4.6025e-07
4.19358e-07
3.92131e-07
3.59275e-07
3.29227e-07
3.12519e-07
2.74405e-07
2.50368e-07
2.35103e-07
2.11677e-07
1.98589e-07
1.82483e-07
1.72642e-07
1.57866e-07
1.43894e-07
1.33316e-07
1.21352e-07
1.14253e-07
1.07028e-07
9.41471e-08
8.7286e-08
8.11648e-08
7.56677e-08
6.85701e-08
6.33998e-08
5.82137e-08
5.44754e-08
5.09765e-08
4.5204e-08
4.08088e-08
3.81967e-08
3.62087e-08
3.18289e-08
2.94748e-08
2.66667e-08
2.50903e-08
2.37871e-08
2.23325e-08
2.10135e-08
1.93479e-08
1.69187e-08
1.52639e-08
1.44316e-08
1.25901e-08
1.15874e-08
1.08539e-08
1.02423e-08
9.33257e-09
8.34076e-09
7.81901e-09
7.33725e-09
6.71954e-09
6.38424e-09
5.93459e-09
5.50694e-09
4.81949e-09
4.3498e-09
4.0789e-09
3.82979e-09
3.51502e-09
3.35297e-09
3.02201e-09
2.80398e-09
2.62454e-09
2.45404e-09
2.29545e-09
1.96788e-09
1.81703e-09
1.74104e-09
1.58107e-09
1.47163e-09
1.30907e-09
1.18484e-09
1.05748e-09
1.00513e-09
9.56223e-10
8.7304e-10
8.032e-10
7.02306e-10
6.54148e-10
5.90532e-10
5.48063e-10
5.03525e-10
4.63306e-10
4.27675e-10
3.82241e-10
3.51915e-10
3.30457e-10
2.95528e-10
2.68403e-10
2.4851e-10
2.36461e-10
2.13634e-10
2.04073e-10
1.75789e-10
1.665e-10
1.55849e-10
1.46059e-10
1.33146e-10
1.21697e-10
1.1251e-10
1.01554e-10
9.47708e-11
8.76554e-11
7.90277e-11
6.95567e-11
5.98225e-11
5.68026e-11
5.18047e-11
4.91489e-11
4.61783e-11
4.16974e-11
3.96151e-11
3.66534e-11
3.44016e-11
3.0089e-11
2.78293e-11
2.5532e-11
2.35627e-11
2.24061e-11
2.0905e-11
1.90638e-11
1.66039e-11
1.55706e-11
1.45762e-11
1.38224e-11
1.31937e-11
1.20265e-11
1.10657e-11
9.71003e-12
8.77057e-12
8.06372e-12
7.53613e-12
6.95415e-12
6.12935e-12
5.85655e-12
5.50773e-12
4.99686e-12
4.74434e-12
4.14634e-12
3.86229e-12
3.38354e-12
3.05004e-12
2.78755e-12
2.56894e-12
2.38935e-12
2.29367e-12
2.0008e-12
1.87838e-12
1.79613e-12
1.67739e-12
1.48425e-12
1.38359e-12
1.22403e-12
1.17793e-12
1.10346e-12
9.61977e-13
8.90918e-13
8.21859e-13
7.35555e-13
7.07889e-13
6.39905e-13
5.75024e-13
5.14017e-13
4.78905e-13
4.50655e-13
4.25471e-13
3.66866e-13
3.48492e-13
3.13473e-13
2.94003e-13
2.76697e-13
2.53447e-13
2.40843e-13
2.21194e-13
2.07117e-13
1.87045e-13
1.6805e-13
1.53638e-13
1.46655e-13
1.34136e-13
1.25753e-13
1.11182e-13
1.03664e-13
9.56806e-14
9.18649e-14
7.86314e-14
7.15715e-14
6.69447e-14
5.90823e-14
5.56552e-14
5.24032e-14
4.65066e-14
4.14483e-14
3.85778e-14
3.46037e-14
3.12396e-14
2.8853e-14
2.65037e-14
2.47644e-14
2.2085e-14
2.03605e-14
1.94536e-14
1.78057e-14
1.57133e-14
1.41467e-14
1.29804e-14
1.22364e-14
1.15241e-14
1.09268e-14
1.00079e-14
8.83601e-15
7.80355e-15
7.33653e-15
6.65019e-15
6.15364e-15
5.88355e-15
5.45757e-15
5.09754e-15
4.48667e-15
4.28656e-15
3.88024e-15
3.61166e-15
3.44335e-15
3.05896e-15
2.80166e-15
2.58851e-15
2.42335e-15
2.30571e-15
2.16892e-15
1.90565e-15
1.69068e-15
1.56117e-15
1.43351e-15
1.25021e-15
1.16415e-15
1.09677e-15
1.05322e-15
9.52915e-16
8.67109e-16
8.08737e-16
7.3364e-16
6.8039e-16
6.18604e-16
5.84118e-16
5.30406e-16
4.73126e-16
4.18944e-16
3.98053e-16
3.61335e-16
3.29672e-16
3.12931e-16
2.76761e-16
2.52356e-16
2.44231e-16
2.23963e-16
2.09967e-16
1.81242e-16
1.59483e-16
1.50148e-16
1.36243e-16
1.27321e-16
1.19943e-16
1.09517e-16
1.01896e-16
9.77467e-17
8.65307e-17
7.66049e-17
7.20986e-17
6.88713e-17
6.30704e-17
5.9003e-17
5.24419e-17
4.50704e-17
4.26957e-17
3.96921e-17
3.52902e-17
3.24433e-17
2.92436e-17
2.68217e-17
2.40973e-17
2.21329e-17
2.04925e-17
1.86647e-17
1.77139e-17
1.64167e-17
1.41108e-17
1.29406e-17
1.21234e-17
1.14535e-17
1.02323e-17
9.54548e-18
8.92314e-18
8.15517e-18
7.59324e-18
6.74335e-18
6.08949e-18
5.44917e-18
4.9558e-18
4.56992e-18
4.06842e-18
3.68154e-18
3.51578e-18
3.23855e-18
3.01692e-18
2.75852e-18
2.58789e-18
2.29943e-18
2.13049e-18
1.93112e-18
1.80233e-18
1.6305e-18
1.53487e-18
1.39497e-18
1.27501e-18
1.18504e-18
1.09279e-18
1.01461e-18
9.24395e-19
8.37428e-19
7.68714e-19
6.95764e-19
6.60399e-19
6.04763e-19
5.47058e-19
5.02755e-19
4.59228e-19
4.05909e-19
3.85081e-19
3.42887e-19
3.11671e-19
2.93139e-19
2.73744e-19
2.52117e-19
2.28186e-19
2.15999e-19
1.93595e-19
1.76682e-19
1.66461e-19
1.503e-19
1.38234e-19
1.24913e-19
1.16018e-19
1.04894e-19
9.65545e-20
8.78433e-20
7.9907e-20
7.52758e-20
6.72496e-20
6.05834e-20
5.4153e-20
4.92408e-20
4.5732e-20
4.22087e-20
3.84096e-20
3.62217e-20
3.34861e-20
3.08635e-20
2.88793e-20
2.60177e-20
2.39313e-20
2.13523e-20
1.97314e-20
1.79795e-20
1.65613e-20
1.4946e-20
1.38805e-20
1.21612e-20
1.11431e-20
1.02509e-20
9.43489e-21
8.82933e-21
8.13093e-21
7.20616e-21
6.84101e-21
6.24514e-21
5.84738e-21
5.38376e-21
5.00823e-21
4.60586e-21
4.29983e-21
4.03338e-21
3.68262e-21
3.2108e-21
2.97387e-21
2.7614e-21
2.43876e-21
2.32917e-21
2.10177e-21
1.93327e-21
1.75741e-21
1.64323e-21
1.50085e-21
1.40052e-21
1.30047e-21
1.14288e-21
1.08279e-21
9.75626e-22
8.75375e-22
7.95317e-22
7.32031e-22
6.66897e-22
6.0575e-22
5.65713e-22
4.9223e-22
4.53283e-22
4.33959e-22
4.06652e-22
3.78573e-22
3.57318e-22
3.27091e-22
2.97954e-22
2.75798e-22
2.52365e-22
2.28178e-22
2.14264e-22
2.00973e-22
1.81321e-22
1.68162e-22
1.53088e-22
1.40243e-22
1.24399e-22
1.17719e-22
1.05878e-22
1.01254e-22
9.62365e-23
8.54789e-23
8.00223e-23
7.50517e-23
6.74524e-23
6.23912e-23
5.79578e-23
5.2596e-23
4.71817e-23
4.36503e-23
3.97002e-23
3.75848e-23
3.48727e-23
3.12361e-23
2.90024e-23
2.70814e-23
2.48436e-23
2.28601e-23
2.10594e-23
1.98264e-23
1.73491e-23
1.64104e-23
1.49824e-23
1.39117e-23
1.2302e-23
1.157e-23
1.06249e-23
9.90976e-24
9.36471e-24
8.75847e-24
8.06491e-24
7.46552e-24
7.05626e-24
6.1962e-24
5.77031e-24
5.1488e-24
4.80983e-24
4.44833e-24
3.98589e-24
3.61367e-24
3.27797e-24
3.01424e-24
2.8085e-24
2.59601e-24
2.38445e-24
2.15456e-24
1.98178e-24
1.8583e-24
1.69015e-24
1.5405e-24
1.44115e-24
1.30598e-24
1.15912e-24
1.03319e-24
9.27427e-25
8.72458e-25
8.07868e-25
7.27339e-25
6.73461e-25
6.26098e-25
5.86599e-25
5.40634e-25
5.11289e-25
4.70051e-25
4.34256e-25
3.91921e-25
3.66582e-25
3.39014e-25
3.13514e-25
2.87781e-25
2.73215e-25
2.48189e-25
2.3358e-25
2.0993e-25
1.94327e-25
1.76995e-25
1.6611e-25
1.49309e-25
1.39092e-25
1.27781e-25
1.17007e-25
1.03835e-25
9.4855e-26
8.78217e-26
8.13149e-26
7.31137e-26
6.7272e-26
6.13652e-26
5.89646e-26
5.47435e-26
4.95635e-26
4.47306e-26
4.14138e-26
3.78055e-26
3.38435e-26
3.20066e-26
3.06061e-26
2.75916e-26
2.48864e-26
2.33188e-26
2.06786e-26
1.87548e-26
1.67562e-26
1.54054e-26
1.44388e-26
1.34474e-26
1.26566e-26
1.16481e-26
1.02669e-26
9.59758e-27
8.82309e-27
8.28868e-27
7.55083e-27
6.56962e-27
6.06243e-27
5.37425e-27
5.12963e-27
4.80327e-27
4.55191e-27
3.94811e-27
3.62693e-27
3.47914e-27
3.22979e-27
2.95899e-27
2.78395e-27
2.5044e-27
2.37315e-27
2.05031e-27
1.90386e-27
1.77738e-27
1.69752e-27
1.5471e-27
1.42612e-27
1.28019e-27
1.2349e-27
1.10111e-27
9.91133e-28
9.31425e-28
8.55066e-28
7.92709e-28
7.36273e-28
6.56835e-28
5.96652e-28
5.30164e-28
4.86048e-28
4.21721e-28
3.8654e-28
3.61305e-28
3.35873e-28
3.14398e-28
2.92861e-28
2.77586e-28
2.51931e-28
2.40447e-28
2.14889e-28
1.99211e-28
1.85447e-28
1.68837e-28
1.5337e-28
1.40365e-28
1.25442e-28
1.1677e-28
1.0998e-28
1.04012e-28
9.24693e-29
8.56258e-29
7.9329e-29
7.11148e-29
6.63521e-29
6.02106e-29
5.47372e-29
5.15906e-29
4.83788e-29
4.39722e-29
4.09499e-29
3.79128e-29
3.6323e-29
3.29712e-29
3.01448e-29
2.73893e-29
2.58164e-29
2.35699e-29
2.25129e-29
2.08004e-29
1.91556e-29
1.74379e-29
1.65344e-29
1.50718e-29
1.43322e-29
1.34568e-29
1.21274e-29
1.10805e-29
1.06557e-29
9.61803e-30
9.0828e-30
7.95183e-30
7.01315e-30
6.45001e-30
6.0585e-30
5.41343e-30
4.9563e-30
4.37768e-30
4.09856e-30
3.85514e-30
3.55147e-30
3.29236e-30
3.10485e-30
2.92665e-30
2.70965e-30
2.32496e-30
2.17304e-30
2.03667e-30
1.83733e-30
1.65479e-30
1.52894e-30
1.44414e-30
1.2728e-30
1.14955e-30
1.11267e-30
1.03319e-30
9.13485e-31
8.51751e-31
7.20371e-31
6.50966e-31
5.9973e-31
5.60535e-31
4.76588e-31
4.48238e-31
4.14226e-31
3.82941e-31
3.55489e-31
3.34358e-31
3.13599e-31
2.71657e-31
2.46769e-31
2.34427e-31
2.22367e-31
1.9978e-31
1.89782e-31
1.79636e-31
1.66266e-31
1.59691e-31
1.39672e-31
1.3191e-31
1.1817e-31
1.12766e-31
1.07844e-31
1.02881e-31
9.13868e-32
8.45766e-32
8.09908e-32
7.34993e-32
6.56935e-32
6.01062e-32
5.4405e-32
5.06409e-32
4.63134e-32
4.36495e-32
4.06502e-32
3.41213e-32
3.09317e-32
2.95125e-32
2.69959e-32
2.46967e-32
2.31319e-32
2.11274e-32
1.95403e-32
1.82102e-32
1.66779e-32
1.5216e-32
1.41052e-32
1.3104e-32
1.21508e-32
1.09759e-32
1.055e-32
9.07636e-33
8.27788e-33
7.91889e-33
6.93673e-33
6.51978e-33
6.00793e-33
5.75563e-33
5.00929e-33
4.47552e-33
3.82715e-33
3.58359e-33
3.40039e-33
3.13215e-33
2.86262e-33
2.76757e-33
2.43195e-33
2.16174e-33
2.10133e-33
1.91173e-33
1.78733e-33
1.67812e-33
1.53646e-33
1.39723e-33
1.16303e-33
1.13227e-33
1.06018e-33
9.58262e-34
9.25292e-34
8.63498e-34
8.39608e-34
7.58916e-34
6.73845e-34
6.22221e-34
5.91427e-34
5.17583e-34
4.74601e-34
4.6187e-34
4.22289e-34
3.92582e-34
3.43212e-34
3.24719e-34
2.808e-34
2.69676e-34
2.48161e-34
2.25328e-34
2.16699e-34
1.93651e-34
1.74857e-34
1.49959e-34
1.40012e-34
1.33809e-34
1.25309e-34
1.11144e-34
1.01439e-34
8.87306e-35
8.51094e-35
7.43032e-35
7.05651e-35
6.45385e-35
6.10962e-35
5.52701e-35
5.01838e-35
4.47999e-35
4.26959e-35
3.66678e-35
3.31427e-35
2.96285e-35
2.70766e-35
2.58071e-35
2.42174e-35
2.17789e-35
1.97087e-35
1.82314e-35
1.65298e-35
1.5141e-35
1.39533e-35
1.28737e-35
1.20764e-35
1.12471e-35
9.79599e-36
9.29144e-36
8.28998e-36
7.61514e-36
6.7969e-36
6.19858e-36
5.98247e-36
5.46966e-36
5.04399e-36
4.61368e-36
4.25461e-36
4.05167e-36
3.83247e-36
3.44479e-36
3.23524e-36
3.0698e-36
2.82325e-36
2.42936e-36
2.29289e-36
2.0268e-36
1.89306e-36
1.72124e-36
1.6268e-36
1.46966e-36
1.39269e-36
1.26869e-36
1.22207e-36
1.12484e-36
9.90823e-37
9.32203e-37
8.57544e-37
7.81564e-37
7.51846e-37
6.94999e-37
6.61505e-37
6.26466e-37
5.47449e-37
4.96449e-37
4.19244e-37
3.73075e-37
3.4659e-37
3.32876e-37
2.97907e-37
2.81907e-37
2.58874e-37
2.47643e-37
2.1757e-37
2.00985e-37
1.79784e-37
1.68273e-37
1.57697e-37
1.45885e-37
1.31348e-37
1.21438e-37
1.15134e-37
1.06786e-37
1.01142e-37
9.56748e-38
9.00743e-38
8.36807e-38
7.80891e-38
7.1713e-38
6.52573e-38
6.17955e-38
5.55332e-38
4.74239e-38
4.49082e-38
4.2695e-38
3.96191e-38
3.65159e-38
3.4537e-38
3.20139e-38
3.01228e-38
2.87917e-38
2.63629e-38
2.45774e-38
2.32694e-38
2.15647e-38
1.98008e-38
1.91286e-38
1.82413e-38
1.61361e-38
1.5316e-38
1.46e-38
1.342e-38
1.28313e-38
1.16437e-38
1.07959e-38
1.04606e-38
9.58777e-39
7.32461e-39
5.72953e-39
5.04792e-39
4.39966e-39
4.11043e-39
3.6602e-39
3.48654e-39
3.14433e-39
2.94601e-39
2.52839e-39
2.45432e-39
2.16725e-39
2.01352e-39
1.92064e-39
1.67759e-39
1.5764e-39
1.44069e-39
1.32851e-39
1.26995e-39
1.1415e-39
1.08584e-39
9.62694e-40
9.24237e-40
8.30244e-40
7.61877e-40
6.91628e-40
6.0861e-40
5.81982e-40
5.46972e-40
5.26726e-40
4.98245e-40
4.65897e-40
4.32924e-40
3.89778e-40
3.66852e-40
3.31081e-40
3.12341e-40
2.91935e-40
2.71765e-40
2.38542e-40
2.28845e-40
2.03414e-40
1.86789e-40
1.77727e-40
1.68116e-40
1.39315e-40
1.25136e-40
1.20546e-40
1.00405e-40
9.30279e-41
8.51172e-41
6.84338e-41
6.54097e-41
6.15973e-41
5.80996e-41
5.36342e-41
4.9305e-41
4.53387e-41
4.23471e-41
3.99314e-41
3.7409e-41
3.46273e-41
3.11686e-41
3.01329e-41
2.83407e-41
2.57177e-41
2.39212e-41
2.2538e-41
2.11439e-41
2.03857e-41
1.90904e-41
1.78488e-41
1.69075e-41
1.49092e-41
1.44127e-41
1.35863e-41
1.31085e-41
1.20185e-41
1.11836e-41
1.0266e-41
9.46441e-42
8.74027e-42
8.28513e-42
6.9751e-42
6.40577e-42
5.86526e-42
5.51011e-42
5.31344e-42
4.75981e-42
4.22688e-42
3.53402e-42
3.3595e-42
3.22871e-42
2.90411e-42
2.5832e-42
2.41379e-42
2.33986e-42
2.12499e-42
1.89343e-42
1.71403e-42
1.66893e-42
1.39588e-42
1.33121e-42
1.26832e-42
1.00035e-42
8.80955e-43
8.35887e-43
8.0311e-43
7.60553e-43
6.82409e-43
6.4856e-43
6.19669e-43
5.58674e-43
5.19683e-43
4.58978e-43
4.19926e-43
3.89506e-43
3.66242e-43
3.49849e-43
2.65211e-43
2.42943e-43
2.30507e-43
2.09464e-43
1.92933e-43
1.87349e-43
1.72445e-43
1.53012e-43
1.46764e-43
1.35224e-43
1.1374e-43
1.07525e-43
9.56666e-44
9.04643e-44
8.04643e-44
7.10451e-44
6.76546e-44
6.14671e-44
5.82837e-44
5.58746e-44
5.1286e-44
4.9463e-44
4.50069e-44
4.19581e-44
3.75293e-44
2.98433e-44
2.7644e-44
2.51268e-44
2.28214e-44
2.17359e-44
1.98724e-44
1.86565e-44
1.74184e-44
1.52963e-44
1.41695e-44
1.30242e-44
1.22822e-44
1.14223e-44
1.0031e-44
9.18863e-45
8.59888e-45
8.12539e-45
7.7776e-45
6.80022e-45
6.49397e-45
5.88241e-45
5.5281e-45
5.12929e-45
4.77161e-45
4.40759e-45
4.13468e-45
3.73582e-45
3.57722e-45
3.26537e-45
2.89085e-45
2.78658e-45
2.59117e-45
2.37481e-45
2.13197e-45
1.98411e-45
1.82526e-45
1.6107e-45
1.45877e-45
1.37844e-45
1.28475e-45
1.16009e-45
1.06964e-45
9.89377e-46
9.52459e-46
8.44773e-46
7.50366e-46
6.98298e-46
6.65651e-46
5.9574e-46
5.50593e-46
5.28393e-46
5.00936e-46
4.50043e-46
3.95638e-46
3.7598e-46
3.51826e-46
3.25802e-46
2.84441e-46
2.63063e-46
2.4658e-46
2.24349e-46
2.06141e-46
1.95068e-46
1.83678e-46
1.68917e-46
1.56886e-46
1.43532e-46
1.36352e-46
1.26153e-46
1.14048e-46
1.09111e-46
9.99563e-47
9.24952e-47
8.71882e-47
8.04509e-47
7.42419e-47
6.9852e-47
6.6246e-47
6.26523e-47
5.90645e-47
5.69825e-47
5.21844e-47
5.03677e-47
4.8089e-47
4.64288e-47
4.36751e-47
4.21526e-47
3.88644e-47
3.62629e-47
3.46521e-47
3.21666e-47
2.98806e-47
2.79978e-47
2.58243e-47
2.2238e-47
2.11081e-47
1.54661e-47
1.44691e-47
1.14701e-47
1.11914e-47
9.52708e-48
8.74304e-48
7.90362e-48
7.36841e-48
6.65056e-48
6.17375e-48
5.40229e-48
5.1628e-48
4.9399e-48
4.3008e-48
3.93554e-48
3.65902e-48
3.46234e-48
2.89447e-48
2.73292e-48
2.56028e-48
2.46854e-48
2.40076e-48
2.1759e-48
2.06693e-48
1.91759e-48
1.81036e-48
1.67739e-48
1.59541e-48
1.46259e-48
1.28768e-48
1.2131e-48
1.16533e-48
9.5791e-49
9.35255e-49
9.06543e-49
8.35217e-49
7.91556e-49
6.99872e-49
6.78229e-49
6.02958e-49
5.79202e-49
5.47444e-49
5.28622e-49
5.02473e-49
4.78366e-49
3.87217e-49
3.77523e-49
3.46398e-49
3.24042e-49
3.09181e-49
2.63512e-49
2.53248e-49
2.34778e-49
2.26163e-49
2.02959e-49
1.99432e-49
1.83623e-49
1.67238e-49
1.53291e-49
1.30898e-49
1.25852e-49
1.20995e-49
1.16985e-49
1.11381e-49
1.033e-49
9.58272e-50
8.96711e-50
8.13399e-50
7.78451e-50
7.57843e-50
7.35696e-50
6.60917e-50
6.27692e-50
5.78198e-50
5.41619e-50
4.79265e-50
4.62041e-50
4.55477e-50
4.16007e-50
3.94849e-50
3.63901e-50
3.52851e-50
3.08088e-50
2.90392e-50
2.80114e-50
2.58126e-50
2.17135e-50
2.10288e-50
2.01729e-50
1.94945e-50
1.85233e-50
1.66398e-50
1.61437e-50
1.524e-50
1.42673e-50
1.23187e-50
1.18484e-50
1.12422e-50
1.07227e-50
1.00061e-50
9.41011e-51
8.8538e-51
7.82161e-51
7.5962e-51
7.30822e-51
6.87447e-51
6.2837e-51
5.26915e-51
5.09617e-51
4.47526e-51
4.10883e-51
3.45413e-51
3.17443e-51
2.91323e-51
2.78228e-51
2.35135e-51
2.27708e-51
1.89445e-51
1.86861e-51
1.80858e-51
1.60004e-51
1.5647e-51
1.45081e-51
1.24369e-51
1.22372e-51
1.11137e-51
1.0827e-51
1.00818e-51
8.81437e-52
7.87978e-52
7.29795e-52
7.00036e-52
6.75428e-52
6.06615e-52
5.60037e-52
4.89852e-52
4.73076e-52
4.64155e-52
4.30216e-52
3.78187e-52
3.71747e-52
3.5665e-52
3.37996e-52
3.29765e-52
2.9824e-52
2.81936e-52
2.62107e-52
2.50924e-52
2.28077e-52
2.05266e-52
1.90141e-52
1.81632e-52
1.70037e-52
1.46454e-52
1.4228e-52
1.32454e-52
1.15485e-52
1.12101e-52
1.05872e-52
9.58499e-53
9.24036e-53
9.08561e-53
7.95677e-53
7.07484e-53
6.63995e-53
6.04949e-53
5.74645e-53
5.45207e-53
5.08572e-53
4.38438e-53
3.79157e-53
3.62716e-53
3.47338e-53
3.25557e-53
3.00043e-53
2.76263e-53
2.51225e-53
2.39975e-53
2.18764e-53
2.08488e-53
2.05127e-53
1.88557e-53
1.84783e-53
1.73908e-53
1.53556e-53
1.3983e-53
1.30187e-53
1.24425e-53
1.1901e-53
1.0974e-53
1.02377e-53
8.75909e-54
8.39977e-54
8.10497e-54
7.62548e-54
7.14173e-54
6.301e-54
6.02671e-54
5.15283e-54
4.44446e-54
4.34307e-54
4.11806e-54
3.71087e-54
3.25312e-54
2.75225e-54
2.61143e-54
2.39241e-54
2.18699e-54
2.09509e-54
1.83421e-54
1.68671e-54
1.57819e-54
1.40662e-54
1.37299e-54
1.20464e-54
9.3975e-55
8.66818e-55
8.4938e-55
8.17651e-55
7.20907e-55
6.29116e-55
5.91101e-55
5.64635e-55
4.94303e-55
4.36276e-55
4.15435e-55
3.94918e-55
3.65251e-55
3.32346e-55
2.8166e-55
2.72454e-55
2.59236e-55
2.22899e-55
2.14322e-55
1.9712e-55
1.85415e-55
1.70621e-55
1.58834e-55
1.4833e-55
1.47412e-55
1.30797e-55
1.25914e-55
1.15513e-55
1.08568e-55
1.01007e-55
9.22028e-56
8.55228e-56
8.15774e-56
7.20013e-56
6.8533e-56
6.1807e-56
5.99597e-56
5.55313e-56
5.42133e-56
5.04475e-56
4.65264e-56
4.43266e-56
4.18079e-56
3.94474e-56
3.69873e-56
3.34664e-56
3.17591e-56
3.01882e-56
2.90731e-56
2.71544e-56
2.5542e-56
2.39338e-56
2.30329e-56
2.20211e-56
2.09209e-56
1.92013e-56
1.70271e-56
1.49928e-56
1.43171e-56
1.3726e-56
1.14322e-56
1.05974e-56
9.98134e-57
9.31498e-57
8.5495e-57
7.99903e-57
7.73175e-57
6.93154e-57
6.58027e-57
6.03145e-57
5.64406e-57
4.9199e-57
4.5873e-57
3.99947e-57
3.69081e-57
3.3767e-57
3.11356e-57
2.73023e-57
2.62295e-57
2.20627e-57
2.10854e-57
1.86181e-57
1.66488e-57
1.5198e-57
1.39259e-57
1.22006e-57
1.19909e-57
1.14802e-57
1.01015e-57
9.63294e-58
8.46812e-58
8.03763e-58
7.62993e-58
7.34549e-58
7.01972e-58
6.57075e-58
5.72521e-58
5.1458e-58
4.97133e-58
4.72303e-58
4.19971e-58
3.96616e-58
3.76308e-58
3.65018e-58
3.31607e-58
3.02242e-58
2.87616e-58
2.73414e-58
2.56323e-58
2.42682e-58
2.31069e-58
2.13858e-58
2.07305e-58
1.95917e-58
1.921e-58
1.78129e-58
1.60298e-58
1.50182e-58
1.38406e-58
1.248e-58
1.17027e-58
1.10181e-58
9.91416e-59
8.86895e-59
8.29608e-59
7.3169e-59
6.95091e-59
6.04591e-59
5.81415e-59
5.33911e-59
5.20387e-59
4.81754e-59
4.62759e-59
4.18078e-59
3.74419e-59
3.64288e-59
3.41309e-59
3.38083e-59
3.11171e-59
2.92925e-59
2.61288e-59
2.56154e-59
2.47123e-59
2.13881e-59
1.75769e-59
1.56795e-59
1.52122e-59
1.46895e-59
1.45744e-59
1.38438e-59
1.2533e-59
1.19985e-59
1.16835e-59
1.01781e-59
9.92365e-60
9.3479e-60
8.49487e-60
7.93131e-60
7.43406e-60
7.00153e-60
6.40375e-60
5.97687e-60
5.50625e-60
4.66124e-60
4.49732e-60
4.29079e-60
3.9557e-60
3.67494e-60
3.27146e-60
3.07266e-60
2.66501e-60
2.60002e-60
2.39923e-60
2.21542e-60
1.87121e-60
1.77194e-60
1.66793e-60
1.57967e-60
1.49666e-60
1.41951e-60
1.29238e-60
1.24694e-60
1.21021e-60
1.17317e-60
1.0998e-60
1.02408e-60
9.64378e-61
9.37931e-61
8.93077e-61
7.72871e-61
7.53361e-61
6.86508e-61
6.2007e-61
5.63276e-61
5.32921e-61
5.2492e-61
4.25991e-61
4.11429e-61
4.01175e-61
3.6375e-61
3.48638e-61
3.18344e-61
2.90481e-61
2.7307e-61
2.57212e-61
2.38115e-61
2.22824e-61
2.03811e-61
1.84306e-61
1.75264e-61
1.62721e-61
1.46909e-61
1.43963e-61
1.34635e-61
1.23495e-61
1.15462e-61
1.09646e-61
1.02921e-61
9.34362e-62
8.84091e-62
8.4047e-62
7.40138e-62
6.90962e-62
6.52432e-62
6.00663e-62
5.61965e-62
4.77908e-62
4.32363e-62
3.87148e-62
3.60658e-62
3.55739e-62
3.30082e-62
3.16782e-62
3.02176e-62
2.7238e-62
2.57896e-62
2.53797e-62
2.34625e-62
2.11396e-62
1.94356e-62
1.80247e-62
1.68016e-62
1.56818e-62
1.4982e-62
1.40133e-62
1.32037e-62
1.20395e-62
1.19034e-62
1.11327e-62
1.01959e-62
9.63488e-63
9.38617e-63
8.526e-63
7.12955e-63
6.79423e-63
6.52875e-63
6.24125e-63
5.3514e-63
5.21738e-63
4.61062e-63
4.41036e-63
3.89318e-63
3.63723e-63
3.58832e-63
3.35739e-63
2.98482e-63
2.91007e-63
2.72377e-63
2.30915e-63
2.21729e-63
2.09106e-63
1.88405e-63
1.59634e-63
1.526e-63
1.41168e-63
1.352e-63
1.22706e-63
1.1555e-63
1.09376e-63
1.03537e-63
8.3751e-64
8.05769e-64
7.43828e-64
6.79174e-64
5.9664e-64
5.85673e-64
5.61676e-64
4.88414e-64
4.68829e-64
4.14211e-64
3.91966e-64
3.79528e-64
3.33924e-64
3.08768e-64
2.98241e-64
2.55626e-64
2.49108e-64
2.26089e-64
2.14171e-64
2.00535e-64
1.81198e-64
1.64151e-64
1.41142e-64
1.32256e-64
1.25746e-64
1.14749e-64
1.06296e-64
9.67335e-65
9.04004e-65
8.752e-65
8.0848e-65
7.46644e-65
6.88138e-65
6.73037e-65
6.27507e-65
6.06823e-65
5.79292e-65
5.31819e-65
4.53419e-65
4.3119e-65
4.12893e-65
3.7441e-65
3.58014e-65
3.42116e-65
3.31375e-65
2.91365e-65
2.83275e-65
2.47541e-65
2.42972e-65
2.2733e-65
2.13462e-65
2.01666e-65
1.93259e-65
1.72102e-65
1.63372e-65
1.49191e-65
1.39276e-65
1.30902e-65
1.18764e-65
1.0813e-65
1.00164e-65
9.01788e-66
8.69995e-66
7.7e-66
7.3069e-66
6.97147e-66
6.63665e-66
5.85463e-66
5.46375e-66
4.83901e-66
4.53263e-66
4.37493e-66
3.9044e-66
3.7452e-66
3.53202e-66
3.22267e-66
3.01533e-66
2.90942e-66
2.66001e-66
2.4653e-66
2.3845e-66
2.17494e-66
1.99759e-66
1.7975e-66
1.66299e-66
1.5947e-66
1.56451e-66
1.50661e-66
1.35968e-66
1.29884e-66
1.20219e-66
1.15917e-66
1.10686e-66
1.03372e-66
9.17457e-67
8.90148e-67
8.30326e-67
7.65166e-67
7.07013e-67
6.12746e-67
5.93136e-67
5.58296e-67
5.14007e-67
4.86511e-67
4.57467e-67
4.11e-67
3.95967e-67
3.80935e-67
3.42431e-67
3.37679e-67
3.12856e-67
3.02772e-67
2.92382e-67
2.74528e-67
2.5952e-67
2.47998e-67
2.33958e-67
2.17053e-67
2.07163e-67
1.99773e-67
1.89039e-67
1.80028e-67
1.66969e-67
1.64323e-67
1.50387e-67
1.45217e-67
1.32541e-67
1.23836e-67
1.19301e-67
1.05084e-67
9.12342e-68
8.18433e-68
7.64418e-68
6.65346e-68
5.96488e-68
5.36145e-68
4.84818e-68
4.78143e-68
4.41869e-68
3.56648e-68
3.5095e-68
3.23613e-68
2.87591e-68
2.7122e-68
2.41853e-68
2.24082e-68
2.20101e-68
2.09804e-68
1.942e-68
1.83075e-68
1.71654e-68
1.59112e-68
1.38153e-68
1.28797e-68
1.22515e-68
1.1386e-68
1.07393e-68
1.01924e-68
9.17758e-69
8.76778e-69
7.93501e-69
7.34858e-69
7.16334e-69
6.59228e-69
6.2223e-69
5.79505e-69
5.65384e-69
4.82852e-69
4.51237e-69
4.42373e-69
4.13056e-69
3.77625e-69
3.53941e-69
3.29699e-69
2.82353e-69
2.67883e-69
2.53291e-69
2.31764e-69
2.17605e-69
2.04377e-69
1.98165e-69
1.69028e-69
1.60825e-69
1.51515e-69
1.40398e-69
1.31301e-69
1.15953e-69
1.07854e-69
9.8934e-70
9.78022e-70
9.30518e-70
7.94394e-70
7.45572e-70
6.66666e-70
6.24088e-70
5.83514e-70
5.27737e-70
4.80387e-70
4.51648e-70
4.19537e-70
3.94458e-70
3.78757e-70
3.61275e-70
3.43016e-70
3.2732e-70
2.99725e-70
2.93853e-70
2.68529e-70
2.42337e-70
2.26784e-70
2.08653e-70
1.97289e-70
1.8919e-70
1.79773e-70
1.62497e-70
1.52255e-70
1.46421e-70
1.32373e-70
1.29029e-70
1.19403e-70
1.05486e-70
9.78786e-71
9.23893e-71
8.67651e-71
7.31446e-71
6.873e-71
6.49013e-71
5.83624e-71
5.14922e-71
4.94707e-71
4.60126e-71
4.26843e-71
3.96287e-71
3.64008e-71
3.41755e-71
3.29183e-71
3.25072e-71
3.02489e-71
2.84591e-71
2.61447e-71
2.31629e-71
2.2596e-71
2.1343e-71
2.03473e-71
1.85922e-71
1.76185e-71
1.6596e-71
1.56714e-71
1.36272e-71
1.26355e-71
1.24339e-71
1.22074e-71
1.09635e-71
1.06734e-71
9.85785e-72
9.18053e-72
8.76291e-72
8.34399e-72
7.87633e-72
7.52124e-72
7.06577e-72
6.97936e-72
6.60516e-72
6.37674e-72
6.14152e-72
5.7517e-72
5.43903e-72
5.07584e-72
4.52093e-72
4.41643e-72
4.06787e-72
3.67345e-72
3.54729e-72
3.43016e-72
3.21991e-72
2.74195e-72
2.62058e-72
2.46415e-72
2.41477e-72
2.30951e-72
2.18017e-72
1.92704e-72
1.71971e-72
1.61508e-72
1.57156e-72
1.46246e-72
1.37754e-72
1.3347e-72
1.20218e-72
1.10869e-72
1.05368e-72
9.67935e-73
8.9524e-73
8.88436e-73
8.46919e-73
7.56742e-73
7.27382e-73
6.39166e-73
6.2709e-73
6.02158e-73
5.32944e-73
5.29376e-73
4.48756e-73
3.81636e-73
3.69423e-73
3.07868e-73
2.94106e-73
2.76913e-73
2.52246e-73
2.14002e-73
1.88526e-73
1.83788e-73
1.71684e-73
1.66024e-73
1.47275e-73
1.31065e-73
1.28415e-73
1.23355e-73
1.11827e-73
1.07602e-73
1.02719e-73
9.75083e-74
9.14032e-74
8.05152e-74
7.84161e-74
6.66514e-74
6.33103e-74
5.70771e-74
5.16204e-74
4.57949e-74
4.51953e-74
4.35316e-74
3.84156e-74
3.75019e-74
3.43147e-74
3.28751e-74
3.16222e-74
3.01553e-74
2.93514e-74
2.7071e-74
2.55699e-74
2.49042e-74
2.23498e-74
2.18386e-74
2.06209e-74
1.86161e-74
1.70095e-74
1.64708e-74
1.50737e-74
1.44374e-74
1.35213e-74
1.30605e-74
1.29707e-74
1.15039e-74
1.0994e-74
1.05258e-74
1.01795e-74
9.07516e-75
8.62789e-75
8.36817e-75
7.60215e-75
6.70874e-75
6.16158e-75
5.82657e-75
5.58401e-75
5.11303e-75
4.72405e-75
4.52702e-75
4.42581e-75
4.25776e-75
4.14987e-75
3.65304e-75
3.64835e-75
3.19917e-75
3.13026e-75
3.01145e-75
2.79127e-75
2.51088e-75
2.46391e-75
2.41243e-75
2.28253e-75
1.97834e-75
1.80713e-75
1.63985e-75
1.49946e-75
1.45217e-75
1.248e-75
1.24497e-75
1.07858e-75
1.04931e-75
9.802e-76
8.15736e-76
7.73307e-76
6.47354e-76
5.9768e-76
5.81896e-76
5.7114e-76
4.82892e-76
4.3266e-76
4.283e-76
4.02298e-76
3.86511e-76
3.62569e-76
3.60097e-76
3.28734e-76
3.23085e-76
3.20823e-76
2.97923e-76
2.7421e-76
2.64643e-76
2.61859e-76
2.23624e-76
2.16678e-76
1.9332e-76
1.80175e-76
1.7326e-76
1.62199e-76
1.56963e-76
1.54254e-76
1.42083e-76
1.34445e-76
1.2708e-76
1.20344e-76
1.10015e-76
1.05511e-76
9.39526e-77
8.95453e-77
8.4387e-77
7.71268e-77
7.25391e-77
6.53028e-77
6.13018e-77
5.57418e-77
5.37942e-77
4.75401e-77
4.52953e-77
4.38554e-77
4.01471e-77
3.81681e-77
3.60868e-77
3.25099e-77
3.05478e-77
3.00518e-77
2.88672e-77
2.69395e-77
2.40511e-77
2.3556e-77
2.31822e-77
2.15898e-77
1.83409e-77
1.8141e-77
1.5189e-77
1.40727e-77
1.24967e-77
1.16294e-77
1.12272e-77
1.0519e-77
9.99524e-78
8.68471e-78
8.241e-78
7.79468e-78
7.49021e-78
7.28272e-78
6.55071e-78
6.00873e-78
5.79058e-78
5.51929e-78
5.26806e-78
5.11038e-78
4.83715e-78
4.47716e-78
4.24243e-78
3.68451e-78
3.61072e-78
3.57926e-78
3.37253e-78
3.04884e-78
2.60198e-78
2.37011e-78
2.13714e-78
2.05243e-78
1.86439e-78
1.69973e-78
1.56949e-78
1.47994e-78
1.32533e-78
1.14964e-78
1.1122e-78
1.0714e-78
9.88379e-79
9.01778e-79
8.67018e-79
8.09568e-79
7.75448e-79
7.15756e-79
6.79792e-79
6.16535e-79
5.77003e-79
5.3606e-79
5.06946e-79
4.50899e-79
4.34101e-79
4.00246e-79
3.78812e-79
3.43063e-79
3.34945e-79
3.16592e-79
2.98151e-79
2.90648e-79
2.76888e-79
2.49411e-79
2.24738e-79
2.13365e-79
2.04548e-79
2.00485e-79
1.93758e-79
1.82876e-79
1.66022e-79
1.58433e-79
1.52651e-79
1.40604e-79
1.32962e-79
1.1334e-79
1.0451e-79
1.01471e-79
9.48056e-80
9.07541e-80
7.9467e-80
7.79164e-80
6.98393e-80
6.38552e-80
6.08516e-80
5.83064e-80
5.72845e-80
5.22354e-80
5.01423e-80
4.5123e-80
4.08207e-80
3.82477e-80
3.56438e-80
3.26801e-80
3.07511e-80
3.00094e-80
2.84968e-80
2.57813e-80
2.4741e-80
2.23796e-80
2.14676e-80
1.92744e-80
1.88563e-80
1.78091e-80
1.64533e-80
1.59202e-80
1.47424e-80
1.37777e-80
1.32541e-80
1.25851e-80
1.12674e-80
1.05711e-80
9.64892e-81
9.21271e-81
9.07947e-81
8.30779e-81
8.1278e-81
7.93778e-81
7.58046e-81
7.1611e-81
6.75318e-81
6.59473e-81
6.42525e-81
6.19172e-81
5.98253e-81
5.38473e-81
5.34554e-81
5.04958e-81
4.59665e-81
4.1679e-81
3.74194e-81
3.61269e-81
3.26856e-81
3.19214e-81
2.82077e-81
2.70833e-81
2.38693e-81
2.34899e-81
2.12765e-81
2.03715e-81
1.76924e-81
1.69467e-81
1.48497e-81
1.39832e-81
1.3445e-81
1.30769e-81
1.27876e-81
1.23499e-81
1.10321e-81
1.09393e-81
1.06812e-81
9.97833e-82
9.60501e-82
9.19875e-82
8.9227e-82
8.31728e-82
7.76573e-82
7.45163e-82
7.22439e-82
6.49654e-82
6.32495e-82
5.83724e-82
5.59574e-82
5.30453e-82
4.90189e-82
4.64604e-82
4.10818e-82
3.5189e-82
3.36841e-82
3.13257e-82
2.82607e-82
2.80284e-82
2.56853e-82
2.30729e-82
2.1108e-82
2.06472e-82
1.78054e-82
1.75069e-82
1.67182e-82
1.57449e-82
1.48642e-82
1.40926e-82
1.29651e-82
1.17284e-82
1.14173e-82
1.04855e-82
9.58862e-83
9.28709e-83
8.71504e-83
7.8804e-83
6.75801e-83
6.03927e-83
6.03004e-83
4.656e-83
4.3649e-83
4.19139e-83
3.98465e-83
3.56224e-83
3.2559e-83
2.85037e-83
2.81745e-83
2.78708e-83
2.27475e-83
2.19086e-83
2.16431e-83
2.06171e-83
1.91661e-83
1.77767e-83
1.72933e-83
1.53949e-83
1.47105e-83
1.42099e-83
1.348e-83
1.31023e-83
1.28448e-83
1.21143e-83
1.12299e-83
1.00362e-83
9.80036e-84
8.73967e-84
7.96624e-84
7.10801e-84
6.84024e-84
6.47438e-84
5.86315e-84
5.17647e-84
4.86714e-84
4.72522e-84
4.50376e-84
4.40215e-84
4.04736e-84
3.67217e-84
3.63173e-84
3.26921e-84
3.025e-84
2.75449e-84
2.61295e-84
2.47903e-84
2.33406e-84
2.29656e-84
1.82811e-84
1.81066e-84
1.77721e-84
1.52549e-84
1.46349e-84
1.28831e-84
1.23971e-84
1.15895e-84
1.09705e-84
9.6359e-85
9.49746e-85
9.20616e-85
8.54088e-85
8.15936e-85
7.71387e-85
6.73819e-85
5.95204e-85
5.75812e-85
5.71846e-85
5.64449e-85
5.16189e-85
4.92649e-85
4.50776e-85
4.37494e-85
4.29665e-85
4.06141e-85
3.94084e-85
3.80101e-85
3.28232e-85
3.20168e-85
2.96853e-85
2.80115e-85
2.55294e-85
2.52842e-85
2.39537e-85
2.34808e-85
2.23357e-85
1.96397e-85
1.77219e-85
1.74338e-85
1.60926e-85
1.54127e-85
1.48212e-85
1.44233e-85
1.30416e-85
1.24136e-85
1.19442e-85
1.14867e-85
1.09898e-85
8.55188e-86
7.177e-86
6.27139e-86
6.03268e-86
5.61471e-86
5.52343e-86
5.31913e-86
5.06839e-86
4.64533e-86
4.58576e-86
3.78741e-86
3.48791e-86
3.10738e-86
2.98996e-86
2.73151e-86
2.39913e-86
2.36156e-86
2.2996e-86
2.18718e-86
1.94638e-86
1.87113e-86
1.79342e-86
1.76923e-86
1.47624e-86
1.42801e-86
1.37323e-86
1.3324e-86
1.27462e-86
1.25018e-86
1.16997e-86
1.11146e-86
1.09941e-86
1.03314e-86
9.18579e-87
8.44611e-87
7.6452e-87
7.59864e-87
7.36199e-87
7.13375e-87
6.79397e-87
6.07114e-87
5.63886e-87
5.48923e-87
5.15415e-87
4.96123e-87
4.56622e-87
4.22989e-87
3.92364e-87
3.73739e-87
3.70297e-87
3.31278e-87
3.14576e-87
3.08443e-87
2.82055e-87
2.67876e-87
2.59301e-87
2.52937e-87
2.44791e-87
2.20131e-87
1.98706e-87
1.78908e-87
1.63112e-87
1.60773e-87
1.55464e-87
1.51152e-87
1.43983e-87
1.34298e-87
1.28549e-87
1.22471e-87
1.07933e-87
1.01946e-87
8.99601e-88
8.95876e-88
8.15591e-88
7.62358e-88
7.33494e-88
7.03701e-88
6.00848e-88
5.82786e-88
5.20918e-88
4.98266e-88
4.43282e-88
4.08351e-88
3.41756e-88
3.25756e-88
3.13687e-88
2.37893e-88
2.14092e-88
2.11774e-88
2.06485e-88
1.79875e-88
1.73014e-88
1.53895e-88
1.44544e-88
1.14703e-88
1.08679e-88
1.05966e-88
1.03294e-88
9.56705e-89
9.36718e-89
9.21293e-89
8.64005e-89
8.03904e-89
7.05996e-89
6.71865e-89
6.07746e-89
6.00358e-89
5.78326e-89
5.55344e-89
4.83196e-89
4.6628e-89
4.45847e-89
4.30505e-89
4.06193e-89
3.91448e-89
3.23495e-89
3.19663e-89
2.9861e-89
2.81241e-89
2.65672e-89
2.39166e-89
2.27511e-89
2.18127e-89
2.07539e-89
1.95918e-89
1.91871e-89
1.8408e-89
1.6787e-89
1.58499e-89
1.54276e-89
1.37488e-89
1.3266e-89
1.28058e-89
1.20185e-89
1.16729e-89
1.12872e-89
1.07904e-89
1.07816e-89
1.05848e-89
1.04325e-89
1.02364e-89
9.66219e-90
9.07487e-90
8.52744e-90
8.0367e-90
7.59635e-90
6.90909e-90
6.72237e-90
6.52967e-90
6.22857e-90
5.98635e-90
5.75248e-90
5.55765e-90
5.38388e-90
5.26578e-90
4.98206e-90
4.78775e-90
4.62812e-90
4.31272e-90
4.26774e-90
3.44508e-90
3.35925e-90
3.26809e-90
3.21076e-90
2.89683e-90
2.43414e-90
2.18109e-90
1.97809e-90
1.82954e-90
1.59095e-90
1.42793e-90
1.27267e-90
1.12841e-90
1.10842e-90
1.01668e-90
9.31433e-91
8.12276e-91
7.8351e-91
7.81639e-91
7.28725e-91
7.12726e-91
6.37468e-91
6.33397e-91
6.06844e-91
5.91287e-91
5.75629e-91
5.39288e-91
5.02993e-91
4.68371e-91
4.52327e-91
4.33859e-91
4.10065e-91
3.95839e-91
3.62953e-91
3.01759e-91
2.96002e-91
2.74094e-91
2.63569e-91
2.59449e-91
2.36531e-91
2.23225e-91
2.14986e-91
1.94599e-91
1.93966e-91
1.89828e-91
1.75592e-91
1.57894e-91
1.46408e-91
1.43508e-91
1.25231e-91
1.11928e-91
1.09503e-91
1.0002e-91
9.2018e-92
8.90301e-92
8.65819e-92
7.65936e-92
7.41185e-92
7.02287e-92
6.1807e-92
5.95657e-92
5.71609e-92
5.50649e-92
5.31859e-92
4.32936e-92
4.04266e-92
3.98981e-92
3.9198e-92
3.75704e-92
3.22366e-92
3.18724e-92
3.01156e-92
2.67637e-92
2.2567e-92
2.19642e-92
2.06047e-92
2.02243e-92
2.02063e-92
1.91442e-92
1.90107e-92
1.825e-92
1.65634e-92
1.55265e-92
1.44666e-92
1.42278e-92
1.38315e-92
1.31414e-92
1.26825e-92
1.19504e-92
1.10887e-92
1.04638e-92
8.6727e-93
7.97337e-93
7.9439e-93
7.67511e-93
7.18711e-93
6.65633e-93
6.23073e-93
5.83013e-93
5.16738e-93
5.02906e-93
4.63983e-93
3.9025e-93
3.84775e-93
3.51721e-93
3.28959e-93
3.25188e-93
3.0271e-93
2.84713e-93
2.54245e-93
2.54036e-93
2.48777e-93
2.48588e-93
2.36027e-93
2.20952e-93
1.97537e-93
1.73036e-93
1.71278e-93
1.58532e-93
1.54409e-93
1.15785e-93
1.13122e-93
1.10889e-93
1.10339e-93
9.54819e-94
9.09147e-94
8.94711e-94
8.24698e-94
7.96126e-94
6.94435e-94
6.7315e-94
6.17347e-94
6.06809e-94
5.62e-94
5.20842e-94
4.9157e-94
4.41107e-94
4.08549e-94
3.79357e-94
3.71492e-94
3.40755e-94
2.87539e-94
2.70342e-94
2.68537e-94
2.37677e-94
2.26548e-94
2.10974e-94
1.98347e-94
1.83537e-94
1.75424e-94
1.53574e-94
1.39838e-94
1.39772e-94
1.20671e-94
1.08305e-94
1.04919e-94
9.79328e-95
9.64647e-95
9.63968e-95
8.36997e-95
8.36629e-95
8.08147e-95
7.57237e-95
7.17633e-95
6.68993e-95
6.36679e-95
5.81925e-95
5.11823e-95
4.522e-95
4.25356e-95
3.67368e-95
3.44519e-95
3.31915e-95
3.22147e-95
3.00312e-95
2.94891e-95
2.69307e-95
2.49353e-95
2.19161e-95
1.99431e-95
1.90772e-95
1.82298e-95
1.80519e-95
1.75497e-95
1.61389e-95
1.45131e-95
1.42601e-95
1.37739e-95
1.20155e-95
1.16623e-95
1.14872e-95
1.07944e-95
1.02013e-95
9.85306e-96
9.51259e-96
9.16844e-96
8.67649e-96
8.11283e-96
7.41454e-96
7.03977e-96
6.55723e-96
6.37713e-96
5.80955e-96
5.42211e-96
4.56827e-96
3.67715e-96
3.35067e-96
3.26669e-96
2.79863e-96
2.77098e-96
2.48313e-96
2.47876e-96
2.09981e-96
2.09872e-96
2.03798e-96
1.97563e-96
1.95661e-96
1.90763e-96
1.6467e-96
1.58437e-96
1.52349e-96
1.38206e-96
1.31693e-96
1.16346e-96
9.24674e-97
9.08394e-97
8.66641e-97
8.47408e-97
7.69721e-97
7.48064e-97
6.91896e-97
6.51339e-97
6.35848e-97
6.17166e-97
5.87897e-97
5.75116e-97
5.24589e-97
4.61776e-97
4.57341e-97
4.37557e-97
3.95822e-97
3.56687e-97
3.44986e-97
3.27648e-97
3.19894e-97
2.84576e-97
2.77893e-97
2.47887e-97
2.44107e-97
2.36982e-97
2.03101e-97
1.93755e-97
1.60879e-97
1.60694e-97
1.49182e-97
1.45127e-97
1.22779e-97
1.21872e-97
1.21352e-97
1.10645e-97
1.01886e-97
9.76186e-98
8.66971e-98
8.37218e-98
7.99672e-98
7.25115e-98
6.32337e-98
5.87067e-98
5.54504e-98
4.5702e-98
4.20698e-98
3.9651e-98
3.89534e-98
3.44322e-98
3.35291e-98
3.20278e-98
2.73461e-98
2.52872e-98
2.43347e-98
2.27335e-98
2.27177e-98
2.23662e-98
2.13401e-98
1.98477e-98
1.8621e-98
1.83338e-98
1.74282e-98
1.45399e-98
1.39648e-98
1.39109e-98
1.32833e-98
1.30346e-98
1.26176e-98
1.23981e-98
1.12121e-98
1.1021e-98
1.00843e-98
9.04014e-99
8.46567e-99
8.32509e-99
8.13141e-99
7.37038e-99
6.90973e-99
6.7889e-99
6.41291e-99
5.96329e-99
5.38911e-99
5.12616e-99
4.86084e-99
4.4137e-99
4.36633e-99
4.156e-99
3.78329e-99
3.50227e-99
3.3046e-99
3.09317e-99
3.05715e-99
3.05133e-99
3.04969e-99
2.81493e-99
2.74477e-99
2.60517e-99
2.47481e-99
1.95197e-99
1.81615e-99
1.80107e-99
1.77619e-99
1.59605e-99
1.43188e-99
1.3618e-99
1.3063e-99
1.25295e-99
1.11227e-99
9.67609e-100
9.41095e-100
9.17293e-100
8.63617e-100
8.19726e-100
7.26449e-100
6.72144e-100
6.57287e-100
6.36963e-100
5.7313e-100
5.51474e-100
5.27742e-100
5.10289e-100
4.48301e-100
4.4789e-100
3.93303e-100
3.74108e-100
3.67817e-100
3.38507e-100
3.11893e-100
2.95139e-100
2.64837e-100
2.24444e-100
2.09239e-100
2.0069e-100
1.86087e-100
1.81404e-100
1.74537e-100
1.60169e-100
1.50275e-100
1.41639e-100
1.28637e-100
1.19026e-100
1.02279e-100
9.56351e-101
9.15333e-101
8.01253e-101
7.16713e-101
6.83927e-101
6.7193e-101
5.90752e-101
5.79561e-101
5.67846e-101
5.06537e-101
4.45564e-101
4.44784e-101
3.91988e-101
3.72564e-101
3.58435e-101
3.44979e-101
3.15845e-101
3.11733e-101
2.90918e-101
2.89264e-101
2.69191e-101
2.59863e-101
2.47347e-101
2.13315e-101
2.01725e-101
1.87527e-101
1.77937e-101
1.61543e-101
1.50123e-101
1.34045e-101
1.28128e-101
1.23302e-101
1.14265e-101
1.10416e-101
1.05041e-101
1.03886e-101
9.40006e-102
9.38963e-102
8.92263e-102
8.41402e-102
7.42893e-102
7.00368e-102
6.36324e-102
6.06407e-102
6.02236e-102
5.25971e-102
4.93457e-102
4.83052e-102
4.47175e-102
4.22295e-102
3.85902e-102
3.85608e-102
3.53529e-102
3.4026e-102
3.06758e-102
3.06723e-102
2.9948e-102
2.87896e-102
2.87066e-102
2.5344e-102
2.45333e-102
2.36798e-102
1.94495e-102
1.94473e-102
1.88799e-102
1.85133e-102
1.75704e-102
1.58096e-102
1.50472e-102
1.41816e-102
1.36694e-102
1.2951e-102
1.24725e-102
1.09203e-102
1.06005e-102
1.00997e-102
9.7109e-103
7.60926e-103
7.42984e-103
6.56167e-103
5.90912e-103
4.67024e-103
3.98883e-103
3.78041e-103
3.77984e-103
3.12466e-103
2.98844e-103
2.82942e-103
2.81567e-103
2.70645e-103
2.23724e-103
1.77855e-103
1.65774e-103
1.65662e-103
1.44223e-103
1.36408e-103
1.35598e-103
1.2588e-103
1.14118e-103
1.07698e-103
1.07195e-103
1.00264e-103
9.8873e-104
9.3016e-104
8.20843e-104
8.18819e-104
7.81853e-104
6.92668e-104
6.87331e-104
6.26011e-104
5.85493e-104
5.57857e-104
5.53546e-104
5.30312e-104
4.79472e-104
4.37519e-104
4.01338e-104
4.01116e-104
3.76962e-104
3.56681e-104
3.48148e-104
3.41294e-104
3.04379e-104
3.01466e-104
2.5928e-104
2.46452e-104
1.97922e-104
1.97883e-104
1.86184e-104
1.8304e-104
1.52121e-104
1.42388e-104
1.1911e-104
9.98621e-105
9.80505e-105
9.3395e-105
8.32074e-105
7.43524e-105
7.04234e-105
6.91145e-105
6.86697e-105
6.07213e-105
5.43656e-105
5.2414e-105
4.8284e-105
4.49874e-105
3.8103e-105
3.61221e-105
3.61117e-105
3.28536e-105
3.20442e-105
2.78682e-105
2.7445e-105
2.73668e-105
2.29735e-105
2.25491e-105
2.04179e-105
2.03732e-105
1.6746e-105
1.51117e-105
1.45345e-105
1.41928e-105
1.38337e-105
1.27527e-105
1.15901e-105
1.10681e-105
1.10625e-105
1.03284e-105
9.47694e-106
9.3349e-106
8.7829e-106
8.03589e-106
8.03038e-106
7.32981e-106
6.28376e-106
5.66357e-106
5.54208e-106
5.07382e-106
4.16847e-106
3.95726e-106
3.44074e-106
3.11695e-106
3.01619e-106
2.83219e-106
2.37064e-106
2.34723e-106
2.19852e-106
1.94156e-106
1.8927e-106
1.85258e-106
1.81054e-106
1.78224e-106
1.74747e-106
1.58185e-106
1.48428e-106
1.41431e-106
1.33791e-106
1.24884e-106
1.12949e-106
1.12872e-106
1.09358e-106
9.80032e-107
9.50955e-107
9.13075e-107
8.03671e-107
7.40644e-107
6.96808e-107
6.59675e-107
6.55516e-107
5.42453e-107
5.20918e-107
4.91476e-107
4.91462e-107
4.8627e-107
4.30745e-107
4.10222e-107
3.64233e-107
3.55274e-107
3.34967e-107
3.25919e-107
3.17717e-107
2.74884e-107
2.63001e-107
2.62963e-107
2.40259e-107
2.39415e-107
2.30762e-107
2.14995e-107
2.06963e-107
1.83809e-107
1.5178e-107
1.51773e-107
1.37926e-107
1.35148e-107
1.23526e-107
1.22825e-107
1.09099e-107
8.56048e-108
8.55401e-108
7.19267e-108
7.1888e-108
6.99826e-108
6.92278e-108
6.41831e-108
6.41725e-108
5.83466e-108
5.76752e-108
5.19101e-108
5.06405e-108
4.63572e-108
4.03453e-108
3.92246e-108
3.40409e-108
3.24537e-108
3.24505e-108
2.98695e-108
2.72758e-108
2.44813e-108
2.32916e-108
2.17318e-108
1.92143e-108
1.86206e-108
1.80608e-108
1.55168e-108
1.55115e-108
1.32104e-108
1.25343e-108
1.21129e-108
1.13283e-108
1.00401e-108
9.18944e-109
8.07233e-109
7.28125e-109
6.93758e-109
6.4045e-109
6.01674e-109
5.42842e-109
4.91566e-109
4.90313e-109
4.88633e-109
4.75456e-109
4.35537e-109
4.19929e-109
4.05764e-109
3.48586e-109
3.41879e-109
3.30674e-109
3.25002e-109
2.65737e-109
2.65642e-109
2.46378e-109
2.39324e-109
2.27395e-109
2.19475e-109
1.95513e-109
1.92831e-109
1.92819e-109
1.81661e-109
1.73103e-109
1.54888e-109
1.46688e-109
1.33777e-109
1.18231e-109
1.04028e-109
1.02822e-109
9.36414e-110
9.21358e-110
8.67805e-110
8.12952e-110
8.04265e-110
7.41951e-110
7.38048e-110
5.95591e-110
5.95374e-110
5.82429e-110
5.24928e-110
4.79388e-110
4.0693e-110
3.91675e-110
3.60732e-110
2.99339e-110
2.47257e-110
2.42176e-110
2.00627e-110
2.00535e-110
1.95893e-110
1.94518e-110
1.74038e-110
1.72593e-110
1.70482e-110
1.41e-110
1.40934e-110
1.09312e-110
1.01175e-110
9.81308e-111
9.55674e-111
7.63046e-111
7.62717e-111
7.05412e-111
6.39556e-111
6.39424e-111
6.30448e-111
5.74387e-111
5.35438e-111
5.09101e-111
4.53735e-111
4.48184e-111
4.41666e-111
4.15392e-111
4.11586e-111
3.42951e-111
3.05294e-111
3.01316e-111
2.59194e-111
2.59118e-111
2.55577e-111
1.90834e-111
1.90003e-111
1.86359e-111
1.8013e-111
1.53295e-111
1.50197e-111
1.31628e-111
1.29046e-111
1.27372e-111
1.19337e-111
1.01438e-111
9.65823e-112
9.65281e-112
9.2997e-112
8.37781e-112
8.27576e-112
8.06081e-112
7.51866e-112
6.83297e-112
6.56352e-112
6.50649e-112
6.03262e-112
5.59628e-112
5.4901e-112
5.10392e-112
4.50788e-112
4.41564e-112
3.97176e-112
3.91635e-112
3.76094e-112
3.60726e-112
3.45251e-112
3.28246e-112
2.4527e-112
2.36705e-112
2.23051e-112
1.96054e-112
1.92609e-112
1.92486e-112
1.8469e-112
1.77389e-112
1.48689e-112
1.36955e-112
1.20457e-112
1.19053e-112
1.06086e-112
1.00918e-112
9.48258e-113
7.77709e-113
7.60079e-113
7.3025e-113
7.22971e-113
6.71617e-113
6.18369e-113
6.02276e-113
5.85731e-113
5.72391e-113
5.11268e-113
5.02056e-113
4.8564e-113
4.42272e-113
4.30249e-113
4.11754e-113
3.91171e-113
3.76863e-113
3.49901e-113
3.29411e-113
3.25751e-113
2.93968e-113
2.79116e-113
2.46549e-113
2.45966e-113
2.12099e-113
2.12096e-113
1.90857e-113
1.76659e-113
1.73538e-113
1.69703e-113
1.54089e-113
1.50784e-113
1.29796e-113
9.91763e-114
9.70214e-114
9.58544e-114
9.57467e-114
7.8073e-114
7.76292e-114
7.02919e-114
6.44809e-114
6.04323e-114
5.81849e-114
4.74452e-114
4.66725e-114
4.64507e-114
4.56594e-114
3.93537e-114
3.92421e-114
3.50982e-114
3.32438e-114
3.26896e-114
3.13656e-114
2.73473e-114
2.53489e-114
2.24025e-114
2.23711e-114
2.01823e-114
1.70616e-114
1.69654e-114
1.6124e-114
1.58348e-114
1.36666e-114
1.35968e-114
1.31201e-114
1.20735e-114
1.12682e-114
1.11018e-114
9.70637e-115
9.40215e-115
8.85503e-115
8.16518e-115
8.16465e-115
7.70377e-115
6.48239e-115
5.72164e-115
4.91193e-115
4.89112e-115
4.6175e-115
4.59619e-115
4.19142e-115
3.77426e-115
3.75707e-115
3.1568e-115
3.13554e-115
2.89471e-115
2.87772e-115
2.86552e-115
2.82335e-115
2.6965e-115
2.45458e-115
2.45442e-115
2.4514e-115
2.43991e-115
2.43962e-115
2.25325e-115
2.25163e-115
2.17953e-115
2.1692e-115
1.92832e-115
1.92161e-115
1.92116e-115
1.63325e-115
1.55719e-115
1.38978e-115
1.2991e-115
1.1811e-115
1.12634e-115
8.48145e-116
8.45892e-116
8.45801e-116
8.45765e-116
8.03961e-116
7.78956e-116
7.77547e-116
6.44092e-116
6.44072e-116
6.30753e-116
6.29941e-116
5.39247e-116
5.39115e-116
4.74881e-116
4.66081e-116
3.57951e-116
3.56967e-116
3.56755e-116
3.56614e-116
3.56133e-116
3.23651e-116
3.23347e-116
2.92706e-116
2.92638e-116
2.66244e-116
2.65722e-116
2.65406e-116
2.64917e-116
2.449e-116
2.04231e-116
2.04228e-116
1.94547e-116
1.92164e-116
1.69382e-116
1.69275e-116
1.53614e-116
1.53572e-116
1.52256e-116
1.48992e-116
1.3648e-116
1.26394e-116
1.12675e-116
1.0711e-116
1.06997e-116
9.12168e-117
9.11781e-117
8.71643e-117
8.70449e-117
7.09488e-117
7.08585e-117
5.71475e-117
5.65056e-117
5.58173e-117
5.58129e-117
5.55937e-117
5.25595e-117
4.89422e-117
4.7699e-117
4.68756e-117
4.6864e-117
4.34084e-117
3.93313e-117
3.66662e-117
3.52217e-117
3.39256e-117
3.19201e-117
2.88477e-117
2.88151e-117
2.8767e-117
2.74093e-117
2.73933e-117
2.61896e-117
2.58128e-117
2.58087e-117
2.52992e-117
2.41608e-117
2.38739e-117
2.30559e-117
2.27178e-117
2.24931e-117
2.14649e-117
2.02678e-117
2.01447e-117
1.89201e-117
1.72921e-117
1.69687e-117
1.60479e-117
1.45956e-117
1.43592e-117
1.42941e-117
1.31176e-117
1.3117e-117
1.28127e-117
1.12884e-117
1.06093e-117
1.01507e-117
1.00222e-117
7.22609e-118
6.48192e-118
6.20723e-118
5.81641e-118
4.77161e-118
4.66269e-118
4.32474e-118
3.9911e-118
3.936e-118
3.38875e-118
3.38794e-118
3.1362e-118
3.08307e-118
2.64108e-118
2.31942e-118
2.04176e-118
1.95884e-118
1.56218e-118
1.48813e-118
1.42941e-118
1.28262e-118
1.13803e-118
1.13762e-118
1.0701e-118
9.67478e-119
9.6671e-119
9.66363e-119
9.66359e-119
8.88881e-119
8.3837e-119
8.13692e-119
8.13354e-119
7.36359e-119
7.3395e-119
7.06529e-119
6.92841e-119
6.40302e-119
6.00616e-119
5.66373e-119
5.66316e-119
5.6624e-119
5.37266e-119
5.13491e-119
5.13347e-119
4.90546e-119
4.3327e-119
4.33247e-119
4.14946e-119
4.13315e-119
4.06967e-119
4.02963e-119
3.84938e-119
3.61625e-119
3.34576e-119
3.15985e-119
2.63591e-119
2.57688e-119
2.37484e-119
2.30493e-119
2.05079e-119
2.05075e-119
1.62319e-119
1.41117e-119
1.3128e-119
1.15095e-119
1.15081e-119
1.15069e-119
1.11339e-119
1.06892e-119
9.53652e-120
9.53579e-120
9.44178e-120
9.08728e-120
8.06817e-120
7.43192e-120
7.3958e-120
7.39447e-120
6.59781e-120
6.09798e-120
5.16466e-120
4.79345e-120
4.79256e-120
4.79222e-120
4.68372e-120
4.66427e-120
4.49215e-120
4.3202e-120
3.98062e-120
3.39653e-120
3.34796e-120
2.83103e-120
2.83061e-120
2.57965e-120
2.50045e-120
2.43812e-120
2.4378e-120
2.33247e-120
2.14248e-120
2.14215e-120
1.9928e-120
1.93367e-120
1.81547e-120
1.81541e-120
1.8154e-120
1.59422e-120
1.59411e-120
1.52188e-120
1.49776e-120
1.49773e-120
1.41719e-120
1.35018e-120
1.26579e-120
1.26575e-120
1.26561e-120
1.18149e-120
1.11959e-120
1.11956e-120
9.82785e-121
9.82025e-121
9.26968e-121
9.20166e-121
8.42292e-121
7.78481e-121
6.93189e-121
6.68105e-121
6.13401e-121
5.51149e-121
4.54448e-121
4.27091e-121
3.16894e-121
2.28509e-121
2.25838e-121
2.02981e-121
1.98389e-121
1.96714e-121
1.62198e-121
1.62188e-121
1.62179e-121
1.62158e-121
1.62145e-121
1.53085e-121
1.40955e-121
1.34791e-121
1.24678e-121
1.1422e-121
1.14214e-121
9.83445e-122
9.64745e-122
9.0882e-122
8.67096e-122
8.08745e-122
8.08712e-122
7.59752e-122
7.22228e-122
6.06843e-122
5.44451e-122
5.4442e-122
5.44415e-122
5.44399e-122
4.74802e-122
4.72658e-122
4.41338e-122
4.4133e-122
4.13502e-122
3.90374e-122
3.90356e-122
3.59444e-122
3.50072e-122
3.17429e-122
2.82253e-122
2.82249e-122
2.22225e-122
2.22222e-122
2.10776e-122
1.8185e-122
1.81842e-122
1.74612e-122
1.54781e-122
1.45278e-122
1.29679e-122
1.14745e-122
1.05162e-122
1.05159e-122
9.13291e-123
7.85795e-123
6.44269e-123
4.43377e-123
4.43375e-123
4.2235e-123
3.54038e-123
3.53999e-123
3.53984e-123
3.48863e-123
3.26893e-123
2.89311e-123
2.85169e-123
2.64921e-123
2.22774e-123
2.2276e-123
2.22746e-123
1.829e-123
1.82878e-123
1.60716e-123
1.59091e-123
1.41166e-123
1.41162e-123
1.15693e-123
1.15682e-123
1.15673e-123
1.15667e-123
1.10033e-123
1.03226e-123
9.02619e-124
9.0254e-124
9.02494e-124
8.86154e-124
8.82119e-124
8.07722e-124
7.72894e-124
7.52323e-124
7.46487e-124
7.46444e-124
7.07692e-124
6.63003e-124
6.06277e-124
6.06272e-124
6.06237e-124
6.0621e-124
5.94374e-124
5.5299e-124
5.41234e-124
5.33325e-124
4.6076e-124
4.16474e-124
3.91403e-124
3.42529e-124
3.21787e-124
3.21777e-124
3.09832e-124
2.98252e-124
2.50019e-124
2.50018e-124
2.07406e-124
1.48145e-124
1.48143e-124
1.17795e-124
9.96875e-125
9.96797e-125
9.45993e-125
9.34321e-125
9.3432e-125
7.90863e-125
6.53901e-125
6.53883e-125
6.24e-125
4.90214e-125
4.72303e-125
4.20328e-125
3.44348e-125
3.42182e-125
3.15187e-125
3.1419e-125
2.73161e-125
2.73129e-125
2.41942e-125
2.12928e-125
1.70864e-125
1.70855e-125
1.70778e-125
1.70771e-125
1.69965e-125
1.63466e-125
1.37332e-125
1.36931e-125
1.36925e-125
1.07984e-125
1.0797e-125
1.06665e-125
1.04737e-125
9.65148e-126
8.49598e-126
7.99413e-126
7.72367e-126
6.23086e-126
4.93189e-126
4.93181e-126
4.93166e-126
4.60703e-126
3.99398e-126
3.99367e-126
3.67965e-126
2.89433e-126
2.49078e-126
2.30711e-126
2.06155e-126
2.06134e-126
1.5943e-126
1.59418e-126
1.5941e-126
1.59407e-126
1.3727e-126
1.37265e-126
1.37254e-126
1.23118e-126
1.23108e-126
1.12281e-126
1.05936e-126
9.82784e-127
9.24588e-127
9.24545e-127
9.24488e-127
7.8289e-127
7.82798e-127
7.20198e-127
6.42343e-127
5.84013e-127
5.83987e-127
5.83949e-127
5.83899e-127
4.88825e-127
4.88821e-127
4.72934e-127
3.94183e-127
3.94168e-127
3.85165e-127
3.85155e-127
3.07821e-127
2.96035e-127
2.42476e-127
2.42461e-127
2.42452e-127
2.13562e-127
2.04154e-127
1.97903e-127
1.20286e-127
1.13671e-127
1.02745e-127
1.02737e-127
9.40244e-128
9.40193e-128
7.85119e-128
6.12593e-128
6.12577e-128
6.12564e-128
5.92402e-128
4.83342e-128
4.83303e-128
4.24486e-128
4.10143e-128
3.18229e-128
3.18191e-128
3.18185e-128
2.84493e-128
2.72489e-128
2.72487e-128
2.46601e-128
2.30251e-128
1.8751e-128
1.83898e-128
1.66477e-128
1.66474e-128
1.66467e-128
1.53769e-128
1.53761e-128
1.12608e-128
1.12598e-128
1.12592e-128
1.1259e-128
1.04982e-128
9.25311e-129
9.06614e-129
8.26077e-129
7.95654e-129
7.69939e-129
7.18187e-129
6.37528e-129
5.94487e-129
5.16736e-129
5.12822e-129
4.57693e-129
4.57659e-129
4.35915e-129
4.1154e-129
3.67784e-129
3.65443e-129
3.35994e-129
3.35982e-129
3.04439e-129
3.04411e-129
2.89453e-129
2.82838e-129
2.60648e-129
2.54065e-129
2.39529e-129
2.13148e-129
2.13142e-129
1.92128e-129
1.84459e-129
1.8194e-129
1.68991e-129
1.65957e-129
1.65957e-129
1.53908e-129
1.38802e-129
1.33336e-129
1.20947e-129
1.14588e-129
1.08676e-129
1.0867e-129
1.02527e-129
1.02521e-129
9.15528e-130
7.23577e-130
7.23561e-130
6.33445e-130
5.79577e-130
5.79536e-130
5.58646e-130
4.6909e-130
4.01907e-130
3.52701e-130
3.527e-130
3.36724e-130
2.94615e-130
2.94606e-130
2.7018e-130
2.6012e-130
2.33413e-130
2.24228e-130
2.18675e-130
2.14857e-130
1.76447e-130
1.76442e-130
1.56285e-130
1.52466e-130
1.46077e-130
1.40714e-130
1.2266e-130
1.22647e-130
1.13592e-130
1.03513e-130
9.64422e-131
9.41317e-131
9.41252e-131
9.06537e-131
7.98165e-131
7.98153e-131
7.74918e-131
7.0332e-131
6.62774e-131
5.23553e-131
4.17483e-131
4.17473e-131
4.10044e-131
3.39155e-131
3.39123e-131
2.80761e-131
2.68703e-131
2.6868e-131
2.68641e-131
2.56771e-131
2.51876e-131
2.48582e-131
2.41018e-131
2.33883e-131
2.3387e-131
2.19384e-131
1.95711e-131
1.95706e-131
1.83558e-131
1.69247e-131
1.69233e-131
1.58731e-131
1.54095e-131
1.44541e-131
1.3218e-131
1.32179e-131
9.27359e-132
9.27356e-132
9.0179e-132
8.46468e-132
8.11602e-132
7.31117e-132
7.3111e-132
7.19906e-132
6.6557e-132
6.4901e-132
5.90191e-132
5.90156e-132
5.69544e-132
5.69422e-132
5.42257e-132
4.82688e-132
4.82682e-132
4.23566e-132
3.41593e-132
3.28167e-132
3.21026e-132
2.92241e-132
2.92218e-132
2.91527e-132
2.60975e-132
2.60963e-132
1.94106e-132
1.94069e-132
1.91258e-132
1.85556e-132
1.6929e-132
1.65229e-132
1.55904e-132
1.44724e-132
1.22071e-132
1.07796e-132
1.07401e-132
1.0252e-132
1.02506e-132
1.00701e-132
9.89752e-133
8.77344e-133
8.03693e-133
8.03624e-133
7.94313e-133
6.92531e-133
5.98272e-133
5.606e-133
5.35302e-133
4.37839e-133
3.9192e-133
3.91914e-133
3.41757e-133
3.08714e-133
2.94821e-133
2.76116e-133
2.76114e-133
2.72681e-133
2.57783e-133
2.49561e-133
2.25892e-133
2.18982e-133
2.18963e-133
2.04617e-133
1.78369e-133
1.68456e-133
1.48748e-133
1.42757e-133
1.36534e-133
1.32065e-133
1.23963e-133
1.14071e-133
1.14069e-133
1.07193e-133
9.20531e-134
9.20442e-134
8.36641e-134
6.05478e-134
5.42964e-134
4.42061e-134
3.90055e-134
3.9003e-134
3.76241e-134
3.71694e-134
3.42658e-134
3.2276e-134
2.83498e-134
2.5422e-134
2.2782e-134
2.06663e-134
2.06658e-134
1.98437e-134
1.77208e-134
1.61322e-134
1.54024e-134
1.51816e-134
1.50142e-134
1.41185e-134
1.41177e-134
1.18524e-134
1.18515e-134
1.03651e-134
8.95644e-135
8.95611e-135
8.95566e-135
8.46472e-135
7.16921e-135
5.95994e-135
5.95807e-135
5.95806e-135
5.50508e-135
5.08368e-135
4.18745e-135
3.74108e-135
3.74107e-135
3.65122e-135
3.48618e-135
3.13659e-135
3.10127e-135
2.76479e-135
2.42805e-135
2.25711e-135
1.79895e-135
1.79868e-135
1.79864e-135
1.79845e-135
1.68424e-135
1.32873e-135
1.14811e-135
1.14801e-135
1.01701e-135
8.88075e-136
8.19544e-136
8.05351e-136
7.43548e-136
5.6407e-136
5.64024e-136
5.64017e-136
5.63921e-136
5.21821e-136
4.74549e-136
4.74544e-136
4.74468e-136
4.59461e-136
3.80842e-136
3.52279e-136
2.88538e-136
2.87534e-136
2.60388e-136
2.23217e-136
2.23197e-136
2.23157e-136
2.23153e-136
2.13663e-136
2.12214e-136
1.69489e-136
1.69461e-136
1.69427e-136
1.6799e-136
1.59744e-136
1.48468e-136
1.43605e-136
1.22455e-136
1.09197e-136
9.31972e-137
9.20754e-137
8.50791e-137
7.72556e-137
7.41079e-137
6.00125e-137
5.77316e-137
5.63154e-137
5.14236e-137
5.14181e-137
4.5291e-137
4.46919e-137
4.45716e-137
4.23284e-137
3.70817e-137
3.70817e-137
3.5949e-137
3.47333e-137
2.92568e-137
2.65833e-137
2.27752e-137
2.23756e-137
1.97606e-137
1.88e-137
1.87987e-137
1.58043e-137
1.58028e-137
1.4441e-137
1.38284e-137
1.08558e-137
1.0854e-137
1.08536e-137
9.41629e-138
7.01598e-138
7.01555e-138
7.0154e-138
7.00853e-138
6.37136e-138
5.89555e-138
5.89528e-138
4.98477e-138
4.39902e-138
4.37476e-138
4.08261e-138
3.88202e-138
3.76523e-138
3.39809e-138
3.31989e-138
3.26436e-138
2.82081e-138
2.77854e-138
2.77852e-138
2.56008e-138
2.26386e-138
2.1736e-138
2.17354e-138
2.04824e-138
1.90792e-138
1.50697e-138
1.50696e-138
1.37632e-138
1.18872e-138
1.18868e-138
1.04351e-138
9.95119e-139
9.87264e-139
8.23948e-139
7.95526e-139
7.23956e-139
6.84419e-139
6.54499e-139
6.54486e-139
5.71289e-139
5.14517e-139
5.14516e-139
3.8095e-139
3.80943e-139
3.02577e-139
3.00189e-139
2.77284e-139
2.45894e-139
2.14126e-139
2.14118e-139
2.14104e-139
1.97701e-139
1.97686e-139
1.83056e-139
1.81338e-139
1.64368e-139
1.49423e-139
1.49422e-139
1.36841e-139
1.35653e-139
1.16012e-139
1.10368e-139
1.0036e-139
1.0036e-139
9.95778e-140
8.30376e-140
8.30334e-140
7.62446e-140
7.10549e-140
5.56437e-140
5.53831e-140
5.02252e-140
5.02232e-140
5.022e-140
4.61077e-140
3.91047e-140
3.33451e-140
3.33445e-140
3.16276e-140
2.67639e-140
2.18957e-140
1.97668e-140
1.83934e-140
1.80619e-140
1.74651e-140
1.4595e-140
1.12457e-140
1.12452e-140
9.58817e-141
9.58767e-141
8.20148e-141
6.82884e-141
6.82862e-141
6.8281e-141
6.49943e-141
6.24285e-141
5.10222e-141
5.10189e-141
4.86932e-141
4.86896e-141
4.44198e-141
3.73965e-141
3.44048e-141
3.34518e-141
3.2302e-141
3.07742e-141
2.51781e-141
2.19815e-141
2.08069e-141
2.06158e-141
1.79868e-141
1.79859e-141
1.6633e-141
1.44633e-141
1.44632e-141
1.419e-141
1.21065e-141
1.16646e-141
1.1664e-141
1.16632e-141
1.06566e-141
1.06563e-141
1.06474e-141
8.92774e-142
7.64206e-142
7.64169e-142
7.44608e-142
6.66088e-142
6.60839e-142
6.60823e-142
6.21046e-142
5.68572e-142
5.68557e-142
5.3035e-142
4.85005e-142
4.67899e-142
4.55194e-142
4.41233e-142
3.77896e-142
3.55668e-142
3.14036e-142
2.70325e-142
2.70304e-142
2.70303e-142
1.86478e-142
1.86471e-142
1.77393e-142
1.40953e-142
1.2852e-142
1.18609e-142
1.02189e-142
9.36955e-143
9.36888e-143
6.80527e-143
6.09961e-143
4.80833e-143
4.80762e-143
4.80716e-143
4.40136e-143
4.40103e-143
4.40061e-143
4.38581e-143
4.38579e-143
3.99206e-143
3.99198e-143
3.86264e-143
3.74142e-143
3.28118e-143
2.71377e-143
2.71365e-143
2.46996e-143
2.46988e-143
2.43779e-143
2.27197e-143
2.16292e-143
2.08e-143
2.07995e-143
1.85218e-143
1.79629e-143
1.75853e-143
1.68541e-143
1.68533e-143
1.46114e-143
1.45086e-143
1.42522e-143
1.33145e-143
1.23565e-143
1.21726e-143
1.13622e-143
1.13612e-143
1.07522e-143
1.02832e-143
9.77373e-144
9.27943e-144
8.91977e-144
8.09029e-144
8.09028e-144
7.88731e-144
7.55824e-144
6.51958e-144
6.51936e-144
6.21155e-144
5.94113e-144
5.64612e-144
5.26455e-144
5.00345e-144
4.30647e-144
3.70004e-144
3.69993e-144
3.5848e-144
2.95724e-144
2.6429e-144
2.38388e-144
2.36151e-144
2.05161e-144
1.9402e-144
1.75999e-144
1.3388e-144
1.33878e-144
1.28974e-144
1.23016e-144
1.03845e-144
1.00677e-144
1.00675e-144
8.18653e-145
7.91187e-145
6.64418e-145
6.64412e-145
6.64398e-145
6.41285e-145
5.35381e-145
5.35373e-145
5.35322e-145
5.26919e-145
4.70564e-145
4.56666e-145
4.37155e-145
4.19919e-145
3.71737e-145
3.3093e-145
3.3091e-145
3.21964e-145
2.97684e-145
2.68699e-145
2.31278e-145
2.30887e-145
1.8457e-145
1.8456e-145
1.70563e-145
1.53397e-145
1.34462e-145
1.34458e-145
1.08767e-145
7.69737e-146
7.52279e-146
7.0975e-146
6.48867e-146
6.32885e-146
6.05912e-146
5.88299e-146
5.30361e-146
4.96001e-146
4.25536e-146
4.25513e-146
3.90888e-146
3.39804e-146
2.99441e-146
2.84808e-146
2.84784e-146
2.8476e-146
2.84253e-146
2.77857e-146
2.45287e-146
2.24393e-146
2.24366e-146
2.20827e-146
2.15617e-146
1.86264e-146
1.86261e-146
1.83939e-146
1.7609e-146
1.64648e-146
1.45202e-146
1.27151e-146
1.27148e-146
1.19478e-146
1.19476e-146
1.02715e-146
1.02699e-146
8.48279e-147
8.21836e-147
7.67832e-147
7.62319e-147
6.68882e-147
5.62836e-147
4.75546e-147
4.75512e-147
4.36255e-147
3.46658e-147
3.46644e-147
3.19271e-147
2.97047e-147
2.9624e-147
2.79493e-147
2.51475e-147
2.26519e-147
2.07707e-147
1.93734e-147
1.84165e-147
1.51984e-147
1.51973e-147
1.5197e-147
1.37414e-147
1.37402e-147
1.25706e-147
1.09347e-147
1.09328e-147
9.59867e-148
8.70507e-148
8.70503e-148
7.73997e-148
7.73861e-148
7.54924e-148
7.54791e-148
7.05042e-148
7.05005e-148
6.31675e-148
5.34675e-148
5.12518e-148
5.04174e-148
4.34956e-148
4.24195e-148
3.81803e-148
2.54088e-148
2.49471e-148
2.05128e-148
2.05117e-148
2.05046e-148
1.89188e-148
1.85723e-148
1.62629e-148
1.57341e-148
1.41528e-148
1.40772e-148
1.31363e-148
1.31329e-148
1.18521e-148
1.09216e-148
1.0919e-148
1.05412e-148
9.81453e-149
8.52303e-149
8.38732e-149
7.06464e-149
7.06444e-149
6.99399e-149
6.5186e-149
6.13638e-149
5.94241e-149
5.53895e-149
5.53399e-149
4.3815e-149
4.37973e-149
4.37831e-149
4.15385e-149
3.18034e-149
3.17845e-149
3.07648e-149
2.7143e-149
2.71326e-149
2.55794e-149
2.54096e-149
2.46722e-149
2.34163e-149
2.09854e-149
2.08216e-149
1.96845e-149
1.79315e-149
1.67037e-149
1.49641e-149
1.4957e-149
1.45102e-149
1.27258e-149
1.26892e-149
1.17342e-149
1.17331e-149
1.03638e-149
1.0269e-149
8.88597e-150
8.23202e-150
7.10346e-150
7.10341e-150
7.10218e-150
6.68391e-150
6.35764e-150
6.14112e-150
4.65622e-150
4.65619e-150
4.22767e-150
4.11219e-150
4.06794e-150
4.06791e-150
3.80092e-150
3.57169e-150
3.30165e-150
3.03173e-150
2.83578e-150
2.76614e-150
2.5643e-150
2.44296e-150
2.23312e-150
2.23213e-150
2.02349e-150
1.97363e-150
1.75126e-150
1.69879e-150
1.62329e-150
1.37916e-150
1.37866e-150
1.35638e-150
1.19675e-150
1.16546e-150
1.06949e-150
8.95026e-151
8.83525e-151
8.32536e-151
6.77964e-151
6.03304e-151
6.03289e-151
5.79615e-151
4.51173e-151
3.1379e-151
3.13544e-151
3.13424e-151
2.97708e-151
2.95541e-151
2.91151e-151
2.52107e-151
2.52021e-151
2.05068e-151
2.04959e-151
2.03915e-151
1.72006e-151
1.6502e-151
1.64915e-151
1.47229e-151
1.47228e-151
1.15497e-151
1.15488e-151
1.15486e-151
1.15472e-151
1.124e-151
1.00031e-151
9.67923e-152
8.81546e-152
8.08312e-152
6.34017e-152
6.27344e-152
6.26853e-152
5.75777e-152
5.48155e-152
4.97277e-152
4.97172e-152
4.65968e-152
3.96468e-152
3.75203e-152
3.47584e-152
2.98516e-152
2.63342e-152
2.60591e-152
2.22758e-152
2.12656e-152
2.08592e-152
2.08549e-152
2.08544e-152
1.7933e-152
1.50013e-152
1.26088e-152
1.26076e-152
1.14806e-152
1.12809e-152
1.11618e-152
9.36529e-153
9.36406e-153
9.36073e-153
7.76854e-153
7.2815e-153
6.47692e-153
6.00895e-153
4.4651e-153
4.02128e-153
3.56212e-153
3.13496e-153
2.95485e-153
2.95414e-153
2.95114e-153
2.6013e-153
2.38441e-153
2.38434e-153
1.939e-153
1.93886e-153
1.83861e-153
1.62103e-153
1.43378e-153
1.43361e-153
1.43244e-153
1.17122e-153
1.1704e-153
1.08701e-153
1.0547e-153
1.0355e-153
9.58451e-154
9.31793e-154
7.63457e-154
6.79743e-154
6.79709e-154
5.96177e-154
5.79776e-154
4.84047e-154
4.83667e-154
4.3397e-154
4.33956e-154
4.33937e-154
4.19943e-154
4.19929e-154
3.87425e-154
3.57395e-154
2.97535e-154
2.57761e-154
2.4201e-154
2.08461e-154
1.53607e-154
1.37791e-154
1.37671e-154
1.37662e-154
1.3644e-154
1.36352e-154
1.07106e-154
9.55831e-155
9.55468e-155
9.54148e-155
9.54093e-155
9.00318e-155
7.52934e-155
7.50682e-155
6.47143e-155
6.37775e-155
6.09837e-155
5.27034e-155
5.26795e-155
4.99298e-155
4.85153e-155
4.08904e-155
