1480.55
1457.27
1413.28
1283.65
1283.65
1283.65
1274.69
1252.01
1179.32
1174
1174
1157.7
1157.7
1068.25
1068.25
1068.25
1068.25
1068.25
1068.25
1068.25
1068.25
1068.25
1051.92
1051.92
1044.52
1023.86
1023.86
1023.86
1023.86
1014.93
1014.93
1014.93
1012.82
1012.72
912.642
912.642
912.642
912.642
912.642
912.642
912.642
912.642
912.642
912.642
912.642
912.642
912.642
912.642
912.642
912.642
912.642
912.642
908.944
908.944
908.944
908.944
908.944
908.944
908.944
908.944
908.944
908.944
908.944
908.944
908.944
903.703
903.703
903.703
903.703
903.703
903.703
893.372
893.372
893.372
893.372
893.372
893.372
885.387
885.387
885.387
885.387
885.387
885.387
860.983
860.983
860.983
856.413
856.413
856.413
856.413
856.413
851.462
851.462
851.462
851.462
843.626
843.626
843.626
824.377
796.244
796.244
796.244
796.244
796.244
790.203
790.203
790.203
790.203
790.203
790.203
790.203
790.203
790.203
790.203
790.203
790.203
790.203
790.203
790.203
790.203
790.203
790.203
790.203
790.203
790.203
790.203
790.203
790.203
790.203
790.203
790.203
790.203
790.203
790.203
790.203
790.203
790.203
790.203
790.203
790.203
790.203
790.203
790.203
790.203
790.203
790.203
790.203
790.203
790.203
790.203
790.203
790.203
773.144
773.144
773.144
773.144
773.144
773.144
773.144
773.144
773.144
773.144
773.144
773.144
773.144
773.144
773.144
773.144
773.144
773.144
773.144
773.144
773.144
773.144
773.144
773.144
773.144
773.144
773.144
773.144
773.144
773.144
773.144
773.144
773.144
773.144
746.138
746.138
746.138
746.138
746.138
746.138
746.138
746.138
746.138
746.138
746.138
746.138
746.138
746.138
746.138
746.138
746.138
746.138
746.138
746.138
746.138
746.138
746.138
746.138
746.138
746.138
746.138
746.138
746.138
746.138
746.138
746.138
746.138
746.138
746.138
746.138
746.138
746.138
746.138
746.138
746.138
746.138
738.552
738.552
738.552
738.552
738.552
738.552
738.552
738.552
738.552
738.552
738.552
738.552
738.552
738.552
738.552
738.552
738.552
738.552
738.552
738.552
738.552
738.552
738.552
724.163
724.163
724.163
724.163
724.163
712.719
712.719
712.719
712.719
712.719
712.719
712.719
712.719
712.719
712.719
712.719
712.719
712.719
712.719
712.719
712.719
712.719
711.687
711.687
711.687
711.687
711.687
711.687
711.687
711.687
711.687
711.687
711.687
702.01
702.01
702.01
702.01
702.01
702.01
702.01
702.01
698.599
698.599
698.599
698.599
698.599
691.733
691.733
691.733
691.733
682.293
682.293
682.293
682.293
682.293
682.293
682.293
682.293
682.293
682.293
682.293
682.293
682.293
682.293
682.293
682.293
682.293
665.991
665.991
665.991
665.991
665.991
665.991
665.991
665.991
665.991
662.554
652.181
652.181
652.181
652.181
652.181
652.181
651.473
651.473
645.733
645.733
645.733
645.733
645.733
645.733
639.244
639.244
639.244
639.244
639.244
639.244
639.244
639.244
635.441
632.91
632.91
632.91
632.91
628.647
628.647
628.647
627.852
627.852
627.852
626.448
625.182
625.182
624.701
624.701
622.891
622.544
622.544
622.544
622.544
619.663
619.663
619.663
612.232
612.232
612.232
603.828
603.828
603.828
603.828
603.828
603.828
603.828
603.828
603.828
603.828
588.155
588.155
588.155
588.155
588.155
588.155
588.155
588.155
588.155
588.155
588.155
588.155
580.904
580.904
580.904
580.904
580.904
578.149
570.298
570.298
570.298
570.298
570.298
570.298
570.298
570.298
570.298
570.298
570.298
565.005
565.005
565.005
565.005
565.005
565.005
565.005
555.287
555.287
555.287
555.287
555.287
555.287
554.191
554.191
554.191
554.191
554.191
552.901
549.893
543.551
541.615
541.615
541.615
541.615
537.958
537.958
537.958
537.958
537.958
537.958
537.958
533.726
531.789
531.789
499.942
499.942
499.942
499.942
499.942
499.942
497.279
497.279
497.279
497.279
493.238
493.238
492.936
492.936
492.936
492.936
492.936
492.936
492.936
492.936
492.936
492.936
492.936
492.936
492.936
492.936
492.936
475.841
475.841
472.323
472.323
472.323
472.323
467.887
467.887
467.887
453.65
453.65
453.65
453.65
453.65
453.65
453.65
453.65
453.65
448.421
448.421
448.421
448.421
448.421
448.421
430.348
430.348
430.348
430.348
430.348
430.348
430.348
430.348
430.348
430.348
430.348
430.348
430.348
430.348
430.348
430.348
430.348
430.348
430.348
430.348
429.985
429.985
429.985
424.647
424.647
424.647
424.647
424.647
424.647
424.647
424.647
416.144
416.144
415.547
415.547
415.547
415.547
415.547
415.547
415.547
415.547
415.547
415.547
415.547
415.547
415.547
415.547
415.547
415.547
415.547
415.547
415.547
415.547
415.547
406.761
406.761
406.761
406.761
406.761
406.761
406.761
406.761
406.761
406.761
406.761
406.761
406.761
406.761
404.292
404.292
404.292
404.292
404.292
404.292
400.95
400.95
400.95
400.95
400.95
400.95
400.95
400.95
400.95
400.95
400.95
400.95
400.95
400.95
400.95
400.886
400.886
400.886
400.886
400.886
399.9
399.9
399.9
399.9
399.568
395.38
392.301
392.301
387.857
387.857
387.857
385.685
385.685
385.487
385.487
383.235
383.235
383.235
383.235
383.235
383.235
383.235
383.235
383.235
383.235
383.235
383.235
374.314
373.219
373.219
373.219
373.201
373.201
361.652
361.652
361.652
361.652
361.652
361.652
361.652
361.652
359.564
359.564
359.564
359.564
359.564
359.564
354.271
354.271
354.271
354.271
354.271
354.271
354.271
343.089
343.089
343.089
343.089
343.089
334.473
334.473
334.473
334.473
334.473
334.473
334.473
325.286
325.286
325.286
325.286
325.286
325.286
325.286
325.286
325.286
325.286
325.286
325.286
325.286
325.286
325.286
325.286
325.286
325.026
325.026
325.026
324.5
324.5
324.5
324.5
324.5
324.5
324.5
324.5
324.5
324.5
324.5
323.237
323.237
323.237
323.237
323.237
323.237
322.994
321.461
321.461
321.461
321.461
321.461
321.461
321.461
321.461
320.543
320.543
320.543
320.543
320.428
320.428
312.67
312.67
312.67
312.67
312.67
312.67
312.67
312.67
293.746
293.746
293.746
293.746
293.746
293.17
293.17
292.961
292.961
292.961
287.004
287.004
287.004
287.004
287.004
284.823
284.823
284.823
280.862
280.862
276.861
276.861
276.861
276.861
276.861
276.861
276.861
276.861
276.861
276.861
276.861
276.861
276.036
276.036
276.036
276.036
276.036
276.036
276.036
276.036
276.036
276.036
276.036
276.036
276.036
276.036
276.036
276.036
276.036
276.036
275.716
266.859
266.441
266.441
266.441
266.441
266.441
266.441
266.441
266.441
266.441
266.441
266.441
266.441
266.441
266.441
266.441
266.441
266.441
266.441
266.441
266.441
266.441
266.441
266.441
266.441
266.402
265.218
265.218
265.218
265.218
265.218
265.218
265.218
264.365
264.365
264.365
264.365
264.365
259.271
256.108
256.108
256.108
256.108
256.108
256.108
256.108
256.108
256.108
256.108
256.108
256.108
256.108
256.108
256.108
256.108
256.108
256.108
256.108
255.988
255.988
255.988
255.988
255.988
255.988
255.988
251.163
251.163
251.163
251.163
251.163
251.163
251.163
251.163
251.163
251.163
251.163
251.163
251.163
251.163
251.163
251.163
251.163
251.163
251.163
251.163
251.163
251.163
248.285
248.195
248.075
248.075
248.075
248.075
248.075
248.075
248.075
248.075
247.605
247.605
247.605
247.605
247.605
247.605
242.273
242.273
242.273
239.1
238.762
238.762
238.214
238.214
238.214
238.214
238.214
238.214
238.214
238.214
238.214
238.214
238.214
238.214
238.214
238.214
237.873
237.873
228.631
228.631
228.631
228.631
228.631
228.631
228.631
222.697
219.01
219.01
219.01
219.01
219.01
218.652
218.652
218.538
218.538
215.276
215.276
215.276
215.276
214.772
214.772
214.772
214.772
214.772
214.772
214.772
214.772
214.772
214.772
214.772
214.772
214.772
214.772
214.772
213.449
213.449
213.449
213.449
213.449
212.008
212.008
211.579
211.579
211.579
211.579
210.278
210.278
210.278
209.388
209.388
209.388
209.388
209.388
209.388
209.388
209.388
209.388
209.388
209.388
208.339
208.339
208.339
208.339
208.339
208.339
208.339
208.339
206.384
206.384
206.384
201.647
201.647
201.647
201.647
201.647
201.647
201.647
201.647
201.647
200.791
200.791
200.791
200.791
198.42
198.42
198.42
198.42
198.42
197.986
197.986
197.986
197.986
197.986
197.986
197.986
197.986
197.986
197.986
197.986
197.986
197.986
195.917
195.917
195.917
195.917
195.917
195.917
192.726
192.726
192.726
192.726
192.726
192.726
192.726
192.726
192.688
192.688
192.688
192.688
190.861
189.999
189.999
189.999
189.999
189.999
188.925
186.839
186.839
186.839
186.839
186.839
184.387
184.387
184.387
184.387
184.387
184.387
184.387
184.387
184.387
184.387
184.387
184.387
184.387
184.387
184.387
182.671
182.671
182.671
182.671
182.671
182.414
182.414
182.414
182.414
180.073
176.326
176.326
176.326
175.579
175.579
175.579
175.579
175.579
175.579
175.579
175.579
175.579
175.579
175.579
175.579
175.579
175.579
175.579
175.579
175.579
175.579
175.579
175.221
175.221
175.221
175.221
171.968
171.968
171.968
171.968
171.968
160.981
160.981
160.981
160.47
160.47
160.47
160.47
160.47
160.47
160.47
160.47
160.47
160.47
160.47
160.47
160.47
160.47
149.237
149.237
149.237
149.237
149.237
149.237
149.237
149.237
149.237
149.237
149.237
149.237
149.237
149.237
149.237
149.237
149.237
149.237
147.157
147.157
147.157
147.157
147.157
147.157
147.157
147.157
147.157
146.972
146.972
146.972
146.972
146.972
146.972
146.972
146.16
146.16
146.16
145.98
145.98
145.98
145.98
145.98
145.98
145.98
145.98
145.98
145.98
145.98
145.98
142.164
142.164
142.164
142.164
142.164
142.164
141.494
141.494
141.494
141.494
141.494
141.494
141.479
141.479
141.479
141.479
141.479
141.479
141.479
141.479
141.479
141.479
141.479
137.451
137.451
136.458
132.314
132.314
132.314
132.314
132.314
132.314
132.314
132.309
132.309
131.907
130.627
130.627
130.627
130.627
130.627
130.627
130.627
130.627
130.627
130.627
130.627
130.627
130.627
130.627
130.627
130.627
130.627
130.627
130.627
130.627
130.627
130.627
130.627
130.627
130.627
130.627
130.439
130.439
130.439
130.439
130.439
130.439
130.439
130.439
129.861
129.861
129.861
129.861
129.861
129.861
129.598
129.598
129.598
129.598
128.962
128.962
128.962
128.538
128.538
128.481
128.474
128.474
128.474
128.474
128.06
128.06
128.06
128.06
128.06
128.06
128.06
127.112
127.112
127.112
125.671
125.442
123.807
123.807
123.807
123.807
123.512
123.512
123.512
123.512
123.512
121.524
121.524
121.524
121.524
121.524
121.524
120.169
120.169
120.169
120.169
120.169
120.169
117.318
117.318
117.318
117.318
117.318
117.318
117.318
113.65
113.65
113.65
113.65
113.463
113.463
113.463
113.218
113.218
113.218
113.218
113.218
113.218
113.218
113.065
113.065
113.065
113.065
113.065
112.225
112.225
112.225
112.225
112.225
112.225
112.225
112.225
112.225
112.225
112.225
112.225
112.225
112.225
112.225
111.459
111.459
111.459
105.443
105.443
105.443
105.443
104.369
104.369
104.369
104.369
104.369
104.369
104.369
104.369
104.369
104.369
104.369
104.369
104.369
104.369
104.369
104.369
104.369
104.369
104.369
104.249
104.249
104.249
104.249
104.249
104.249
104.249
104.249
103.255
103.255
103.255
103.255
103.255
103.255
103.255
103.255
103.255
103.255
103.255
103.255
103.255
103.255
103.255
103.255
103.255
103.255
103.255
103.255
103.255
103.255
103.255
103.243
103.222
103.222
103.222
103.222
103.222
103.222
103.222
103.222
103.222
103.222
103.09
103.09
103.09
103.09
103.09
103.09
103.09
103.09
103.09
103.09
103.09
103.09
103.09
103.09
103.09
103.09
103.09
103.09
103.09
103.09
102.791
102.791
102.791
102.635
102.635
102.635
101.362
101.362
101.271
101.271
101.271
101.271
101.271
101.271
97.7757
97.7757
97.7757
97.566
97.566
96.5118
96.5118
96.5118
96.5118
96.5118
96.5118
96.5118
96.5118
96.5118
96.5118
96.5118
96.5118
96.5118
96.5118
96.5118
96.5118
96.5118
96.5118
96.5118
94.3705
94.3705
94.3705
94.3705
94.3705
94.3705
94.3705
94.3705
94.3705
94.3705
94.3705
94.3705
94.3705
94.3705
94.3705
92.5871
92.5871
92.293
92.293
91.1365
91.1365
91.1365
91.1365
91.1365
91.1365
91.1365
91.0358
91.0358
91.0358
91.0358
88.6101
88.6101
88.6101
88.6101
88.6101
88.6101
88.6101
88.6101
88.6101
87.8711
87.8711
87.8711
87.8711
87.8711
87.8711
87.8711
87.8711
87.8711
87.8711
87.8711
85.9813
85.9813
81.2778
81.2778
81.2778
81.2778
81.2778
81.2778
81.2778
81.2778
81.2778
81.2778
81.2778
81.2778
81.2778
81.2778
81.2778
81.2778
81.2778
81.2778
81.2778
81.2778
79.8319
79.8319
79.8319
79.1522
79.1522
79.1522
79.1522
79.1522
79.1522
79.1522
79.1522
79.1522
78.6597
78.6597
78.6597
78.6597
78.6597
78.1905
78.1905
78.1905
78.1905
78.1905
78.1905
78.1905
78.1905
78.1535
78.1535
78.1535
77.7158
77.7158
77.7158
77.7158
77.7158
77.7158
77.7158
77.7158
77.5577
77.5577
77.5577
77.5577
77.5577
77.5577
77.5577
77.5577
77.5577
77.5577
74.3702
74.3702
74.3702
74.3702
74.3702
74.3702
74.3702
74.3702
74.3702
74.3702
74.3702
74.3702
73.9888
71.8892
71.78
71.78
71.78
71.78
71.5542
71.5542
71.5542
71.5542
71.5542
71.5542
71.5542
71.5542
71.5542
71.5542
71.5542
71.5542
71.5542
71.5542
71.5542
71.5542
71.5542
71.5542
71.5542
71.5542
71.5542
71.5542
71.5542
71.1418
70.6865
70.6865
70.6865
70.6865
70.6865
70.1296
70.1296
70.1296
70.1296
70.1296
70.1296
70.1296
70.1296
70.1296
70.1296
70.1296
70.1296
70.1296
70.1296
70.1296
70.1296
70.1296
70.1296
70.1296
70.1296
70.1296
70.1296
69.8746
69.8746
69.8746
69.8746
69.8746
69.8746
69.8746
69.8746
69.7973
69.7973
69.7973
69.7973
69.7973
69.7973
69.7973
69.7973
68.2431
68.2431
68.2431
68.2431
68.2431
67.8892
67.8892
67.8892
67.8892
67.8892
67.8892
67.8892
67.8892
67.8892
67.3912
67.3912
67.3631
67.3631
67.3631
67.3631
67.3631
67.3631
67.3631
67.3631
67.3631
67.3631
65.9635
65.9635
65.4449
65.4449
65.4449
65.4449
65.4449
65.4449
63.031
63.031
62.1049
62.1049
62.1049
62.1049
62.1049
62.1049
62.1049
60.7776
60.7776
60.7776
60.7776
60.7776
60.7776
60.7776
60.7776
60.7776
60.7776
60.7776
60.7776
60.7776
60.7776
58.4171
58.4171
58.4171
57.6799
57.6799
57.6799
57.6799
56.8425
56.8425
56.8425
56.8425
56.8425
56.8425
56.8425
56.8425
56.7354
56.7354
56.7354
56.7354
56.7354
56.7354
56.7354
55.6749
55.6749
55.6749
55.6749
55.6749
55.6749
55.6749
55.6749
55.6749
55.2695
55.2695
55.2695
55.2695
55.2695
55.2695
55.2695
55.2695
55.2695
55.2695
55.2695
55.2695
55.2695
55.2641
55.2641
55.2641
55.2641
55.2641
55.2641
55.2641
55.2335
55.2335
55.2335
55.2335
55.2335
55.2335
55.2335
55.1719
55.1719
55.1719
55.1719
55.1719
54.2553
54.2553
54.2553
54.2553
54.2553
54.2553
54.2553
54.2553
54.2553
54.2424
53.2576
51.3757
51.3757
51.3757
51.2676
51.2676
51.2676
51.2676
51.2676
51.2676
51.2676
51.2676
51.2676
51.2676
51.1666
51.1666
51.1666
51.1666
51.1666
51.1666
51.1662
51.0993
51.0993
51.0993
51.0993
51.0993
51.0993
51.0993
51.0993
51.0993
51.0993
50.4521
49.6036
49.6036
48.9526
48.9526
48.399
48.399
48.399
48.399
48.399
48.399
48.399
48.3872
48.3872
48.3872
48.3872
48.3872
48.3872
45.7553
45.7553
45.7553
45.7553
45.7553
45.7553
45.7553
45.7553
45.7553
45.7553
45.7553
45.7553
45.6237
45.0245
45.0245
45.0245
45.0245
45.0245
45.0245
45.0245
45.0245
45.0245
44.7802
44.7802
44.7802
44.7802
44.7802
44.7802
44.7802
44.7802
44.7802
44.7802
44.7802
44.7802
44.7802
44.6525
44.6525
44.1897
44.1897
43.5996
43.5996
43.5996
43.5996
43.5996
43.5996
43.5996
42.2167
42.2167
42.2167
42.2167
42.2167
41.3986
41.3986
41.3986
41.3986
40.9013
40.9013
40.9013
40.9013
40.0072
39.6672
39.6672
39.6672
39.6672
39.6672
39.6672
39.6672
39.6672
39.6672
39.6672
39.6672
39.6672
39.6672
39.6672
39.6672
39.6672
39.6672
39.6672
39.6672
39.6672
39.6672
39.6672
39.6672
39.6672
39.6672
39.6672
39.6672
39.6672
39.6672
39.6672
39.3837
38.7677
38.5542
38.5542
38.5542
38.5542
38.5542
38.5542
38.5542
38.5542
38.5542
38.5542
38.5542
38.5542
38.5542
38.5102
38.5102
38.5102
38.5102
38.5102
38.5102
38.5102
38.4257
38.4257
38.4257
38.4257
38.4257
38.4257
38.4257
38.4257
38.4257
38.4257
38.4257
38.4257
38.4257
38.4257
38.4257
38.3922
38.3922
38.3922
38.3922
38.3922
38.3922
38.3922
38.3922
38.3922
38.3424
38.3424
38.3424
38.3424
38.3424
38.2913
38.2913
35.7817
35.7817
35.7817
35.7817
35.6481
35.6481
35.6481
35.6481
35.6481
35.6481
35.6481
35.6481
35.6481
35.6481
35.6481
35.6481
35.6481
35.6481
35.6481
35.6481
35.6481
35.6481
35.6481
35.6481
35.6481
35.6481
35.6481
35.6481
35.6481
35.6481
35.6481
35.6481
35.6481
35.6481
35.6481
35.6481
35.6481
35.6481
35.6481
35.6481
35.614
35.614
35.614
35.614
35.614
35.027
35.027
35.027
35.027
35.027
34.1752
34.1752
34.1752
34.1752
34.1752
34.1752
34.1752
34.1752
34.1752
34.1752
34.1752
34.1752
34.1752
34.1752
34.1752
34.1752
34.1752
34.1752
34.0381
34.0381
34.0381
33.8709
33.8709
33.3093
33.3093
33.1026
33.1026
33.1026
32.882
32.882
32.882
32.882
32.882
32.7856
32.2728
32.2057
32.2057
32.2057
32.2057
32.005
32.005
32.005
32.005
32.005
32.005
32.005
32.005
32.005
32.005
32.005
32.005
32.005
32.005
32.005
32.005
31.1048
31.1048
31.1048
31.1048
31.1048
31.1048
30.6413
29.7691
29.7691
29.6678
29.6678
29.6678
29.6678
29.6678
29.6678
29.6678
29.6678
29.6678
29.6678
29.4272
29.4272
29.4272
29.4272
29.4272
29.3836
29.3836
29.3836
29.1131
29.1131
29.1131
29.1131
29.1131
29.1131
29.1131
29.1131
29.1131
29.1131
29.1131
28.4597
28.4597
28.4597
28.4597
28.4597
28.4597
28.4597
28.4597
28.4597
28.4597
28.4597
28.4597
28.4597
28.4597
28.4597
28.4597
28.4597
28.4597
28.4597
28.4597
28.4597
28.4597
28.4597
28.4597
28.4597
28.4597
27.2999
27.2999
27.2999
27.2999
27.2999
27.2999
27.2999
27.2999
27.2999
27.2999
27.2999
26.4626
26.4626
26.4626
26.4626
26.227
26.227
26.227
26.227
26.227
26.227
26.227
26.227
26.227
26.227
26.227
26.227
26.227
26.227
24.7408
24.7408
24.7408
24.7408
24.3245
24.3245
24.3245
24.3245
23.7547
23.7547
23.7547
23.7547
23.7547
23.7547
23.7547
23.7547
23.7297
23.7297
23.7297
22.7564
22.7564
22.7564
22.7564
22.7564
22.7564
22.7564
22.7564
22.7564
22.751
22.751
22.4286
22.4286
22.4286
22.4286
22.4286
22.4286
22.4286
22.4286
22.4286
22.4286
22.4286
22.4286
22.4286
22.4286
22.4286
22.4286
21.5002
21.5002
21.5002
21.5002
21.5002
21.5002
21.5002
21.5002
21.5002
21.5002
21.5002
21.5002
21.5002
21.5002
21.5002
21.5002
21.5002
21.5002
21.5002
21.2581
21.2581
21.2581
21.2581
21.2581
21.2203
21.2203
21.2203
21.2203
21.2203
21.2203
21.2203
21.2203
21.2203
21.2203
21.2203
21.2203
21.2203
21.2203
21.2203
21.2203
21.2203
21.2203
21.2203
21.2203
20.9742
20.9742
20.9742
20.9742
20.9742
20.9742
20.9742
20.9742
20.9742
20.9742
20.9251
20.8727
20.8478
20.0464
19.2675
18.7345
18.7345
18.7345
18.7345
18.7345
18.7345
18.7345
18.7345
18.7345
18.5465
18.5465
18.5465
18.5465
18.5465
18.5465
17.791
16.847
16.8182
16.8182
16.8182
16.8182
16.8182
16.8182
16.8182
16.8182
16.8182
16.8058
16.8058
16.7579
16.7579
16.7579
16.7579
16.7154
16.7154
16.6938
16.6938
16.6938
16.5512
16.5512
16.5512
16.5512
16.4791
16.4791
16.4791
16.4791
15.6661
14.6385
14.6385
14.6385
14.6385
14.6385
14.6385
14.6385
14.6385
14.6385
14.6385
14.3296
14.3296
14.3296
14.3296
14.3296
14.3296
13.9188
13.9188
13.9188
13.9188
13.9188
13.9188
13.9188
13.9188
13.9188
13.9188
13.9188
13.9188
13.9188
13.8292
13.8292
13.8292
13.8292
13.8292
13.7751
13.6658
13.6658
13.6658
13.6658
13.6658
13.6658
13.6658
13.6607
13.6607
13.6607
13.6607
13.6411
13.5131
13.0839
13.0839
13.0839
13.0839
13.0839
13.0839
13.0839
13.0812
13.0812
13.0812
13.0812
12.8277
12.8277
12.8277
12.8277
12.8277
12.8277
12.8277
12.8277
12.8277
12.8277
12.6444
12.5225
12.5225
12.5225
12.5225
12.5225
12.5225
12.1961
12.1961
12.1961
12.1961
12.1961
12.1961
12.1961
12.1961
12.1961
12.1961
12.1568
12.1568
12.1304
12.1304
12.1201
12.1201
12.1201
12.1201
12.1201
12.1201
12.1201
12.1201
12.1201
11.084
11.084
11.084
11.084
11.084
11.084
11.084
11.084
11.084
11.021
11.021
11.021
11.0144
10.8818
10.8818
10.6728
10.6728
10.6728
10.6728
10.6728
10.6728
10.6728
10.6728
10.6728
10.6728
10.6728
10.1062
10.1062
10.0467
10.0467
10.0467
10.0467
10.0467
10.0467
10.0467
10.0467
10.0467
10.0467
10.0467
10.0467
10.0411
10.0411
10.0411
10.0411
10.0411
9.71662
9.71662
9.71662
9.71662
9.60513
8.48235
8.48235
8.48235
8.48235
8.48235
8.48235
8.48235
8.46037
8.46037
8.46037
8.46037
8.45439
8.45439
8.45439
8.45439
8.45439
8.45439
8.45439
8.45439
8.45439
8.45439
8.45439
8.45439
8.44071
8.44071
8.44071
8.44071
8.44071
8.44071
8.44071
8.44071
8.44071
8.44071
8.44071
8.44071
8.44071
8.44071
8.44071
8.44071
7.68345
7.68345
7.68345
7.68345
7.6674
7.6674
7.6674
7.6674
7.6674
7.6674
7.6674
7.6674
7.6674
7.25975
7.16561
6.78966
6.78966
6.78966
6.78966
6.78966
6.78966
6.78966
6.74593
6.74593
6.74593
6.5513
6.5513
6.5513
6.5513
6.5513
6.5513
6.5513
6.5513
6.5513
6.5513
6.5513
6.5513
6.5513
6.5513
6.4445
6.40225
6.40225
6.40112
6.40112
6.40112
6.40112
6.40112
6.40112
6.40112
6.31176
6.31176
6.31176
6.28227
6.28227
5.79567
5.79567
5.79567
5.79567
5.79567
5.79567
5.79567
5.79567
5.79567
5.79567
5.79567
5.79412
5.79412
5.79412
5.79412
5.77821
5.77821
5.77821
5.77821
5.62519
5.62519
5.62519
5.62519
5.62519
5.62519
5.62519
5.62519
5.62519
5.62519
5.62519
5.62519
5.62519
5.62519
5.62519
5.62519
5.62519
5.62519
5.62519
5.62519
5.62519
5.62519
5.62519
5.62519
5.51573
5.45775
5.38136
5.22104
5.17243
4.9825
4.9825
4.9825
4.9825
4.9825
4.9825
4.68966
4.68966
4.68966
4.68966
4.68966
4.68966
4.68966
4.62688
4.57683
4.57683
4.57683
4.57683
4.53291
4.51997
4.14893
4.14893
4.14893
4.14893
4.14893
4.14893
4.14893
4.14893
4.14893
4.14893
4.14893
4.14893
4.14893
4.14893
4.14893
4.14893
4.14893
4.14893
4.14893
4.14893
3.9907
3.98673
3.98673
3.98673
3.98673
3.70299
3.70299
3.70299
3.70299
3.70299
3.70299
3.70192
3.70192
3.40519
3.40519
3.40519
3.40519
3.40519
3.29392
3.17858
3.17858
3.17858
3.17858
3.17858
3.17858
3.17858
3.17858
3.12254
3.12254
3.12254
3.12254
3.12254
3.12254
3.12254
3.11361
2.85509
2.85509
2.82872
2.82872
2.82872
2.82872
2.82872
2.82872
2.82872
2.82872
2.82872
2.82872
2.82872
2.82872
2.82872
2.82872
2.82872
2.82872
2.82872
2.82872
2.82872
2.82872
2.82872
2.82872
2.82872
2.82872
2.82872
2.82872
2.82872
2.82872
2.82872
2.82872
2.82872
2.82872
2.82872
2.82872
2.82872
2.82872
2.82872
2.82861
2.82107
2.72422
2.72422
2.46817
2.46817
2.46817
2.46817
2.46817
2.46817
2.46817
2.46817
2.46817
2.46817
2.46817
2.39077
2.36655
2.34836
2.34836
2.34836
2.34836
2.34836
2.34836
2.34094
2.26877
2.26877
2.17593
2.17593
2.17593
2.17593
2.17593
2.17593
2.17593
2.17593
2.17593
2.12795
2.118
2.118
2.00644
1.97653
1.96377
1.9093
1.9093
1.9093
1.9093
1.90451
1.82879
1.82879
1.75882
1.75882
1.75882
1.75882
1.75882
1.75882
1.75882
1.75882
1.75882
1.74773
1.73562
1.58963
1.56109
1.56109
1.56109
1.56109
1.56109
1.56109
1.56109
1.56109
1.56109
1.56109
1.56109
1.56109
1.44529
1.44529
1.44529
1.44529
1.44529
1.44281
1.44281
1.44281
1.44281
1.44281
1.44281
1.44001
1.44001
1.44001
1.44001
1.44001
1.36448
1.36448
1.36448
1.36448
1.33526
1.31848
1.31848
1.31848
1.29014
1.29014
1.29014
1.29014
1.25393
1.25393
1.25393
1.17489
1.17489
1.14645
1.14645
1.14645
1.00452
0.969331
0.969331
0.96877
0.950833
0.950833
0.950833
0.950833
0.936965
0.936965
0.936965
0.895314
0.895314
0.895314
0.895312
0.85696
0.855395
0.855395
0.855395
0.855395
0.855395
0.855395
0.787747
0.787747
0.787747
0.787747
0.787747
0.787747
0.772281
0.772281
0.772281
0.758388
0.758388
0.732186
0.732186
0.715574
0.704382
0.684254
0.684254
0.668407
0.665387
0.665387
0.665387
0.665387
0.634264
0.579962
0.579962
0.579962
0.578271
0.578271
0.563952
0.548616
0.548616
0.53683
0.53683
0.53683
0.535058
0.512612
0.512612
0.472936
0.472936
0.472039
0.472039
0.445432
0.445432
0.436851
0.436851
0.430278
0.430278
0.381592
0.33543
0.33543
0.33543
0.33543
0.33543
0.33543
0.33543
0.33543
0.33543
0.33543
0.33543
0.305244
0.305244
0.291971
0.291971
0.291971
0.290621
0.290621
0.290621
0.289016
0.259927
0.259326
0.258266
0.256661
0.256661
0.256661
0.241634
0.241634
0.239708
0.239708
0.223967
0.207037
0.207037
0.207037
0.206076
0.191884
0.191884
0.184943
0.171919
0.171919
0.171919
0.171919
0.171919
0.171919
0.171395
0.168085
0.160554
0.154078
0.154078
0.154078
0.154078
0.152782
0.148492
0.140114
0.132138
0.132138
0.13029
0.13029
0.115744
0.115744
0.113274
0.113274
0.108551
0.108551
0.108551
0.108551
0.0985696
0.0985696
0.0985696
0.0985696
0.0979449
0.0979449
0.0970009
0.0919013
0.0919013
0.0872459
0.0847031
0.0777941
0.0757286
0.0684583
0.0665815
0.0643826
0.0643826
0.0643826
0.0639945
0.0639945
0.0579444
0.0579444
0.0502817
0.0502817
0.0502817
0.0502817
0.0495166
0.0489963
0.0429241
0.0417883
0.0395594
0.0395594
0.0395594
0.0375175
0.0375175
0.0375175
0.0375175
0.037342
0.0293915
0.0293915
0.0293915
0.0289609
0.0289609
0.0289609
0.0289609
0.0289609
0.0283502
0.0283502
0.0283502
0.0269424
0.0269424
0.0269424
0.0255774
0.0253902
0.0215496
0.0202334
0.0191081
0.0191081
0.0191081
0.016418
0.016418
0.016418
0.01633
0.0163151
0.0153235
0.0153235
0.0153235
0.0147658
0.0147658
0.0147658
0.0144122
0.0144122
0.0135449
0.0131413
0.0131413
0.0131413
0.0122354
0.0121657
0.0114967
0.011
0.0107902
0.0104972
0.0101781
0.00979889
0.00979889
0.00903028
0.00903028
0.00903028
0.00863703
0.00840311
0.00785941
0.00785941
0.00677527
0.00609673
0.00609673
0.00609673
0.00525495
0.00525495
0.00525495
0.00525495
0.00525495
0.00525495
0.0051887
0.00504466
0.00504466
0.00496871
0.00445562
0.00445562
0.00397294
0.00376813
0.00376813
0.00372844
0.00352009
0.00352009
0.00318528
0.00313847
0.00313847
0.00309638
0.00290698
0.00270622
0.00270622
0.00270622
0.0024541
0.00241007
0.0024035
0.0024035
0.0021749
0.0021749
0.00200042
0.00194674
0.00169556
0.00169556
0.00164597
0.00164597
0.00157403
0.00157403
0.00147454
0.00143141
0.0013865
0.00130798
0.00130798
0.00118488
0.00118488
0.00118488
0.00117147
0.00111714
0.00102384
0.00102384
0.00101717
0.000957797
0.000924556
0.000804591
0.000804591
0.000744062
0.000718461
0.000699606
0.000657066
0.000637126
0.000629124
0.000590685
0.000571
0.000537067
0.000537067
0.000502668
0.000493144
0.000493144
0.000438302
0.000409772
0.000409772
0.000409772
0.000380963
0.000348999
0.000348999
0.000348999
0.000347156
0.000338512
0.000286343
0.00028182
0.00028182
0.000279655
0.000247409
0.000243934
0.000234705
0.000234705
0.00022799
0.000219609
0.000217273
0.000185709
0.000185709
0.000184594
0.000177892
0.000174122
0.000174122
0.000162622
0.000148322
0.000136425
0.000136425
0.00011375
0.00011375
0.00011375
0.000105529
9.75417e-05
9.75417e-05
9.75417e-05
9.59825e-05
9.33268e-05
7.71958e-05
7.71958e-05
7.3751e-05
7.3751e-05
7.3751e-05
7.36372e-05
6.56248e-05
6.56248e-05
5.91523e-05
5.91523e-05
5.66678e-05
5.38422e-05
5.37427e-05
4.78945e-05
4.78945e-05
4.68169e-05
4.68169e-05
4.6406e-05
4.38004e-05
3.68433e-05
3.59625e-05
3.49879e-05
2.99592e-05
2.99592e-05
2.99592e-05
2.98047e-05
2.93287e-05
2.93287e-05
2.51989e-05
2.31959e-05
2.2381e-05
2.04249e-05
2.01473e-05
1.86558e-05
1.86558e-05
1.86558e-05
1.86558e-05
1.86558e-05
1.69978e-05
1.69978e-05
1.69978e-05
1.63881e-05
1.44749e-05
1.44749e-05
1.29673e-05
1.29673e-05
1.29673e-05
1.08817e-05
1.08817e-05
1.01691e-05
9.85917e-06
9.03055e-06
9.03055e-06
8.58893e-06
8.04437e-06
8.04437e-06
8.00154e-06
7.36786e-06
6.6971e-06
6.38098e-06
6.38098e-06
5.87902e-06
5.65288e-06
5.65288e-06
5.63986e-06
5.55744e-06
5.5029e-06
4.63182e-06
4.41751e-06
4.41751e-06
4.37211e-06
4.12594e-06
3.88809e-06
3.65083e-06
3.47201e-06
3.47201e-06
3.27378e-06
3.04017e-06
2.94894e-06
2.62682e-06
2.55314e-06
2.55314e-06
2.55314e-06
2.26204e-06
2.19163e-06
2.19163e-06
2.06851e-06
2.01747e-06
1.97464e-06
1.97464e-06
1.81346e-06
1.53828e-06
1.53828e-06
1.53828e-06
1.53828e-06
1.41821e-06
1.22724e-06
1.2132e-06
1.18627e-06
1.17866e-06
1.14377e-06
1.02618e-06
9.83748e-07
9.32269e-07
8.80073e-07
7.72967e-07
7.72967e-07
7.72967e-07
7.7246e-07
7.20122e-07
6.93229e-07
6.74287e-07
6.67161e-07
6.42206e-07
6.42206e-07
6.3925e-07
5.70407e-07
5.33543e-07
5.18248e-07
5.15952e-07
4.62793e-07
4.45676e-07
4.45676e-07
4.18469e-07
4.07163e-07
3.98967e-07
3.95931e-07
3.83036e-07
3.51195e-07
3.31906e-07
3.23658e-07
2.67015e-07
2.54545e-07
2.54545e-07
2.54545e-07
2.54545e-07
2.18457e-07
2.10684e-07
2.10684e-07
1.81682e-07
1.81682e-07
1.81682e-07
1.77029e-07
1.77029e-07
1.74383e-07
1.56871e-07
1.56871e-07
1.43026e-07
1.3177e-07
1.30495e-07
1.29281e-07
1.2622e-07
1.23121e-07
1.03841e-07
1.00067e-07
9.22861e-08
9.22861e-08
9.22861e-08
9.16571e-08
8.53445e-08
8.53445e-08
7.72069e-08
7.48409e-08
6.20437e-08
6.11525e-08
6.04059e-08
5.38371e-08
5.18626e-08
5.18626e-08
5.18626e-08
5.10071e-08
4.98625e-08
4.81638e-08
4.43361e-08
4.43361e-08
3.9328e-08
3.59673e-08
3.59673e-08
3.5944e-08
3.43191e-08
3.42365e-08
3.07569e-08
2.6958e-08
2.54006e-08
2.38301e-08
2.31179e-08
2.15788e-08
2.15788e-08
2.03035e-08
1.94187e-08
1.94187e-08
1.79761e-08
1.63132e-08
1.46608e-08
1.19328e-08
1.19328e-08
1.08663e-08
1.08663e-08
1.08663e-08
1.08663e-08
1.02177e-08
9.80717e-09
9.61279e-09
9.52316e-09
9.16324e-09
9.16324e-09
7.75831e-09
7.18782e-09
7.18782e-09
7.18782e-09
7.00573e-09
5.95764e-09
5.2829e-09
5.2829e-09
5.2829e-09
5.2829e-09
5.01564e-09
4.64447e-09
4.64447e-09
4.64447e-09
4.37085e-09
4.37085e-09
4.19763e-09
3.91047e-09
3.80594e-09
3.69495e-09
3.33416e-09
3.10708e-09
2.96428e-09
2.96428e-09
2.91796e-09
2.84603e-09
2.48848e-09
2.48848e-09
2.24001e-09
2.24001e-09
2.1521e-09
2.11035e-09
1.9926e-09
1.93449e-09
1.79852e-09
1.77408e-09
1.63813e-09
1.60703e-09
1.60703e-09
1.52937e-09
1.45886e-09
1.45637e-09
1.29337e-09
1.29337e-09
1.2272e-09
1.11029e-09
1.11029e-09
1.11029e-09
9.92067e-10
9.53564e-10
9.53564e-10
9.31831e-10
8.78057e-10
7.37614e-10
7.37614e-10
6.98771e-10
6.90697e-10
6.41457e-10
6.05521e-10
6.05521e-10
5.97296e-10
5.97296e-10
5.37286e-10
5.0234e-10
5.0234e-10
4.75033e-10
4.75033e-10
4.65247e-10
3.99041e-10
3.99041e-10
3.99041e-10
3.8737e-10
3.8737e-10
3.65715e-10
3.62531e-10
3.28171e-10
3.18126e-10
3.18126e-10
3.11992e-10
2.96501e-10
2.77693e-10
2.67091e-10
2.44205e-10
2.44205e-10
2.40954e-10
2.3099e-10
2.17035e-10
1.98224e-10
1.94667e-10
1.88383e-10
1.72234e-10
1.72234e-10
1.63606e-10
1.57874e-10
1.45794e-10
1.45675e-10
1.23693e-10
1.15767e-10
1.1307e-10
9.97655e-11
9.97655e-11
9.97655e-11
9.34062e-11
8.94254e-11
8.94254e-11
8.63469e-11
7.97424e-11
7.60441e-11
7.60441e-11
7.17204e-11
6.36504e-11
6.36504e-11
6.36504e-11
6.04956e-11
5.66214e-11
5.46851e-11
4.8253e-11
4.80291e-11
4.76366e-11
4.5782e-11
3.76001e-11
3.76001e-11
3.46052e-11
3.36779e-11
3.30047e-11
3.30047e-11
3.05711e-11
2.82494e-11
2.76899e-11
2.75815e-11
2.45226e-11
2.45226e-11
2.26166e-11
2.19167e-11
2.1064e-11
1.94706e-11
1.8483e-11
1.78559e-11
1.78559e-11
1.7307e-11
1.65556e-11
1.61062e-11
1.54898e-11
1.43388e-11
1.35039e-11
1.26388e-11
1.17737e-11
1.12088e-11
1.08145e-11
1.08145e-11
1.01608e-11
9.67937e-12
9.40403e-12
8.45901e-12
8.04867e-12
8.04867e-12
7.8817e-12
7.25109e-12
6.9651e-12
6.9651e-12
6.06093e-12
6.06093e-12
6.06093e-12
5.75007e-12
5.26157e-12
4.88676e-12
4.44267e-12
4.31299e-12
4.31299e-12
4.02522e-12
3.91864e-12
3.91864e-12
3.90088e-12
3.48521e-12
3.35199e-12
3.05711e-12
2.97184e-12
2.97184e-12
2.79066e-12
2.79066e-12
2.76756e-12
2.51887e-12
2.25242e-12
2.25242e-12
2.09432e-12
2.09432e-12
1.94333e-12
1.94333e-12
1.85274e-12
1.73905e-12
1.61826e-12
1.54188e-12
1.42997e-12
1.3749e-12
1.24523e-12
1.19016e-12
1.03029e-12
9.84102e-13
9.84102e-13
9.84102e-13
8.93507e-13
8.54428e-13
7.95808e-13
7.22977e-13
7.22977e-13
6.80345e-13
6.80345e-13
6.0929e-13
5.57776e-13
5.52447e-13
5.38236e-13
5.31131e-13
5.02709e-13
4.51195e-13
4.35207e-13
4.28102e-13
4.26326e-13
3.89022e-13
3.44613e-13
3.44613e-13
3.32179e-13
3.32179e-13
3.19744e-13
2.89546e-13
2.73559e-13
2.6823e-13
2.46914e-13
2.41585e-13
2.36255e-13
2.14939e-13
1.81188e-13
1.81188e-13
1.81188e-13
1.81188e-13
1.66978e-13
1.66978e-13
1.5099e-13
1.43885e-13
1.27898e-13
1.27898e-13
1.27898e-13
1.20792e-13
1.13687e-13
1.1191e-13
1.01252e-13
9.9476e-14
9.41469e-14
8.70415e-14
8.17124e-14
8.17124e-14
7.63833e-14
7.10543e-14
6.21725e-14
6.21725e-14
6.21725e-14
6.03961e-14
5.32907e-14
5.32907e-14
5.15143e-14
4.9738e-14
4.26326e-14
4.08562e-14
4.08562e-14
4.08562e-14
4.08562e-14
3.73035e-14
3.55271e-14
3.37508e-14
3.19744e-14
3.19744e-14
3.01981e-14
2.4869e-14
2.4869e-14
2.13163e-14
1.95399e-14
1.95399e-14
1.95399e-14
1.77636e-14
1.77636e-14
1.59872e-14
1.42109e-14
1.06581e-14
1.06581e-14
1.06581e-14
1.06581e-14
1.06581e-14
8.88178e-15
8.88178e-15
8.88178e-15
5.32907e-15
3.55271e-15
3.55271e-15
3.55271e-15
3.55271e-15
3.55271e-15
3.55271e-15
3.55271e-15
3.55271e-15
1.77636e-15
1.77636e-15
1.77636e-15
1.77636e-15
1.77636e-15
1.77636e-15
0
0
0
0
0
0
0
0
0
0
0
0
0
0
0
0
0
0
0
0
0
0
0
0
0
0
0
0
0
0
0
0
0
0
0
0
0
0
0
0
0
0
0
0
0
0
0
0
0
0
0
0
0
0
0
0
0
0
0
0
0
0
0
0
0
0
0
0
0
0
0
0
0
0
0
0
0
0
0
0
0
0
0
0
0
0
0
0
0
0
0
0
0
0
0
0
0
0
0
0
0
0
0
0
0
0
0
0
0
0
0
0
0
0
0
0
0
0
0
0
0
0
0
0
0
0
0
0
0
0
0
0
0
0
0
0
0
0
0
0
0
0
0
0
0
0
0
0
0
0
0
0
0
0
0
0
0
0
0
0
0
0
0
0
0
0
0
0
0
0
0
0
0
0
0
0
0
0
0
0
0
0
0
0
0
0
0
0
0
0
0
0
0
0
0
0
0
0
0
0
0
0
0
0
0
0
0
0
0
0
0
0
0
0
0
0
0
0
0
0
0
0
0
0
0
0
0
0
0
0
0
0
0
0
0
0
0
0
0
0
0
0
0
0
0
0
0
0
0
0
0
0
0
0
0
0
0
0
0
0
0
0
0
0
0
0
0
0
0
0
0
0
0
0
0
0
0
0
0
0
0
0
0
0
0
0
0
0
0
0
0
0
0
0
0
0
0
0
0
0
0
0
0
0
0
0
0
0
0
0
0
0
0
0
0
0
0
0
0
0
0
0
0
0
0
0
0
0
0
0
0
0
0
0
0
0
0
0
0
0
0
0
0
0
0
0
0
0
0
0
0
0
0
0
0
0
0
0
0
0
0
0
0
0
0
0
0
0
0
0
0
0
0
0
0
0
0
0
0
0
0
0
0
0
0
0
0
0
0
0
0
0
0
0
0
0
0
0
0
0
0
0
0
0
0
0
0
0
0
0
0
0
0
0
0
0
0
0
0
0
0
0
0
0
0
0
0
0
0
0
0
0
0
0
0
0
0
0
0
0
0
0
0
0
0
0
0
0
0
0
0
0
0
0
0
0
0
0
0
0
0
0
0
0
0
0
0
0
0
0
0
0
0
0
0
0
0
0
0
0
0
0
0
0
0
0
0
0
0
0
0
0
0
0
0
0
0
0
0
0
0
0
0
0
0
0
0
0
0
0
0
0
0
0
0
0
0
0
0
0
0
0
0
0
0
0
0
0
0
0
0
0
0
0
0
0
0
0
0
0
0
0
0
0
0
0
0
0
0
0
0
0
0
0
0
0
0
0
0
0
0
0
0
0
0
0
0
0
0
0
0
0
0
0
0
0
0
0
0
0
0
0
0
0
0
0
0
0
0
0
0
0
0
0
0
0
0
0
0
0
0
0
0
0
0
0
0
0
0
0
0
0
0
0
0
0
0
0
0
0
0
0
0
0
0
0
0
0
0
0
0
0
0
0
0
0
0
0
0
0
0
0
0
0
0
0
0
0
0
0
0
0
0
0
0
0
0
0
0
0
0
0
0
0
0
0
0
0
0
0
0
0
0
0
0
0
0
0
0
0
0
0
0
0
0
0
0
0
0
0
0
0
0
0
0
0
0
0
0
0
0
0
0
0
0
0
0
0
0
0
0
0
0
0
0
0
0
0
0
0
0
0
0
0
0
0
0
0
0
0
0
0
0
0
0
0
0
0
0
0
0
0
0
0
0
0
0
0
0
0
0
0
0
0
0
0
0
0
0
0
0
0
0
0
0
0
0
0
0
0
0
0
0
0
0
0
0
0
0
0
0
0
0
0
0
0
0
0
0
0
0
0
0
0
0
0
0
0
0
0
0
0
0
0
0
0
0
0
0
0
0
0
0
0
0
0
0
0
0
0
0
0
0
0
0
0
0
0
0
0
0
0
0
0
0
0
0
0
0
0
0
0
0
0
0
0
0
0
0
0
0
0
0
0
0
0
0
0
0
0
0
0
0
0
0
0
0
0
0
0
0
0
0
0
0
0
0
0
0
0
0
0
0
0
0
0
0
0
0
0
0
0
0
0
0
0
0
0
0
0
0
0
0
0
0
0
0
0
0
0
0
0
0
0
0
0
0
0
0
0
0
0
0
0
0
0
0
0
0
0
0
0
0
0
0
0
0
0
0
0
0
0
0
0
0
0
0
0
0
0
0
0
0
0
0
0
0
0
0
0
0
0
0
0
0
0
0
0
0
0
0
0
0
0
0
0
0
0
0
0
0
0
0
0
0
0
0
0
0
0
0
0
0
0
0
0
0
0
0
0
0
0
0
0
0
0
0
0
0
0
0
0
0
0
0
0
0
0
0
0
0
0
0
0
0
0
0
0
0
0
0
0
0
0
0
0
0
0
0
0
0
0
0
0
0
0
0
0
0
0
0
0
0
0
0
0
0
0
0
0
0
0
0
0
0
0
0
0
0
0
0
0
0
0
0
0
0
0
0
0
0
0
0
0
0
0
0
0
0
0
0
0
0
0
0
0
0
0
0
0
0
0
0
0
0
0
0
0
0
0
0
0
0
0
0
0
0
0
0
0
0
0
0
0
0
0
0
0
0
0
0
0
0
0
0
0
0
0
0
0
0
0
0
0
0
0
0
0
0
0
0
0
0
0
0
0
0
0
0
0
0
0
0
0
0
0
0
0
0
0
0
0
0
0
0
0
0
0
0
0
0
0
0
0
0
0
0
0
0
0
0
0
0
0
0
0
0
0
0
0
0
0
0
0
0
0
0
0
0
0
0
0
0
0
0
0
0
0
0
0
0
0
0
0
0
0
0
0
0
0
0
0
0
0
0
0
0
0
0
0
0
0
0
0
0
0
0
0
0
0
0
0
0
0
0
0
0
0
0
0
0
0
0
0
0
0
0
0
0
0
0
0
0
0
0
0
0
0
0
0
0
0
0
0
0
0
0
0
0
0
0
0
0
0
0
0
0
0
0
0
0
0
0
0
0
0
0
0
0
0
0
0
0
0
0
0
0
0
0
0
0
0
0
0
0
0
0
0
0
0
0
0
0
0
0
0
0
0
0
0
0
0
0
0
0
0
0
0
0
0
0
0
0
0
0
0
0
0
0
0
0
0
0
0
0
0
0
0
0
0
0
0
0
0
0
0
0
0
0
0
0
0
0
0
0
0
0
0
0
0
0
0
0
0
0
0
0
0
0
0
0
0
0
0
0
0
0
0
0
0
0
0
0
0
0
0
0
0
0
0
0
0
0
0
0
0
0
0
0
0
0
0
0
0
0
0
0
0
0
0
0
0
0
0
0
0
0
0
0
0
0
0
0
0
0
0
0
0
0
0
0
0
0
0
0
0
0
0
0
0
0
0
0
0
0
0
0
0
0
0
0
0
0
0
0
0
0
0
0
0
0
0
0
0
0
0
0
0
0
0
0
0
0
0
0
0
0
0
0
0
0
0
0
0
0
0
0
0
0
0
0
0
0
0
0
0
0
0
0
0
0
0
0
0
0
0
0
0
0
0
0
0
0
0
0
0
0
0
0
0
0
0
0
0
0
0
0
0
0
0
0
0
0
0
0
0
0
0
0
0
0
0
0
0
0
0
0
0
0
0
0
0
0
0
0
0
0
0
0
0
0
0
0
0
0
0
0
0
0
0
0
0
0
0
0
0
0
0
0
0
0
0
0
0
0
0
0
0
0
0
0
0
0
0
0
0
0
0
0
0
0
0
0
0
0
0
0
0
0
0
0
0
0
0
0
0
0
0
0
0
0
0
0
0
0
0
0
0
0
0
0
0
0
0
0
0
0
0
0
0
0
0
0
0
0
0
0
0
0
0
0
0
0
0
0
0
0
0
0
0
0
0
0
0
0
0
0
0
0
0
0
0
0
0
0
0
0
0
0
0
0
0
0
0
0
0
0
0
0
0
0
0
0
0
0
0
0
0
0
0
0
0
0
0
0
0
0
0
0
0
0
0
0
0
0
0
0
0
0
0
0
0
0
0
0
0
0
0
0
0
0
0
0
0
0
0
0
0
0
0
0
0
0
0
0
0
0
0
0
0
0
0
0
0
0
0
0
0
0
0
0
0
0
0
0
0
0
0
0
0
0
0
0
0
0
0
0
0
0
0
0
0
0
0
0
0
0
0
0
0
0
0
0
0
0
0
0
0
0
0
0
0
0
0
0
0
0
0
0
0
0
0
0
0
0
0
0
0
0
0
0
0
0
0
0
0
0
0
0
0
0
0
0
0
0
0
0
0
0
0
0
0
0
0
0
0
0
0
0
0
0
0
0
0
0
0
0
0
0
0
0
0
0
0
0
0
0
0
0
0
0
0
0
0
0
0
0
0
0
0
0
0
0
0
0
0
0
0
0
0
0
0
0
0
0
0
0
0
0
0
0
0
0
0
0
0
0
0
0
0
0
0
0
0
0
0
0
0
0
0
0
0
0
0
0
0
0
0
0
0
0
0
0
0
0
0
0
0
0
0
0
0
0
0
0
0
0
0
0
0
0
0
0
0
0
0
0
0
0
0
0
0
0
0
0
0
0
0
0
0
0
0
0
0
0
0
0
0
0
0
0
0
0
0
0
0
0
0
0
0
0
0
0
0
0
0
0
0
0
0
0
0
0
0
0
0
0
0
0
0
0
0
0
0
0
0
0
0
0
0
0
0
0
0
0
0
0
0
0
0
0
0
0
0
0
0
0
0
0
0
0
0
0
0
0
0
0
0
0
0
0
0
0
0
0
0
0
0
0
0
0
0
0
0
0
0
0
0
0
0
0
0
0
0
0
0
0
0
0
0
0
0
0
0
0
0
0
0
0
0
0
0
0
0
0
0
0
0
0
0
0
0
0
0
0
0
0
0
0
0
0
0
0
0
0
0
0
0
0
0
0
0
0
0
0
0
0
0
0
0
0
0
0
0
0
0
0
0
0
0
0
0
0
0
0
0
0
0
0
0
0
0
0
0
0
0
0
0
0
0
0
0
0
0
0
0
0
0
0
0
0
0
0
0
0
0
0
0
0
0
0
0
0
0
0
0
0
0
0
0
0
0
0
0
0
0
0
0
0
0
0
0
0
0
0
0
0
0
0
0
0
0
0
0
0
0
0
0
0
0
0
0
0
0
0
0
0
0
0
0
0
0
0
0
0
0
0
0
0
0
0
0
0
0
0
0
0
0
0
0
0
0
0
0
0
0
0
0
0
0
0
0
0
0
0
0
0
0
0
0
0
0
0
0
0
0
0
0
0
0
0
0
0
0
0
0
0
0
0
0
0
0
0
0
0
0
0
0
0
0
0
0
0
0
0
0
0
0
0
0
0
0
0
0
0
0
0
0
0
0
0
0
0
0
0
0
0
0
0
0
0
0
0
0
0
0
0
0
0
0
0
0
0
0
0
0
0
0
0
0
0
0
0
0
0
0
0
0
0
0
0
0
0
0
0
0
0
0
0
0
0
0
0
0
0
0
0
0
0
0
0
0
0
0
0
0
0
0
0
0
0
0
0
0
0
0
0
0
0
0
0
0
0
0
0
0
0
0
0
0
0
0
0
0
0
0
0
0
0
0
0
0
0
0
0
0
0
0
0
0
0
0
0
0
0
0
0
0
0
0
0
0
0
0
0
0
0
0
0
0
0
0
0
0
0
0
0
0
0
0
0
0
0
0
0
0
0
0
0
0
0
0
0
0
0
0
0
0
0
0
0
0
0
0
0
0
0
0
0
0
0
0
0
0
0
0
0
0
0
0
0
0
0
0
0
0
0
0
0
0
0
0
0
0
0
0
0
0
0
0
0
0
0
0
0
0
0
0
0
0
0
0
0
0
0
0
0
0
0
0
0
0
0
0
0
0
0
0
0
0
0
0
0
0
0
0
0
0
0
0
0
0
0
0
0
0
0
0
0
0
0
0
0
0
0
0
0
0
0
0
0
0
0
0
0
0
0
0
0
0
0
0
0
0
0
0
0
0
0
0
0
0
0
0
0
0
0
0
0
0
0
0
0
0
0
0
0
0
0
0
0
0
0
0
0
0
0
0
0
0
0
0
0
0
0
0
0
0
0
0
0
0
0
0
0
0
0
0
0
0
0
0
0
0
0
0
0
0
0
0
0
0
0
0
0
0
0
0
0
0
0
0
0
0
0
0
0
0
0
0
0
0
0
0
0
0
0
0
0
0
0
0
0
0
0
0
0
0
0
0
0
0
0
0
0
0
0
0
0
0
0
0
0
0
0
0
0
0
0
0
0
0
0
0
0
0
0
0
0
0
0
0
0
0
0
0
0
0
0
0
0
0
0
0
0
0
0
0
0
0
0
0
0
0
0
0
0
0
0
0
0
0
0
0
0
0
0
0
0
0
0
0
0
0
0
0
0
0
0
0
0
0
0
0
0
0
0
0
0
0
0
0
0
0
0
0
0
0
0
0
0
0
0
0
0
0
0
0
0
0
0
0
0
0
0
0
0
0
0
0
0
0
0
0
0
0
0
0
0
0
0
0
0
0
0
0
0
0
0
0
0
0
0
0
0
0
0
0
0
0
0
0
0
0
0
0
0
0
0
0
0
0
0
0
0
0
0
0
0
0
0
0
0
0
0
0
0
0
0
0
0
0
0
0
0
0
0
0
0
0
0
0
0
0
0
0
0
0
0
0
0
0
0
0
0
0
0
0
0
0
0
0
0
0
0
0
0
0
0
0
0
0
0
0
0
0
0
0
0
0
0
0
0
0
0
0
0
0
0
0
0
0
0
0
0
0
0
0
0
0
0
0
0
0
0
0
0
0
0
0
0
0
0
0
0
0
0
0
0
0
0
0
0
0
0
0
0
0
0
0
0
0
0
0
0
0
0
0
0
0
0
0
0
0
0
0
0
0
0
0
0
0
0
0
0
0
0
0
0
0
0
0
0
0
0
0
0
0
0
0
0
0
0
0
0
0
0
0
0
0
0
0
0
0
0
0
0
0
0
0
0
0
0
0
0
0
0
0
0
0
0
0
0
0
0
0
0
0
0
0
0
0
0
0
0
0
0
0
0
0
0
0
0
0
0
0
0
0
0
0
0
0
0
0
0
0
0
0
0
0
0
0
0
0
0
0
0
0
0
0
0
0
0
0
0
0
0
0
0
0
0
0
0
0
0
0
0
0
0
0
0
0
0
0
0
0
0
0
0
0
0
0
0
0
0
0
0
0
0
0
0
0
0
0
0
0
0
0
0
0
0
0
0
0
0
0
0
0
0
0
0
0
0
0
0
0
0
0
0
0
0
0
0
0
0
0
0
0
0
0
0
0
0
0
0
0
0
0
0
0
0
0
0
0
0
0
0
0
0
0
0
0
0
0
0
0
0
0
0
0
0
0
0
0
0
0
0
0
0
0
0
0
0
0
0
0
0
0
0
0
0
0
0
0
0
0
0
0
0
0
0
0
0
0
0
0
0
0
0
0
0
0
0
0
0
0
0
0
0
0
0
0
0
0
0
0
0
0
0
0
0
0
0
0
0
0
0
0
0
0
0
0
0
0
0
0
0
0
0
0
0
0
0
0
0
0
0
0
0
0
0
0
0
0
0
0
0
0
0
0
0
0
0
0
0
0
0
0
0
0
0
0
0
0
0
0
0
0
0
0
0
0
0
0
0
0
0
0
0
0
0
0
0
0
0
0
0
0
0
0
0
0
0
0
0
0
0
0
0
0
0
0
0
0
0
0
0
0
0
0
0
0
0
0
0
0
0
0
0
0
0
0
0
0
0
0
0
0
0
0
0
0
0
0
0
0
0
0
0
0
0
0
0
0
0
0
0
0
0
0
0
0
0
0
0
0
0
0
0
0
0
0
0
0
0
0
0
0
0
0
0
0
0
0
0
0
0
0
0
0
0
0
0
0
0
0
0
0
0
0
0
0
0
0
0
0
0
0
0
0
0
0
0
0
0
0
0
0
0
0
0
0
0
0
0
0
0
0
0
0
0
0
0
0
0
0
0
0
0
0
0
0
0
0
0
0
0
0
0
0
0
0
0
0
0
0
0
0
0
0
0
0
0
0
0
0
0
0
0
0
0
0
0
0
0
0
0
0
0
0
0
0
0
0
0
0
0
0
0
0
0
0
0
0
0
0
0
0
0
0
0
0
0
0
0
0
0
0
0
0
0
0
0
0
0
0
0
0
0
0
0
0
0
0
0
0
0
0
0
0
0
0
0
0
0
0
0
0
0
0
0
0
0
0
0
0
0
0
0
0
0
0
0
0
0
0
0
0
0
0
0
0
0
0
0
0
0
0
0
0
0
0
0
0
0
0
0
0
0
0
0
0
0
0
0
0
0
0
0
0
0
0
0
0
0
0
0
0
0
0
0
0
0
0
0
0
0
0
0
0
0
0
0
0
0
0
0
0
0
0
0
0
0
0
0
0
0
0
0
0
0
0
0
0
0
0
0
0
0
0
0
0
0
0
0
0
0
0
0
0
0
0
0
0
0
0
0
0
0
0
0
0
0
0
0
0
0
0
0
0
0
0
0
0
0
0
0
0
0
0
0
0
0
0
0
0
0
0
0
0
0
0
0
0
0
0
0
0
0
0
0
0
0
0
0
0
0
0
0
0
0
0
0
0
0
0
0
0
0
0
0
0
0
0
0
0
0
0
0
0
0
0
0
0
0
0
0
0
0
0
0
0
0
0
0
0
0
0
0
0
0
0
0
0
0
0
0
0
0
0
0
0
0
0
0
0
0
0
0
0
0
0
0
0
0
0
0
0
0
0
0
0
0
0
0
0
0
0
0
0
0
0
0
0
0
0
0
0
0
0
0
0
0
0
0
0
0
0
0
0
0
0
0
0
0
0
0
0
0
0
0
0
0
0
0
0
0
0
0
0
0
0
0
0
0
0
0
0
0
0
0
0
0
0
0
0
0
0
0
0
0
0
0
0
0
0
0
0
0
0
0
0
0
0
0
0
0
0
0
0
0
0
0
0
0
0
0
0
0
0
0
0
0
0
0
0
0
0
0
0
0
0
0
0
0
0
0
0
0
0
0
0
0
0
0
0
0
0
0
0
0
0
0
0
0
0
0
0
0
0
0
0
0
0
0
0
0
0
0
0
0
0
0
0
0
0
0
0
0
0
0
0
0
0
0
0
0
0
0
0
0
0
0
0
0
0
0
0
0
0
0
0
0
0
0
0
0
0
0
0
0
0
0
0
0
0
0
0
0
0
0
0
0
0
0
0
0
0
0
0
0
0
0
0
0
0
0
0
0
0
0
0
0
0
0
0
0
0
0
0
0
0
0
0
0
0
0
0
0
0
0
0
0
0
0
0
0
0
0
0
0
0
0
0
0
0
0
0
0
0
0
0
0
0
0
0
0
0
0
0
0
0
0
0
0
0
0
0
0
0
0
0
0
0
0
0
0
0
0
0
0
0
0
0
0
0
0
0
0
0
0
0
0
0
0
0
0
0
0
0
0
0
0
0
0
0
0
0
0
0
0
0
0
0
0
0
0
0
0
0
0
0
0
0
0
0
0
0
0
0
0
0
0
0
0
0
0
0
0
0
0
0
0
0
0
0
0
0
0
0
0
0
0
0
0
0
0
0
0
0
0
0
0
0
0
0
0
0
0
0
0
0
0
0
0
0
0
0
0
0
0
0
0
0
0
0
0
0
0
0
0
0
0
0
0
0
0
0
0
0
0
0
0
0
0
0
0
0
0
0
0
0
0
0
0
0
0
0
0
0
0
0
0
0
0
0
0
0
0
0
0
0
0
0
0
0
0
0
0
0
0
0
0
0
0
0
0
0
0
0
0
0
0
0
0
0
0
0
0
0
0
0
0
0
0
0
0
0
0
0
0
0
0
0
0
0
0
0
0
0
0
0
0
0
0
0
0
0
0
0
0
0
0
0
0
0
0
0
0
0
0
0
0
0
0
0
0
0
0
0
0
0
0
0
0
0
0
0
0
0
0
0
0
0
0
0
0
0
0
0
0
0
0
0
0
0
0
0
0
0
0
0
0
0
0
0
0
0
0
0
0
0
0
0
0
0
0
0
0
0
0
0
0
0
0
0
0
0
0
0
0
0
0
0
0
0
0
0
0
0
0
0
0
0
0
0
0
0
0
0
0
0
0
0
0
0
0
0
0
0
0
0
0
0
0
0
0
0
0
0
0
0
0
0
0
0
0
0
0
0
0
0
0
0
0
0
0
0
0
0
0
0
0
0
0
0
0
0
0
0
0
0
0
0
0
0
0
0
0
0
0
0
0
0
0
0
0
0
0
0
0
0
0
0
0
0
0
0
0
0
0
0
0
0
0
0
0
0
0
0
0
0
0
0
0
0
0
0
0
0
0
0
0
0
0
0
0
0
0
0
0
0
0
0
0
0
0
0
0
0
0
0
0
0
0
0
0
0
0
0
0
0
0
0
0
0
0
0
0
0
0
0
0
0
0
0
0
0
0
0
0
0
0
0
0
0
0
0
0
0
0
0
0
0
0
0
0
0
0
0
0
0
0
0
0
0
0
0
0
0
0
0
0
0
0
0
0
0
0
0
0
0
0
0
0
0
0
0
0
0
0
0
0
0
0
0
0
0
0
0
0
0
0
0
0
0
0
0
0
0
0
0
0
0
0
0
0
0
0
0
0
0
0
0
0
0
0
0
0
0
0
0
0
0
0
0
0
0
0
0
0
0
0
0
0
0
0
0
0
0
0
0
0
0
0
0
0
0
0
0
0
0
0
0
0
0
0
0
0
0
0
0
0
0
0
0
0
0
0
0
0
0
0
0
0
0
0
0
0
0
0
0
0
0
0
0
0
0
0
0
0
0
0
0
0
0
0
0
0
0
0
0
0
0
0
0
0
0
0
0
0
0
0
0
0
0
0
0
0
0
0
0
0
0
0
0
0
0
0
0
0
0
0
0
0
0
0
0
0
0
0
0
0
0
0
0
0
0
0
0
0
0
0
0
0
0
0
0
0
0
0
0
0
0
0
0
0
0
0
0
0
0
0
0
0
0
0
0
0
0
0
0
0
0
0
0
0
0
0
0
0
0
0
0
0
0
0
0
0
0
0
0
0
0
0
0
0
0
0
0
0
0
0
0
0
0
0
0
0
0
0
0
0
0
0
0
0
0
0
0
0
0
0
0
0
0
0
0
0
0
0
0
0
0
0
0
0
0
0
0
0
0
0
0
0
0
0
0
0
0
0
0
0
0
0
0
0
0
0
0
0
0
0
0
0
0
0
0
0
0
0
0
0
0
0
0
0
0
0
0
0
0
0
0
0
0
0
0
0
0
0
0
0
0
0
0
0
0
0
0
0
0
0
0
0
0
0
0
0
0
0
0
0
0
0
0
0
0
0
0
0
0
0
0
0
0
0
0
0
0
0
0
0
0
0
0
0
0
0
0
0
0
0
0
0
0
0
0
0
0
0
0
0
0
0
0
0
0
0
0
0
0
0
0
0
0
0
0
0
0
0
0
0
0
0
0
0
0
0
0
0
0
0
0
0
0
0
0
0
0
0
0
0
0
0
0
0
0
0
0
0
0
0
0
0
0
0
0
0
0
0
0
0
0
0
0
0
0
0
0
0
0
0
0
0
0
0
0
0
0
0
0
0
0
0
0
0
0
0
0
0
0
0
0
0
0
0
0
0
0
0
0
0
0
0
0
0
0
0
0
0
0
0
0
0
0
0
0
0
0
0
0
0
0
0
0
0
0
0
0
0
0
0
0
0
0
0
0
0
0
0
0
0
0
0
0
0
0
0
0
0
0
0
0
0
0
0
0
0
0
0
0
0
0
0
0
0
0
0
0
0
0
0
0
0
0
0
0
0
0
0
0
0
0
0
0
0
0
0
0
0
0
0
0
0
0
0
0
0
0
0
0
0
0
0
0
0
0
0
0
0
0
0
0
0
0
0
0
0
0
0
0
0
0
0
0
0
0
0
0
0
0
0
0
0
0
0
0
0
0
0
0
0
0
0
0
0
0
0
0
0
0
0
0
0
0
0
0
0
0
0
0
0
0
0
0
0
0
0
0
0
0
0
0
0
0
0
0
0
0
0
0
0
0
0
0
0
0
0
0
0
0
0
0
0
0
0
0
0
0
0
0
0
0
0
0
0
0
0
0
0
0
0
0
0
0
0
0
0
0
0
0
0
0
0
0
0
0
0
0
0
0
0
0
0
0
0
0
0
0
0
0
0
0
0
0
0
0
0
0
0
0
0
0
0
0
0
0
0
0
0
0
0
0
0
0
0
0
0
0
0
0
0
0
0
0
0
0
0
0
0
0
0
0
0
0
0
0
0
0
0
0
0
0
0
0
0
0
0
0
0
0
0
0
0
0
0
0
0
0
0
0
0
0
0
0
0
0
0
0
0
0
0
0
0
0
0
0
0
0
0
0
0
0
0
0
0
0
0
0
0
0
0
0
0
0
0
0
0
0
0
0
0
0
0
0
0
0
0
0
0
0
0
0
0
0
0
0
0
0
0
0
0
0
0
0
0
0
0
0
0
0
0
0
0
0
0
0
0
0
0
0
0
0
0
0
0
0
0
0
0
0
0
0
0
0
0
0
0
0
0
0
0
0
0
0
0
0
0
0
0
0
0
0
0
0
0
0
0
0
0
0
0
0
0
0
0
0
0
0
0
0
0
0
0
0
0
0
0
0
0
0
0
0
0
0
0
0
0
0
0
0
0
0
0
0
0
0
0
0
0
0
0
0
0
0
0
0
0
0
0
0
0
0
0
0
0
0
0
0
0
0
0
0
0
0
0
0
0
0
0
0
0
0
0
0
0
0
0
0
0
0
0
0
0
0
0
0
0
0
0
0
0
0
0
0
0
0
0
0
0
0
0
0
0
0
0
0
0
0
0
0
0
0
0
0
0
0
0
0
0
0
0
0
0
0
0
0
0
0
0
0
0
0
0
0
0
0
0
0
0
0
0
0
0
0
0
0
0
0
0
0
0
0
0
0
0
0
0
0
0
0
0
0
0
0
0
0
0
0
0
0
0
0
0
0
0
0
0
0
0
0
0
0
0
0
0
0
0
0
0
0
0
0
0
0
0
0
0
0
0
0
0
0
0
0
0
0
0
0
0
0
0
0
0
0
0
0
0
0
0
0
0
0
0
0
0
0
0
0
0
0
0
0
0
0
0
0
0
0
0
0
0
0
0
0
0
0
0
0
0
0
0
0
0
0
0
0
0
0
0
0
0
0
0
0
0
0
0
0
0
0
0
0
0
0
0
0
0
0
0
0
0
0
0
0
0
0
0
0
0
0
0
0
0
0
0
0
0
0
0
0
0
0
0
0
0
0
0
0
0
0
0
0
0
0
0
0
0
0
0
0
0
0
0
0
0
0
0
0
0
0
0
0
0
0
0
0
0
0
0
0
0
0
0
0
0
0
0
0
0
0
0
0
0
0
0
0
0
0
0
0
0
0
0
0
0
0
0
0
0
0
0
0
0
0
0
0
0
0
0
0
0
0
0
0
0
0
0
0
0
0
0
0
0
0
0
0
0
0
0
0
0
0
0
0
0
0
0
0
0
0
0
0
0
0
0
0
0
0
0
0
0
0
0
0
0
0
0
0
0
0
0
0
0
0
0
0
0
0
0
0
0
0
0
0
0
0
0
0
0
0
0
0
0
0
0
0
0
0
0
0
0
0
0
0
0
0
0
0
0
0
0
0
0
0
0
0
0
0
0
0
0
0
0
0
0
0
0
0
0
0
0
0
0
0
0
0
0
0
0
0
0
0
0
0
0
0
0
0
0
0
0
0
0
0
0
0
0
0
0
0
0
0
0
0
0
0
0
0
0
0
0
0
0
0
0
0
0
0
0
0
0
0
0
0
0
0
0
0
0
0
0
0
0
0
0
0
0
0
0
0
0
0
0
0
0
0
0
0
0
0
0
0
0
0
0
0
0
0
0
0
0
0
0
0
0
0
0
0
0
0
0
0
0
0
0
0
0
0
0
0
0
0
0
0
0
0
0
0
0
0
0
0
0
0
0
0
0
0
0
0
0
0
0
0
0
0
0
0
0
0
0
0
0
0
0
0
0
0
0
0
0
0
0
0
0
0
0
0
0
0
0
0
0
0
0
0
0
0
0
0
0
0
0
0
0
0
0
0
0
0
0
0
0
0
0
0
0
0
0
0
0
0
0
0
0
0
0
0
0
0
0
0
0
0
0
0
0
0
0
0
0
0
0
0
0
0
0
0
0
0
0
0
0
0
0
0
0
0
0
0
0
0
0
0
0
0
0
0
0
0
0
0
0
0
0
0
0
0
0
0
0
0
0
0
0
0
0
