20.0939
19.6972
19.37
19.088
18.7381
18.4612
18.1808
17.8642
17.5154
17.1444
16.6959
16.4466
16.0901
15.755
15.4945
15.2085
14.855
14.5056
14.0723
13.7305
13.2785
12.9182
12.5667
12.1355
11.8657
11.5309
11.1758
10.8774
10.5618
10.2482
9.94612
9.65325
9.30764
8.98392
8.71318
8.43862
8.21415
8.00147
7.65001
7.48448
7.23954
7.03219
6.81693
6.57289
6.36048
6.18551
5.94249
5.7276
5.5915
5.43865
5.27157
5.0984
4.97393
4.80859
4.71194
4.5784
4.39809
4.27244
4.16748
4.02232
3.86527
3.78391
3.69859
3.63081
3.53522
3.43768
3.33585
3.25425
3.15165
3.08648
3.00851
2.93924
2.87637
2.81081
2.74418
2.68535
2.61637
2.52662
2.44874
2.35926
2.28485
2.19448
2.13436
2.04115
1.96155
1.88516
1.8166
1.74453
1.67707
1.60668
1.53094
1.43129
1.37049
1.30204
1.24801
1.16059
1.09356
1.01669
0.967932
0.90848
0.842222
0.787164
0.734492
0.676002
0.632844
0.594034
0.552673
0.510976
0.470579
0.448969
0.416694
0.388552
0.368069
0.343422
0.322717
0.30174
0.284004
0.264118
0.247104
0.225779
0.211726
0.19925
0.185402
0.171557
0.160269
0.150128
0.140005
0.13125
0.124964
0.119975
0.111545
0.104992
0.0980773
0.0925096
0.0883888
0.0830561
0.0769363
0.0720596
0.0676404
0.0646103
0.0609436
0.0577892
0.054224
0.0511656
0.0482479
0.0451238
0.0425368
0.0406743
0.0388856
0.0360654
0.0338997
0.0322049
0.0308842
0.0289057
0.0274379
0.026156
0.0247176
0.0235248
0.0221531
0.020967
0.0196899
0.0187232
0.0176575
0.0168217
0.0158141
0.0148498
0.0140617
0.0133314
0.0125668
0.0118725
0.0113215
0.0106429
0.010079
0.00956814
0.00907704
0.00868396
0.00827043
0.00781765
0.00730339
0.00690538
0.0065759
0.00620652
0.00588841
0.00564475
0.00535455
0.00502534
0.0047457
0.0044447
0.00431023
0.00402857
0.00382724
0.00368003
0.00349929
0.00332825
0.00314404
0.0029903
0.00284374
0.00269164
0.00254703
0.00240278
0.00225468
0.00215265
0.00204713
0.00195583
0.0018414
0.00175191
0.00168333
0.00158889
0.00151212
0.00143879
0.00133909
0.0012713
0.00119513
0.00114084
0.00108412
0.00104253
0.000986467
0.00092624
0.000884298
0.000844121
0.000794049
0.000750461
0.000718069
0.00067522
0.00065047
0.000611174
0.000584001
0.000547388
0.000527865
0.000488554
0.000465164
0.000441093
0.000418444
0.000395114
0.000382289
0.000363179
0.000343215
0.000317903
0.000298239
0.000283691
0.000268592
0.000256467
0.000241164
0.000228036
0.000217432
0.000207458
0.000199393
0.000188257
0.000177477
0.000167141
0.000159058
0.000152704
0.000144401
0.00013677
0.000129689
0.000124462
0.000116678
0.000109975
0.000104307
9.88571e-005
9.35457e-005
8.85831e-005
8.40806e-005
7.99166e-005
7.4865e-005
7.08607e-005
6.65847e-005
6.36177e-005
6.07508e-005
5.80352e-005
5.46301e-005
5.17614e-005
4.8858e-005
4.67663e-005
4.41013e-005
4.20254e-005
3.97436e-005
3.72797e-005
3.55598e-005
3.36757e-005
3.17961e-005
2.99288e-005
2.8364e-005
2.7094e-005
2.58103e-005
2.45271e-005
2.28493e-005
2.13146e-005
2.04613e-005
1.94349e-005
1.83749e-005
1.7241e-005
1.63428e-005
1.55807e-005
1.47451e-005
1.41844e-005
1.34913e-005
1.2782e-005
1.19352e-005
1.11964e-005
1.0719e-005
1.03342e-005
9.73414e-006
9.28651e-006
8.77813e-006
8.30618e-006
7.82716e-006
7.45304e-006
7.00834e-006
6.71846e-006
6.37712e-006
5.98015e-006
5.72777e-006
5.42499e-006
5.05904e-006
4.78144e-006
4.53321e-006
4.2981e-006
4.07169e-006
3.8577e-006
3.63178e-006
3.45101e-006
3.2496e-006
3.0906e-006
2.9376e-006
2.79917e-006
2.62062e-006
2.45906e-006
2.3163e-006
2.20994e-006
2.09215e-006
1.98251e-006
1.84247e-006
1.73473e-006
1.63633e-006
1.55294e-006
1.48179e-006
1.40189e-006
1.31765e-006
1.25178e-006
1.18574e-006
1.10747e-006
1.06429e-006
1.01289e-006
9.44173e-007
8.99013e-007
8.60461e-007
8.0199e-007
7.65269e-007
7.2937e-007
6.88459e-007
6.5063e-007
6.18678e-007
5.85344e-007
5.50805e-007
5.16444e-007
4.92988e-007
4.68891e-007
4.35929e-007
4.1543e-007
3.9265e-007
3.65377e-007
3.48258e-007
3.31955e-007
3.17299e-007
3.01185e-007
2.79829e-007
2.59704e-007
2.46577e-007
2.32976e-007
2.2155e-007
2.11132e-007
2.02716e-007
1.92858e-007
1.82433e-007
1.69919e-007
1.5988e-007
1.51691e-007
1.43576e-007
1.35647e-007
1.28233e-007
1.23014e-007
1.13767e-007
1.09e-007
1.0351e-007
9.6975e-008
9.21836e-008
8.69901e-008
8.20213e-008
7.68049e-008
7.31083e-008
6.84491e-008
6.48289e-008
6.19059e-008
5.90938e-008
5.5449e-008
5.14016e-008
4.92159e-008
4.63669e-008
4.4831e-008
4.21869e-008
3.98904e-008
3.75965e-008
3.57073e-008
3.39083e-008
3.19597e-008
3.02096e-008
2.88598e-008
2.69887e-008
2.50745e-008
2.38313e-008
2.26037e-008
2.12107e-008
1.99135e-008
1.88491e-008
1.80249e-008
1.6987e-008
1.59095e-008
1.50823e-008
1.42569e-008
1.34393e-008
1.28079e-008
1.19829e-008
1.11153e-008
1.05855e-008
1.00286e-008
9.40179e-009
8.90707e-009
8.37572e-009
7.96206e-009
7.62311e-009
7.11413e-009
6.72891e-009
6.38041e-009
6.07176e-009
5.69975e-009
5.35978e-009
5.03137e-009
4.74592e-009
4.55917e-009
4.33836e-009
4.04248e-009
3.78365e-009
3.61376e-009
3.40109e-009
3.17768e-009
2.94909e-009
2.83228e-009
2.66059e-009
2.516e-009
2.38158e-009
2.27518e-009
2.1716e-009
2.04259e-009
1.94825e-009
1.86243e-009
1.71496e-009
1.62959e-009
1.52745e-009
1.43391e-009
1.35345e-009
1.28213e-009
1.21254e-009
1.13769e-009
1.07328e-009
1.008e-009
9.5683e-010
9.15411e-010
8.60953e-010
8.12998e-010
7.72707e-010
7.30228e-010
6.83305e-010
6.5106e-010
6.16221e-010
5.73966e-010
5.46312e-010
5.10015e-010
4.83601e-010
4.52567e-010
4.25369e-010
4.10057e-010
3.85319e-010
3.66519e-010
3.44468e-010
3.1907e-010
3.03917e-010
2.8661e-010
2.71987e-010
2.53025e-010
2.3984e-010
2.25606e-010
2.11538e-010
1.98553e-010
1.87675e-010
1.76837e-010
1.66229e-010
1.58857e-010
1.48797e-010
1.41506e-010
