2.00876e+011
1.23584e+010
5.4635e+008
6.36877e+007
4.12769e+006
617886
34703.2
21850.7
20330.9
7142.46
3089.06
259.628
250.744
75.515
75.2265
75.2265
59.8369
55.71
53.7176
49.095
49.095
45.9329
43.998
43.998
40.9786
39.0484
37.8101
36.0123
35.4096
35.3774
33.2787
33.1093
31.8348
31.6299
28.8077
28.8077
28.1338
26.1244
24.8677
24.2137
23.8324
22.8779
21.9032
21.1574
19.6196
19.328
18.2691
17.7127
16.7769
16.249
15.2255
14.4561
13.5625
13.092
12.9947
12.219
11.8949
11.3993
10.6074
9.95911
9.82125
9.36957
9.22107
8.67985
8.31584
7.62714
7.27301
6.89003
6.89003
6.58245
6.3032
6.12904
6.05106
5.8807
5.61274
5.32816
5.15793
4.93033
4.64847
4.40135
4.25784
4.00977
3.8985
3.73133
3.69234
3.45279
3.23918
3.1771
3.03908
2.79752
2.7051
2.53259
2.48058
2.37109
2.23704
2.21192
2.07339
1.96126
1.88069
1.85549
1.74302
1.71024
1.65884
1.57158
1.51528
1.42385
1.33856
1.30227
1.26987
1.2118
1.19399
1.16674
1.15092
1.07472
1.05258
1.02905
0.976382
0.948488
0.932337
0.822696
0.798102
0.768348
0.715985
0.669781
0.644845
0.598531
0.588023
0.564145
0.546333
0.545357
0.505055
0.47306
0.452364
0.438793
0.422873
0.415066
0.380069
0.369673
0.361366
0.345644
0.333035
0.317717
0.305328
0.292348
0.280314
0.258897
0.251925
0.246247
0.225981
0.218432
0.208094
0.205324
0.195662
0.193261
0.182139
0.173436
0.170637
0.162731
0.160353
0.144687
0.141923
0.137309
0.134881
0.128134
0.121205
0.111464
0.10839
0.097487
0.0919905
0.0894115
0.0872939
0.0830408
0.0797122
0.0744896
0.06933
0.0682044
0.064127
0.0618649
0.0579708
0.0552789
0.0548281
0.0535486
0.0502139
0.0476988
0.0452158
0.0434132
0.0411754
0.0401834
0.0389744
0.0371766
0.0357584
0.0353553
0.0323182
0.0310384
0.0297462
0.0281224
0.0268877
0.0261228
0.025354
0.0243062
0.0220761
0.021584
0.0210361
0.0205289
0.0197301
0.018421
0.0172889
0.0166755
0.0160402
0.0158052
0.0151645
0.0147446
0.0141632
0.0132291
0.0126949
0.0123904
0.0114909
0.0109167
0.0103731
0.00960602
0.00921457
0.00892603
0.00868448
0.00867774
0.00851404
0.00836269
0.00776832
0.007212
0.00704139
0.0064727
0.00631202
0.00599977
0.0056955
0.0056024
0.0056024
0.00547892
0.00525879
0.00509581
0.00488732
0.00466986
0.00449816
0.00438584
0.00397539
0.00368992
0.00362322
0.00341982
0.00330247
0.00326088
0.00315063
0.0029799
0.00293344
0.00290481
0.00276707
0.00269105
0.00252091
0.00232478
0.00222096
0.00221157
0.00216556
0.00215038
0.00205469
0.00200817
0.00192279
0.00178375
0.00167138
0.00165553
0.00154413
0.00150904
0.00148902
0.00141515
0.00137547
0.00131263
0.00126887
0.00119823
0.00112091
0.00108413
0.00106492
0.00103659
0.00103648
0.000998832
0.000962113
0.000953592
0.000940627
0.000889047
0.000853795
0.0008389
0.000787673
0.000785107
0.000751662
0.00073631
0.000694717
0.000685609
0.000679199
0.000667753
0.00061786
0.000608983
0.000599252
0.000560971
0.000527471
0.000524455
0.000492009
0.000475527
0.000460193
0.0004234
0.00040139
0.000397335
0.000390544
0.000372193
0.000367009
0.000359762
0.000336399
0.000323507
0.000308567
0.000307007
0.000302366
0.000293683
0.000270352
0.000262106
0.000255783
0.000249942
0.000243845
0.000242239
0.000234582
0.000233147
0.0002239
0.000220897
0.000218528
0.000217071
0.000214316
0.000204978
0.000203691
0.000200862
0.00019574
0.000188734
0.000183782
0.000178247
0.000174216
0.00017266
0.00016125
0.000158273
0.000146612
0.00014645
0.000131374
8.81434e-005
7.74602e-005
7.3231e-005
6.29249e-005
5.76817e-005
5.76817e-005
5.75562e-005
5.50297e-005
5.50154e-005
4.69408e-005
4.5714e-005
4.39934e-005
4.21555e-005
4.06372e-005
4.01116e-005
3.82869e-005
3.65302e-005
3.3808e-005
3.18289e-005
3.00998e-005
2.97674e-005
2.95302e-005
2.88171e-005
2.86421e-005
2.69382e-005
2.64577e-005
2.49382e-005
2.39231e-005
2.37657e-005
2.33472e-005
2.25708e-005
2.14042e-005
1.90399e-005
1.88157e-005
1.82869e-005
1.74856e-005
1.63412e-005
1.48753e-005
1.41915e-005
1.37228e-005
1.33922e-005
1.31438e-005
1.30099e-005
1.27563e-005
1.21277e-005
1.15718e-005
1.10706e-005
1.09421e-005
1.04286e-005
9.89011e-006
9.4253e-006
9.27896e-006
8.2403e-006
7.7516e-006
7.67733e-006
7.58852e-006
7.58414e-006
7.31708e-006
7.20227e-006
6.37924e-006
6.27464e-006
5.93019e-006
5.7054e-006
5.57495e-006
5.19396e-006
4.80789e-006
4.673e-006
4.58155e-006
4.08026e-006
3.93956e-006
3.72551e-006
3.64464e-006
3.47099e-006
3.28749e-006
3.24238e-006
3.09193e-006
2.85201e-006
2.78228e-006
2.72369e-006
2.62315e-006
2.48029e-006
2.26163e-006
2.12582e-006
2.10961e-006
2.0648e-006
1.84638e-006
1.74119e-006
1.69554e-006
1.61764e-006
1.56748e-006
1.51482e-006
1.44464e-006
1.20568e-006
1.19985e-006
1.17624e-006
1.13419e-006
1.12278e-006
1.0735e-006
1.06922e-006
1.01668e-006
9.74769e-007
9.30189e-007
8.53244e-007
8.27058e-007
7.51345e-007
7.34592e-007
7.30457e-007
7.01938e-007
7.01654e-007
6.96927e-007
6.24691e-007
5.90778e-007
5.44895e-007
5.33365e-007
5.31943e-007
5.21239e-007
4.72176e-007
4.65787e-007
4.0895e-007
3.94289e-007
3.90288e-007
3.87764e-007
3.83249e-007
3.70866e-007
3.68289e-007
3.58567e-007
3.44196e-007
3.21384e-007
3.01575e-007
2.90782e-007
2.68495e-007
2.37462e-007
2.36285e-007
2.31879e-007
2.24423e-007
2.20918e-007
2.15201e-007
1.84705e-007
1.79958e-007
1.70434e-007
1.66414e-007
1.55614e-007
1.47977e-007
1.43657e-007
1.41039e-007
1.35408e-007
1.23863e-007
1.19361e-007
1.16431e-007
1.1115e-007
1.08042e-007
1.05876e-007
9.62529e-008
9.02098e-008
8.46107e-008
8.36025e-008
7.90338e-008
7.80048e-008
7.6983e-008
7.29051e-008
6.37351e-008
6.23427e-008
6.14169e-008
6.11651e-008
5.9157e-008
5.64388e-008
5.19996e-008
5.08991e-008
4.89974e-008
4.89131e-008
4.74089e-008
4.39677e-008
4.30603e-008
4.25261e-008
4.01145e-008
3.72848e-008
3.5956e-008
3.50612e-008
3.37529e-008
3.25919e-008
3.00932e-008
2.99492e-008
2.95025e-008
2.88247e-008
2.74963e-008
2.56401e-008
2.52584e-008
2.50995e-008
2.37419e-008
2.36274e-008
2.06608e-008
2.00172e-008
1.97088e-008
1.77935e-008
1.74979e-008
1.59679e-008
1.50814e-008
1.43986e-008
1.38725e-008
1.35078e-008
1.3339e-008
1.29639e-008
1.27776e-008
1.17726e-008
1.15722e-008
9.94531e-009
9.59476e-009
9.07905e-009
8.81022e-009
8.54968e-009
8.52162e-009
8.39774e-009
8.03931e-009
7.63088e-009
7.06599e-009
6.57818e-009
6.35589e-009
6.28106e-009
6.09967e-009
5.83482e-009
5.83482e-009
5.76345e-009
5.32496e-009
5.14506e-009
5.03041e-009
4.70627e-009
4.35653e-009
4.15804e-009
4.11743e-009
3.83117e-009
3.73041e-009
3.50901e-009
3.41359e-009
3.13037e-009
3.09937e-009
3.00591e-009
2.81077e-009
2.65366e-009
2.60166e-009
2.53753e-009
2.37527e-009
2.19436e-009
1.951e-009
1.87855e-009
1.86743e-009
1.8065e-009
1.73997e-009
1.69295e-009
1.54448e-009
1.53043e-009
1.48488e-009
1.43751e-009
1.32462e-009
1.30892e-009
1.26736e-009
1.2577e-009
1.18892e-009
1.17275e-009
1.16351e-009
1.14043e-009
1.08242e-009
1.00578e-009
9.72829e-010
9.19123e-010
7.83436e-010
7.82523e-010
7.69345e-010
7.53637e-010
7.03673e-010
6.29421e-010
6.09445e-010
5.97832e-010
5.94914e-010
5.83724e-010
5.73224e-010
5.51298e-010
5.40839e-010
5.36579e-010
4.99894e-010
4.76208e-010
4.5729e-010
4.48406e-010
4.23316e-010
4.11364e-010
3.95321e-010
3.78555e-010
3.5518e-010
3.46848e-010
3.09835e-010
2.94579e-010
2.86937e-010
2.7235e-010
2.66376e-010
2.45547e-010
2.44202e-010
2.33304e-010
2.21007e-010
2.15629e-010
2.08685e-010
2.04117e-010
1.88834e-010
1.8287e-010
1.73384e-010
1.70659e-010
1.5607e-010
1.54777e-010
1.37659e-010
1.35205e-010
1.23069e-010
1.14204e-010
1.12266e-010
1.02171e-010
9.50914e-011
9.30318e-011
8.765e-011
8.6976e-011
7.91348e-011
7.62184e-011
7.51287e-011
7.26348e-011
7.11573e-011
6.19131e-011
6.10133e-011
5.92449e-011
5.76479e-011
5.66647e-011
5.59692e-011
5.16223e-011
5.11163e-011
4.95662e-011
4.91335e-011
4.75501e-011
4.7245e-011
4.56436e-011
4.20955e-011
3.96334e-011
3.93124e-011
3.89181e-011
3.7475e-011
3.64799e-011
3.23049e-011
3.16191e-011
3.0104e-011
2.97858e-011
2.81723e-011
2.6059e-011
2.36679e-011
2.28275e-011
2.10469e-011
2.09041e-011
2.06491e-011
1.91941e-011
1.70151e-011
1.70151e-011
1.67342e-011
1.63822e-011
1.58824e-011
1.55623e-011
1.48172e-011
1.45173e-011
1.42766e-011
1.32638e-011
1.28515e-011
1.28515e-011
1.25597e-011
1.15541e-011
1.1394e-011
1.12889e-011
1.05382e-011
1.01722e-011
9.71363e-012
9.37068e-012
9.22581e-012
8.63121e-012
8.45711e-012
8.05325e-012
7.66492e-012
7.55786e-012
7.21898e-012
7.05016e-012
6.90589e-012
6.68986e-012
6.39348e-012
6.38395e-012
6.26413e-012
6.11483e-012
6.03825e-012
5.8068e-012
5.66e-012
5.31188e-012
5.17698e-012
5.14504e-012
5.01759e-012
4.75842e-012
4.49855e-012
4.29011e-012
4.10896e-012
4.054e-012
3.75883e-012
2.9452e-012
2.21125e-012
2.17625e-012
2.16167e-012
1.87675e-012
1.84946e-012
1.84163e-012
1.61758e-012
1.59167e-012
1.57519e-012
1.43127e-012
1.39802e-012
1.33887e-012
1.24726e-012
1.23163e-012
1.22088e-012
1.17081e-012
1.04327e-012
1.03664e-012
9.74848e-013
9.10427e-013
9.10427e-013
8.79591e-013
8.5744e-013
8.10349e-013
7.99003e-013
6.80595e-013
6.71578e-013
6.64201e-013
6.58371e-013
5.99885e-013
5.8887e-013
5.77085e-013
5.71782e-013
5.61498e-013
5.44228e-013
5.1753e-013
4.7531e-013
4.55712e-013
4.17952e-013
3.90797e-013
3.65771e-013
3.59888e-013
3.27474e-013
3.16328e-013
3.0792e-013
3.00773e-013
2.83136e-013
2.77379e-013
2.58829e-013
2.47678e-013
2.41087e-013
2.33082e-013
2.27326e-013
2.26408e-013
2.07206e-013
2.02567e-013
1.94827e-013
1.91146e-013
1.81671e-013
1.78028e-013
1.74404e-013
1.66255e-013
1.65135e-013
1.57011e-013
1.48069e-013
1.41885e-013
1.37028e-013
1.32107e-013
1.25408e-013
1.25118e-013
1.20409e-013
1.18708e-013
1.1127e-013
1.10082e-013
1.06436e-013
9.40185e-014
9.22858e-014
9.09217e-014
8.61841e-014
8.50001e-014
8.42664e-014
7.78015e-014
7.40586e-014
6.66909e-014
5.91803e-014
5.70399e-014
5.53494e-014
4.77645e-014
4.66692e-014
4.63626e-014
4.4124e-014
4.30898e-014
3.78181e-014
3.7083e-014
3.62743e-014
3.57804e-014
3.3036e-014
3.13124e-014
2.68034e-014
2.67659e-014
2.6115e-014
2.57482e-014
2.43024e-014
2.43024e-014
2.26813e-014
2.16463e-014
2.11303e-014
1.89813e-014
1.84708e-014
1.82499e-014
1.81206e-014
1.78889e-014
1.78175e-014
1.56301e-014
1.55324e-014
1.54156e-014
1.47333e-014
1.40691e-014
1.40598e-014
1.26924e-014
1.25188e-014
1.2473e-014
1.21373e-014
1.15881e-014
1.14014e-014
1.12062e-014
1.10714e-014
1.09299e-014
9.83813e-015
9.34884e-015
9.19368e-015
8.81268e-015
8.7664e-015
8.35662e-015
8.03199e-015
7.79861e-015
7.61623e-015
7.47691e-015
7.30141e-015
6.96364e-015
6.3352e-015
6.19719e-015
6.16423e-015
5.80846e-015
5.60171e-015
5.47896e-015
5.41743e-015
5.35664e-015
5.28916e-015
4.9033e-015
4.84454e-015
4.69747e-015
4.29641e-015
4.15677e-015
4.15267e-015
4.02399e-015
3.63775e-015
3.44075e-015
3.40803e-015
3.17139e-015
3.13306e-015
3.08565e-015
3.06683e-015
3.01607e-015
2.8769e-015
2.73374e-015
2.58475e-015
2.40396e-015
2.37556e-015
2.36261e-015
2.28791e-015
2.21224e-015
2.07812e-015
1.98927e-015
1.96496e-015
1.86684e-015
1.85671e-015
1.85082e-015
1.67658e-015
1.61378e-015
1.36935e-015
1.2912e-015
1.02765e-015
1.01308e-015
9.75965e-016
9.6111e-016
9.47126e-016
8.2706e-016
7.7847e-016
7.71483e-016
7.48055e-016
7.19478e-016
7.0075e-016
6.86709e-016
6.18451e-016
5.88903e-016
5.68003e-016
5.11923e-016
5.03148e-016
4.84516e-016
4.41137e-016
4.39262e-016
4.30877e-016
4.17682e-016
4.02617e-016
3.83849e-016
3.57135e-016
3.44747e-016
3.25791e-016
3.25598e-016
2.83207e-016
2.79063e-016
2.77079e-016
2.71477e-016
2.4284e-016
2.35557e-016
2.34181e-016
2.26526e-016
2.22325e-016
2.09849e-016
1.84273e-016
1.67305e-016
1.65384e-016
1.6402e-016
1.64002e-016
1.60314e-016
1.57919e-016
1.4321e-016
1.40292e-016
1.3884e-016
1.38126e-016
1.3446e-016
1.17992e-016
1.17192e-016
1.16208e-016
1.11279e-016
1.00574e-016
1.00403e-016
9.02014e-017
8.42492e-017
8.33217e-017
8.25486e-017
8.0485e-017
7.96658e-017
7.79974e-017
7.33771e-017
6.94162e-017
6.7196e-017
6.58229e-017
6.34339e-017
5.73306e-017
5.67892e-017
5.29183e-017
5.07134e-017
4.89605e-017
4.46391e-017
4.43199e-017
4.07214e-017
3.77454e-017
3.72952e-017
3.4384e-017
2.83136e-017
2.78594e-017
2.7733e-017
2.70883e-017
2.70452e-017
2.51911e-017
2.48286e-017
2.47789e-017
2.44513e-017
2.44272e-017
2.37361e-017
2.31812e-017
2.2598e-017
2.08258e-017
2.06599e-017
2.02781e-017
1.93783e-017
1.76418e-017
1.64424e-017
1.58497e-017
1.48844e-017
1.43226e-017
1.42584e-017
1.36722e-017
1.26529e-017
1.15797e-017
1.13667e-017
1.10353e-017
1.06639e-017
9.59015e-018
9.42028e-018
9.36856e-018
8.68361e-018
8.20832e-018
8.12706e-018
7.86094e-018
7.7997e-018
7.70725e-018
7.29824e-018
6.14586e-018
6.14023e-018
6.08841e-018
6.0277e-018
6.02529e-018
5.97886e-018
5.81889e-018
5.6357e-018
5.59553e-018
5.13554e-018
4.50977e-018
4.32424e-018
4.1897e-018
4.06306e-018
4.02465e-018
3.84952e-018
3.49605e-018
3.47153e-018
3.40034e-018
3.2673e-018
3.26205e-018
3.13812e-018
2.76127e-018
2.73593e-018
2.622e-018
2.55243e-018
2.44258e-018
2.38278e-018
2.23393e-018
2.20623e-018
2.18301e-018
2.06334e-018
2.0632e-018
1.94086e-018
1.8893e-018
1.85102e-018
1.66506e-018
1.61551e-018
1.47707e-018
1.4316e-018
1.42608e-018
1.29129e-018
1.28606e-018
1.16149e-018
1.14481e-018
1.08507e-018
1.02482e-018
9.02142e-019
8.99604e-019
8.75918e-019
8.60363e-019
8.3975e-019
8.35671e-019
8.10155e-019
7.51561e-019
6.66726e-019
6.4308e-019
6.26412e-019
6.08153e-019
5.16567e-019
4.77446e-019
4.74022e-019
4.70406e-019
4.56911e-019
4.5189e-019
3.83006e-019
3.65737e-019
3.57761e-019
3.55388e-019
3.48702e-019
3.42908e-019
3.24745e-019
2.97523e-019
2.9745e-019
2.95997e-019
2.89939e-019
2.63328e-019
2.47768e-019
2.33518e-019
2.32326e-019
2.25597e-019
2.08633e-019
2.07184e-019
1.81101e-019
1.74357e-019
1.72058e-019
1.68269e-019
1.63408e-019
1.52936e-019
1.52911e-019
1.5246e-019
1.32577e-019
1.3143e-019
1.228e-019
1.22036e-019
1.21827e-019
1.21292e-019
1.06839e-019
1.06599e-019
9.19749e-020
8.68144e-020
8.59495e-020
8.49563e-020
8.23173e-020
7.46431e-020
7.40237e-020
6.88782e-020
6.16534e-020
6.15032e-020
6.11695e-020
5.92061e-020
5.58461e-020
5.41571e-020
5.03368e-020
4.42681e-020
4.35778e-020
4.34228e-020
3.72523e-020
3.32433e-020
3.14456e-020
2.77444e-020
2.7215e-020
2.69783e-020
2.67767e-020
2.55125e-020
2.52351e-020
2.21382e-020
2.17833e-020
2.17833e-020
2.11277e-020
1.84502e-020
1.81751e-020
1.75012e-020
1.73877e-020
1.69438e-020
1.69195e-020
1.56475e-020
1.53947e-020
1.41076e-020
1.33011e-020
1.30038e-020
1.29403e-020
1.29112e-020
1.27195e-020
1.04061e-020
9.39797e-021
9.20086e-021
9.14972e-021
9.02535e-021
8.7121e-021
8.69304e-021
8.55123e-021
8.40049e-021
8.24017e-021
7.75267e-021
7.67081e-021
7.44495e-021
7.15328e-021
6.84308e-021
6.66846e-021
6.28512e-021
6.20113e-021
5.84891e-021
5.72482e-021
5.28251e-021
5.23019e-021
4.96112e-021
4.72705e-021
4.67111e-021
4.23009e-021
4.16056e-021
4.03483e-021
3.8417e-021
3.57187e-021
3.11739e-021
3.08343e-021
2.9515e-021
2.89985e-021
2.81589e-021
2.63421e-021
2.59261e-021
2.50301e-021
2.30438e-021
2.22733e-021
2.11521e-021
2.06783e-021
1.79618e-021
1.7487e-021
1.74853e-021
1.60259e-021
1.58835e-021
1.50836e-021
1.48608e-021
1.46003e-021
1.4507e-021
1.35133e-021
1.2843e-021
1.1896e-021
1.16547e-021
1.12964e-021
1.10041e-021
1.02077e-021
1.0102e-021
9.64987e-022
8.91476e-022
8.75857e-022
8.58955e-022
8.30158e-022
8.09585e-022
8.0039e-022
7.9108e-022
7.21423e-022
7.13648e-022
6.85795e-022
6.79485e-022
6.64813e-022
6.3224e-022
6.08107e-022
5.87521e-022
5.68473e-022
5.63229e-022
5.52088e-022
5.48472e-022
5.38396e-022
5.33097e-022
5.28087e-022
5.1199e-022
4.93606e-022
4.92012e-022
4.63844e-022
4.62453e-022
4.54878e-022
4.42366e-022
4.35933e-022
4.32401e-022
4.12908e-022
4.01743e-022
3.92313e-022
3.90526e-022
3.8218e-022
3.684e-022
3.58369e-022
3.40618e-022
3.22419e-022
3.1487e-022
3.13087e-022
3.00537e-022
2.98973e-022
2.9653e-022
2.92268e-022
2.85991e-022
2.82354e-022
2.68172e-022
2.66504e-022
2.58341e-022
2.49218e-022
2.48603e-022
2.40881e-022
2.40395e-022
2.38143e-022
2.36311e-022
2.28384e-022
2.2525e-022
2.16865e-022
2.14967e-022
2.13684e-022
2.05765e-022
2.04746e-022
2.00558e-022
1.96834e-022
1.89619e-022
1.80226e-022
1.72953e-022
1.69598e-022
1.67069e-022
1.48592e-022
9.4446e-023
8.4849e-023
8.45592e-023
8.17458e-023
8.02128e-023
7.98576e-023
7.3292e-023
7.2225e-023
7.14134e-023
6.65908e-023
6.55918e-023
6.52988e-023
5.97668e-023
5.87256e-023
5.3182e-023
5.28328e-023
5.27685e-023
5.09707e-023
4.56554e-023
4.39176e-023
4.32135e-023
4.21243e-023
4.1836e-023
4.07745e-023
3.72469e-023
3.48997e-023
3.44423e-023
3.38499e-023
3.07355e-023
3.07122e-023
2.97224e-023
2.92253e-023
2.77262e-023
2.64217e-023
2.60886e-023
2.60453e-023
2.59245e-023
2.57409e-023
2.43361e-023
2.40061e-023
2.107e-023
2.09649e-023
2.08625e-023
1.96411e-023
1.92501e-023
1.83162e-023
1.80214e-023
1.77023e-023
1.60748e-023
1.59157e-023
1.59139e-023
1.56729e-023
1.56678e-023
1.54348e-023
1.4974e-023
1.48184e-023
1.41624e-023
1.36308e-023
1.31298e-023
1.26659e-023
1.17654e-023
1.16128e-023
1.14429e-023
1.12707e-023
1.11419e-023
1.07865e-023
1.07026e-023
1.03532e-023
1.01599e-023
9.66424e-024
9.64115e-024
9.37765e-024
9.26489e-024
9.1221e-024
9.09353e-024
8.72979e-024
8.54288e-024
8.52691e-024
8.29407e-024
7.94608e-024
7.92536e-024
7.84955e-024
7.7318e-024
7.62013e-024
7.61694e-024
7.52275e-024
7.40995e-024
7.34972e-024
7.26354e-024
7.07789e-024
6.96121e-024
6.69615e-024
6.66289e-024
6.61397e-024
6.54392e-024
6.3751e-024
6.29403e-024
5.95818e-024
5.94988e-024
5.94928e-024
5.79773e-024
5.79673e-024
5.67081e-024
5.66848e-024
5.56594e-024
5.56591e-024
5.55078e-024
5.50587e-024
5.41799e-024
5.385e-024
5.37701e-024
5.31936e-024
5.18014e-024
5.12694e-024
5.11821e-024
4.921e-024
4.62061e-024
3.40415e-024
2.42937e-024
1.87782e-024
1.62756e-024
1.15171e-024
1.15074e-024
1.14875e-024
1.09629e-024
9.91801e-025
9.85362e-025
9.48652e-025
8.80771e-025
8.13922e-025
8.03886e-025
8.03298e-025
6.20723e-025
6.11023e-025
6.09181e-025
6.03176e-025
6.02593e-025
6.0185e-025
5.82706e-025
5.81357e-025
5.69941e-025
5.34348e-025
4.66975e-025
4.66852e-025
4.39548e-025
4.39011e-025
3.95999e-025
3.79902e-025
3.79479e-025
3.62392e-025
3.47021e-025
3.47004e-025
3.43018e-025
3.42501e-025
3.2176e-025
3.11914e-025
2.98979e-025
2.78518e-025
2.66662e-025
2.66136e-025
2.62934e-025
2.61008e-025
2.50667e-025
2.50577e-025
2.38306e-025
2.32511e-025
2.15702e-025
2.05879e-025
1.99588e-025
1.98239e-025
1.9804e-025
1.8446e-025
1.83215e-025
1.73893e-025
1.737e-025
1.716e-025
1.58714e-025
1.58295e-025
1.46784e-025
1.43201e-025
1.29094e-025
1.26822e-025
1.22877e-025
1.19936e-025
1.17913e-025
1.07244e-025
1.06887e-025
9.57633e-026
9.54024e-026
9.5394e-026
9.11906e-026
7.55092e-026
7.50442e-026
7.21069e-026
7.14801e-026
7.01906e-026
6.71899e-026
6.61716e-026
6.02795e-026
6.02784e-026
5.28948e-026
5.28271e-026
5.20299e-026
5.00762e-026
4.63604e-026
3.67577e-026
3.61635e-026
3.61377e-026
3.60586e-026
3.60586e-026
3.46965e-026
3.35167e-026
3.16893e-026
3.08915e-026
3.05871e-026
2.72934e-026
2.72701e-026
2.47593e-026
2.47419e-026
2.43335e-026
2.30246e-026
2.26382e-026
1.97542e-026
1.97526e-026
1.87909e-026
1.87842e-026
1.83074e-026
1.72171e-026
1.70926e-026
1.67268e-026
1.65494e-026
1.46503e-026
1.45335e-026
1.44794e-026
1.44472e-026
1.40869e-026
1.30265e-026
1.23516e-026
1.21904e-026
1.1624e-026
1.02134e-026
1.01049e-026
9.94744e-027
9.54741e-027
9.35926e-027
8.49187e-027
8.3836e-027
8.32179e-027
7.68434e-027
7.5874e-027
7.55194e-027
7.25797e-027
6.43858e-027
6.33405e-027
6.3335e-027
6.31193e-027
5.97534e-027
5.9122e-027
5.68122e-027
5.55571e-027
5.5037e-027
5.20241e-027
4.97179e-027
4.77866e-027
4.76592e-027
4.45272e-027
4.36942e-027
4.25259e-027
3.93836e-027
3.62288e-027
3.60468e-027
3.1487e-027
3.12644e-027
3.08804e-027
2.93928e-027
2.91922e-027
2.62398e-027
2.41675e-027
2.36129e-027
2.35944e-027
2.34434e-027
2.25964e-027
2.25347e-027
2.24501e-027
2.23206e-027
2.22094e-027
2.11318e-027
2.06419e-027
2.03741e-027
2.03382e-027
2.00195e-027
1.93352e-027
1.82272e-027
1.82222e-027
1.81727e-027
1.78325e-027
1.74866e-027
1.72759e-027
1.72693e-027
1.68777e-027
1.644e-027
1.64052e-027
1.63437e-027
1.59289e-027
1.58796e-027
1.58001e-027
1.53291e-027
1.50568e-027
1.50307e-027
1.49507e-027
1.44793e-027
1.44528e-027
1.41888e-027
1.41567e-027
1.40575e-027
1.40247e-027
1.39937e-027
1.35062e-027
1.34823e-027
1.34683e-027
1.31918e-027
1.30319e-027
1.28957e-027
1.28063e-027
1.23655e-027
1.23425e-027
1.23321e-027
1.21413e-027
1.20769e-027
1.20155e-027
1.18881e-027
1.1708e-027
1.15829e-027
1.15179e-027
1.15083e-027
1.14832e-027
1.13245e-027
1.13115e-027
1.1219e-027
1.10712e-027
1.10287e-027
1.10276e-027
1.10232e-027
1.09883e-027
1.08711e-027
1.08564e-027
1.08564e-027
1.07935e-027
1.07931e-027
1.07702e-027
1.07669e-027
1.07311e-027
1.07155e-027
1.069e-027
1.06687e-027
1.06687e-027
1.06353e-027
1.05757e-027
1.05598e-027
1.05499e-027
1.04966e-027
1.04927e-027
1.04825e-027
1.04327e-027
1.04281e-027
1.04253e-027
1.04167e-027
1.04039e-027
1.04032e-027
1.03809e-027
1.03682e-027
1.03626e-027
1.03338e-027
1.03333e-027
1.03125e-027
1.03077e-027
1.03018e-027
1.02816e-027
1.02615e-027
1.02586e-027
1.02376e-027
1.02183e-027
1.02022e-027
1.01698e-027
1.01645e-027
1.01339e-027
1.01062e-027
1.00546e-027
1.0039e-027
9.99841e-028
9.85014e-028
9.5194e-028
8.49302e-028
7.93082e-028
4.99671e-028
8.26797e-029
7.56815e-029
7.56696e-029
7.24281e-029
7.23455e-029
6.7257e-029
6.12323e-029
6.11526e-029
5.93777e-029
5.77585e-029
5.76286e-029
5.33905e-029
4.58954e-029
4.5891e-029
4.58789e-029
4.58548e-029
4.56012e-029
4.03335e-029
3.37903e-029
3.37844e-029
3.02602e-029
2.95847e-029
2.28664e-029
2.2861e-029
2.28341e-029
2.27931e-029
2.27052e-029
2.25276e-029
2.2495e-029
2.14038e-029
2.09054e-029
2.08786e-029
2.08771e-029
1.847e-029
1.84368e-029
1.84276e-029
1.79827e-029
1.76858e-029
1.67716e-029
1.66778e-029
1.63222e-029
1.56402e-029
1.50615e-029
1.40857e-029
1.40794e-029
1.37191e-029
1.26984e-029
1.20977e-029
1.16055e-029
1.15934e-029
1.1578e-029
1.14506e-029
1.11913e-029
1.09425e-029
1.05104e-029
1.02995e-029
1.00259e-029
8.90906e-030
8.90062e-030
8.52833e-030
7.8285e-030
7.82826e-030
7.15996e-030
6.8602e-030
6.25555e-030
6.25227e-030
6.09249e-030
5.81939e-030
5.8065e-030
5.44778e-030
5.40258e-030
5.14037e-030
5.0832e-030
5.07792e-030
4.76803e-030
4.75081e-030
4.72189e-030
4.46767e-030
4.07138e-030
4.06998e-030
4.01139e-030
3.97135e-030
3.87116e-030
3.74375e-030
3.38989e-030
3.38918e-030
3.38576e-030
3.37054e-030
3.35551e-030
3.19974e-030
3.19544e-030
3.06663e-030
3.06501e-030
2.94232e-030
2.88054e-030
2.88022e-030
2.86e-030
2.83828e-030
2.8122e-030
2.78103e-030
2.63303e-030
2.62985e-030
2.48923e-030
2.3291e-030
2.32756e-030
2.30802e-030
2.17699e-030
2.17681e-030
2.17639e-030
2.08326e-030
2.08155e-030
2.08122e-030
2.06927e-030
2.01678e-030
1.96775e-030
1.96748e-030
1.88626e-030
1.81746e-030
1.8027e-030
1.69691e-030
1.42413e-030
1.17956e-030
1.012e-030
1.01089e-030
8.15407e-031
8.15245e-031
8.14841e-031
7.81522e-031
7.8133e-031
7.72314e-031
7.72218e-031
7.03067e-031
7.02625e-031
6.89162e-031
6.69147e-031
6.68828e-031
6.48409e-031
6.48241e-031
6.30555e-031
6.12447e-031
5.36172e-031
5.27158e-031
5.27013e-031
4.90018e-031
4.6642e-031
4.38585e-031
4.35683e-031
3.32221e-031
3.32077e-031
3.31984e-031
3.29652e-031
3.20774e-031
2.92447e-031
2.92125e-031
2.92032e-031
2.84544e-031
2.84398e-031
2.62993e-031
2.59811e-031
2.3737e-031
2.34729e-031
2.28692e-031
1.89769e-031
1.83424e-031
1.73531e-031
1.71045e-031
1.71002e-031
1.70932e-031
1.60422e-031
1.34636e-031
1.34574e-031
1.3452e-031
1.33534e-031
1.29692e-031
1.16059e-031
1.16054e-031
1.10753e-031
1.01077e-031
9.2557e-032
8.92464e-032
7.86945e-032
7.50228e-032
7.50007e-032
7.49659e-032
7.23602e-032
6.94259e-032
6.93949e-032
6.93691e-032
6.61915e-032
6.16105e-032
4.64142e-032
4.64059e-032
4.63297e-032
4.04892e-032
4.02714e-032
3.753e-032
3.70795e-032
3.13052e-032
3.13002e-032
3.1287e-032
2.91156e-032
2.90809e-032
2.52973e-032
2.36848e-032
2.3667e-032
2.36603e-032
2.36206e-032
2.36141e-032
2.26411e-032
2.16711e-032
1.92162e-032
1.92154e-032
1.82981e-032
1.76924e-032
1.72487e-032
1.68171e-032
1.50503e-032
1.50439e-032
1.47931e-032
1.41234e-032
1.41064e-032
1.3373e-032
1.22443e-032
1.22291e-032
1.13456e-032
1.02207e-032
1.02049e-032
9.87814e-033
9.5246e-033
9.38437e-033
9.32518e-033
8.13266e-033
7.16653e-033
7.16533e-033
6.35527e-033
6.34998e-033
6.34395e-033
6.0842e-033
6.07897e-033
5.31642e-033
5.00773e-033
4.76808e-033
4.76002e-033
4.74885e-033
4.74468e-033
4.74034e-033
4.73783e-033
4.41916e-033
4.41561e-033
4.01706e-033
4.01129e-033
3.88849e-033
3.87741e-033
3.78636e-033
3.45429e-033
3.45268e-033
3.45094e-033
3.22095e-033
2.83776e-033
2.83718e-033
2.7884e-033
2.71095e-033
2.55989e-033
2.55764e-033
2.19497e-033
2.13807e-033
2.11917e-033
1.93409e-033
1.89351e-033
1.81258e-033
1.74419e-033
1.51314e-033
1.51312e-033
1.51274e-033
1.46966e-033
1.46791e-033
1.41193e-033
1.35071e-033
1.34972e-033
1.34163e-033
1.30498e-033
1.17866e-033
1.10184e-033
1.05991e-033
9.55763e-034
8.80881e-034
