20.0543
19.6989
19.4443
19.0605
18.7391
18.4433
18.2293
17.8722
17.5601
17.1668
16.8893
16.4294
16.1815
15.8282
15.4337
14.9687
14.5716
14.2192
13.9553
13.5168
13.2474
13.0206
12.7431
12.2307
11.8214
11.4937
11.1944
10.8841
10.6641
10.3376
10.0477
9.6622
9.43309
9.19757
8.95045
8.56512
8.27449
7.96807
7.68732
7.54469
7.34501
7.03498
6.84754
6.68769
6.43037
6.2636
6.01935
5.83034
5.65431
5.45676
5.32349
5.15381
5.0309
4.8827
4.72748
4.60509
4.45012
4.33635
4.21109
4.14886
4.059
3.91377
3.80066
3.70271
3.61764
3.50436
3.43801
3.35818
3.26012
3.17923
3.08826
3.03129
2.94616
2.88387
2.82112
2.75095
2.66425
2.58441
2.50636
2.42809
2.36656
2.29087
2.20036
2.12856
2.06341
1.99038
1.91503
1.83783
1.74279
1.66431
1.58152
1.50134
1.4299
1.34904
1.28231
1.18285
1.13003
1.05202
0.978402
0.932801
0.8936
0.848674
0.797762
0.742242
0.697894
0.644834
0.609938
0.556484
0.527384
0.48767
0.449335
0.428746
0.395034
0.369111
0.347425
0.328978
0.306936
0.285942
0.268155
0.245517
0.233819
0.217234
0.199869
0.185522
0.173745
0.16313
0.153117
0.14192
0.134534
0.127958
0.121146
0.110685
0.105518
0.0992737
0.0929259
0.0879113
0.0820035
0.0767181
0.0728068
0.0690548
0.0655887
0.0616945
0.0573805
0.0544194
0.0511961
0.0482032
0.0453991
0.0426155
0.0402572
0.0377598
0.0352523
0.0333367
0.0323683
0.0306044
0.0290668
0.0274401
0.0258861
0.0246103
0.0232226
0.0219087
0.0205065
0.0195739
0.0184544
0.0172659
0.0164767
0.0157077
0.014687
0.0140396
0.0132527
0.0124142
0.0120682
0.0114215
0.0106985
0.0101097
0.00966728
0.0090952
0.00855558
0.0080936
0.00777361
0.00740341
0.00703915
0.00666011
0.00635686
0.00597455
0.00555517
0.00538918
0.00511242
0.00480945
0.00453302
0.00436195
0.00407755
0.00385878
0.00366837
0.003474
0.00332457
0.00316324
0.00301791
0.00283926
0.00265052
0.00252975
0.00240807
0.00228
0.00217976
0.00203669
0.0019633
0.00186492
0.00177529
0.00167692
0.00157776
0.00151419
0.00144889
0.00136637
0.00130948
0.00124274
0.00117775
0.00111455
0.00105183
0.000992265
0.000948491
0.000908033
0.000863546
0.000806955
0.000770083
0.000730108
0.000696873
0.000653877
0.00061911
0.000587361
0.000545972
0.000518416
0.000493369
0.00046806
0.000443455
0.000418161
0.000398235
0.000380594
0.000361639
0.000345161
0.000325616
0.000306396
0.000290588
0.000279563
0.000267364
0.000249932
0.000236923
0.000223179
0.00021215
0.000203735
0.000194867
0.000178771
0.000170679
0.000161746
0.00015336
0.000145798
0.000138936
0.000130712
0.000125495
0.000120253
0.00011143
0.000106186
0.000100466
9.55282e-005
9.07124e-005
8.66696e-005
8.13578e-005
7.63787e-005
7.19353e-005
6.90357e-005
6.50023e-005
6.12064e-005
5.84022e-005
5.58722e-005
5.24377e-005
4.95272e-005
4.67831e-005
4.43283e-005
4.22842e-005
3.95951e-005
3.78299e-005
3.62229e-005
3.48499e-005
3.28759e-005
3.09175e-005
2.93979e-005
2.76542e-005
2.65017e-005
2.49797e-005
2.30384e-005
2.16651e-005
2.05063e-005
1.96259e-005
1.87869e-005
1.8088e-005
1.69157e-005
1.62099e-005
1.52793e-005
1.44062e-005
1.35473e-005
1.30589e-005
1.21896e-005
1.15063e-005
1.09492e-005
1.02721e-005
9.77117e-006
9.23196e-006
8.78915e-006
8.4186e-006
8.01198e-006
7.50707e-006
7.05549e-006
6.69127e-006
6.23662e-006
5.99868e-006
5.75556e-006
5.34336e-006
5.06564e-006
4.77675e-006
4.55221e-006
4.3109e-006
4.12361e-006
3.92445e-006
3.63545e-006
3.42538e-006
3.24015e-006
3.08964e-006
2.90632e-006
2.7842e-006
2.68106e-006
2.53019e-006
2.39553e-006
2.25855e-006
2.11886e-006
1.9954e-006
1.88598e-006
1.80032e-006
1.71084e-006
1.63962e-006
1.53651e-006
1.42409e-006
1.34614e-006
1.2848e-006
1.20514e-006
1.12511e-006
1.0677e-006
1.01677e-006
9.49765e-007
9.03243e-007
8.62235e-007
8.22004e-007
7.73627e-007
7.31585e-007
6.92618e-007
6.60744e-007
6.30402e-007
5.96887e-007
5.72183e-007
5.36287e-007
5.05324e-007
4.74357e-007
4.46785e-007
4.19237e-007
4.01611e-007
3.78786e-007
3.61362e-007
3.37962e-007
3.2131e-007
3.01407e-007
2.8767e-007
2.71914e-007
2.53649e-007
2.40134e-007
2.26917e-007
2.14504e-007
2.02399e-007
1.93854e-007
1.83302e-007
1.72345e-007
1.63601e-007
1.56134e-007
1.45837e-007
1.37086e-007
1.31828e-007
1.23352e-007
1.17203e-007
1.10962e-007
1.05264e-007
9.84873e-008
9.36321e-008
8.82127e-008
8.25137e-008
7.80248e-008
7.42479e-008
6.92334e-008
6.50258e-008
6.21416e-008
5.92096e-008
5.6317e-008
5.3365e-008
5.10789e-008
4.80707e-008
4.45493e-008
4.14243e-008
3.94759e-008
3.78481e-008
3.52478e-008
3.34186e-008
3.16605e-008
3.00194e-008
2.79041e-008
2.65792e-008
2.50197e-008
2.36786e-008
2.21041e-008
2.10308e-008
1.98311e-008
1.89347e-008
1.80385e-008
1.69823e-008
1.6178e-008
1.54176e-008
1.45658e-008
1.35518e-008
1.27898e-008
1.19111e-008
1.13137e-008
1.065e-008
1.00748e-008
9.75822e-009
9.14164e-009
8.55899e-009
8.23227e-009
7.71946e-009
7.28162e-009
6.88122e-009
6.53778e-009
6.10812e-009
5.74982e-009
5.37995e-009
5.11508e-009
4.80443e-009
4.45054e-009
4.20619e-009
4.02679e-009
3.84983e-009
3.58407e-009
3.40367e-009
3.22027e-009
3.01971e-009
2.84766e-009
2.7385e-009
2.60473e-009
2.48619e-009
2.30546e-009
2.15807e-009
2.04275e-009
1.9228e-009
1.82483e-009
1.73626e-009
1.64517e-009
1.53463e-009
1.43726e-009
1.37961e-009
1.31069e-009
1.23873e-009
1.16038e-009
1.09556e-009
1.01771e-009
9.67971e-010
9.23234e-010
8.66666e-010
8.11153e-010
7.68118e-010
7.23977e-010
6.78298e-010
6.44634e-010
6.10085e-010
5.81483e-010
5.41145e-010
5.07896e-010
4.82894e-010
4.55006e-010
4.25977e-010
4.02084e-010
3.85268e-010
3.58997e-010
3.40909e-010
3.1729e-010
2.99566e-010
2.83943e-010
2.67982e-010
2.54255e-010
2.39899e-010
2.22568e-010
2.10965e-010
2.00534e-010
1.88918e-010
1.76645e-010
1.65867e-010
1.56441e-010
1.49022e-010
1.40711e-010
1.34519e-010
1.2493e-010
1.18237e-010
1.12407e-010
1.05562e-010
1.0017e-010
9.51105e-011
9.04242e-011
8.54595e-011
7.99409e-011
7.5061e-011
7.03673e-011
6.65046e-011
6.13582e-011
5.78171e-011
5.53513e-011
5.27262e-011
4.94374e-011
4.73893e-011
4.35693e-011
4.11654e-011
3.91886e-011
3.71045e-011
3.48227e-011
3.19125e-011
3.06249e-011
2.87155e-011
2.72419e-011
2.55145e-011
2.42567e-011
2.27462e-011
2.15527e-011
2.04597e-011
1.92516e-011
1.78862e-011
1.68528e-011
1.59387e-011
1.51801e-011
1.44536e-011
1.38597e-011
1.30293e-011
1.22056e-011
1.14078e-011
1.0745e-011
1.02602e-011
9.62757e-012
8.92719e-012
8.28976e-012
7.9239e-012
7.3473e-012
6.98762e-012
6.58418e-012
6.27694e-012
5.94504e-012
5.56213e-012
5.30946e-012
4.94716e-012
4.63636e-012
4.35421e-012
4.08811e-012
3.91239e-012
3.62256e-012
3.3959e-012
3.20341e-012
3.05356e-012
2.85617e-012
2.68536e-012
2.53778e-012
2.40128e-012
2.25917e-012
2.11877e-012
1.98384e-012
1.87413e-012
1.7694e-012
1.66971e-012
1.58757e-012
1.5217e-012
1.43082e-012
1.34243e-012
1.27017e-012
1.19585e-012
1.12095e-012
1.05971e-012
9.84033e-013
9.279e-013
8.71767e-013
8.20679e-013
7.75773e-013
7.37617e-013
6.90295e-013
6.47591e-013
6.10359e-013
5.7071e-013
5.47334e-013
5.17064e-013
4.84451e-013
4.46365e-013
4.18015e-013
3.98901e-013
3.79432e-013
3.58542e-013
3.41774e-013
3.2536e-013
3.00633e-013
2.81591e-013
2.68943e-013
2.53098e-013
2.37466e-013
2.25529e-013
2.10181e-013
1.98386e-013
1.84388e-013
1.76146e-013
1.64209e-013
1.56748e-013
1.45024e-013
1.37421e-013
1.28327e-013
1.22571e-013
1.16034e-013
1.0971e-013
1.01468e-013
9.63521e-014
8.9602e-014
8.36334e-014
7.93701e-014
7.5249e-014
7.21937e-014
6.80015e-014
6.38803e-014
5.93328e-014
5.59222e-014
5.27248e-014
4.96695e-014
4.76089e-014
4.5193e-014
4.19956e-014
3.92245e-014
3.68086e-014
3.53165e-014
3.3327e-014
3.15506e-014
2.96322e-014
2.814e-014
2.65058e-014
2.47294e-014
2.35925e-014
2.24557e-014
2.11056e-014
2.00398e-014
1.8974e-014
1.78371e-014
1.71266e-014
1.6345e-014
1.59897e-014
1.46397e-014
1.40002e-014
1.32186e-014
1.30055e-014
1.25791e-014
1.19396e-014
1.1158e-014
1.06607e-014
1.03054e-014
1.00922e-014
9.66591e-015
9.45274e-015
9.09747e-015
8.81325e-015
8.38693e-015
8.10271e-015
7.67639e-015
7.53428e-015
7.17901e-015
7.0369e-015
6.61057e-015
6.53952e-015
6.32635e-015
6.04214e-015
5.97108e-015
5.75792e-015
5.4737e-015
5.4737e-015
5.40265e-015
5.33159e-015
5.04738e-015
5.04738e-015
4.90527e-015
4.69211e-015
4.55e-015
4.33683e-015
4.33683e-015
4.33683e-015
4.33683e-015
4.33683e-015
4.19473e-015
4.12367e-015
4.05262e-015
3.91051e-015
3.83945e-015
3.83945e-015
3.83945e-015
3.83945e-015
3.83945e-015
3.83945e-015
3.83945e-015
3.83945e-015
3.83945e-015
3.83945e-015
3.83945e-015
3.83945e-015
3.83945e-015
3.83945e-015
3.83945e-015
3.83945e-015
3.83945e-015
3.83945e-015
3.7684e-015
3.7684e-015
3.7684e-015
3.7684e-015
3.7684e-015
3.7684e-015
3.7684e-015
3.7684e-015
3.7684e-015
3.7684e-015
3.7684e-015
3.7684e-015
3.7684e-015
3.7684e-015
3.7684e-015
3.7684e-015
3.7684e-015
3.7684e-015
3.7684e-015
3.7684e-015
3.7684e-015
3.7684e-015
3.7684e-015
3.7684e-015
3.7684e-015
3.7684e-015
3.7684e-015
3.7684e-015
3.7684e-015
3.7684e-015
3.7684e-015
3.7684e-015
3.7684e-015
3.7684e-015
3.7684e-015
3.7684e-015
3.7684e-015
3.7684e-015
3.7684e-015
3.7684e-015
3.7684e-015
3.7684e-015
3.7684e-015
3.7684e-015
3.7684e-015
3.7684e-015
3.7684e-015
3.7684e-015
3.7684e-015
3.7684e-015
3.7684e-015
3.7684e-015
3.7684e-015
3.7684e-015
3.7684e-015
3.7684e-015
3.7684e-015
3.7684e-015
3.7684e-015
3.7684e-015
3.7684e-015
3.7684e-015
3.7684e-015
3.7684e-015
3.7684e-015
3.7684e-015
3.7684e-015
3.7684e-015
3.7684e-015
3.7684e-015
3.7684e-015
3.7684e-015
3.7684e-015
3.7684e-015
3.7684e-015
3.7684e-015
3.7684e-015
3.7684e-015
3.7684e-015
3.7684e-015
3.7684e-015
3.7684e-015
3.7684e-015
3.7684e-015
3.7684e-015
3.7684e-015
3.7684e-015
3.7684e-015
3.7684e-015
3.7684e-015
3.7684e-015
3.7684e-015
3.7684e-015
3.7684e-015
3.7684e-015
3.7684e-015
3.7684e-015
3.7684e-015
3.7684e-015
3.7684e-015
3.7684e-015
3.7684e-015
3.7684e-015
3.7684e-015
3.7684e-015
3.7684e-015
3.7684e-015
3.7684e-015
3.7684e-015
3.7684e-015
3.7684e-015
3.7684e-015
3.7684e-015
3.7684e-015
3.7684e-015
3.7684e-015
3.7684e-015
3.7684e-015
3.7684e-015
3.7684e-015
3.7684e-015
3.7684e-015
3.7684e-015
3.7684e-015
3.7684e-015
3.7684e-015
3.7684e-015
3.7684e-015
3.7684e-015
3.7684e-015
3.7684e-015
3.7684e-015
3.7684e-015
3.7684e-015
3.7684e-015
3.7684e-015
3.7684e-015
3.7684e-015
3.7684e-015
3.7684e-015
3.7684e-015
3.7684e-015
3.7684e-015
3.7684e-015
3.7684e-015
3.7684e-015
3.7684e-015
3.7684e-015
3.7684e-015
3.7684e-015
3.7684e-015
3.7684e-015
3.7684e-015
3.7684e-015
3.7684e-015
3.7684e-015
3.7684e-015
3.7684e-015
3.7684e-015
3.7684e-015
3.7684e-015
3.7684e-015
3.7684e-015
3.7684e-015
3.7684e-015
3.7684e-015
3.7684e-015
3.7684e-015
3.7684e-015
3.7684e-015
3.7684e-015
3.7684e-015
3.7684e-015
3.7684e-015
3.7684e-015
3.7684e-015
3.7684e-015
3.7684e-015
3.7684e-015
3.7684e-015
3.7684e-015
3.7684e-015
3.7684e-015
3.7684e-015
3.7684e-015
3.7684e-015
3.7684e-015
3.7684e-015
3.7684e-015
3.7684e-015
3.7684e-015
3.7684e-015
3.7684e-015
3.7684e-015
3.7684e-015
3.7684e-015
3.7684e-015
3.7684e-015
3.7684e-015
3.7684e-015
3.7684e-015
3.7684e-015
3.7684e-015
3.7684e-015
3.7684e-015
3.7684e-015
3.7684e-015
3.7684e-015
3.7684e-015
3.7684e-015
3.7684e-015
3.7684e-015
3.7684e-015
3.7684e-015
3.7684e-015
3.7684e-015
3.7684e-015
3.7684e-015
3.7684e-015
3.7684e-015
3.7684e-015
3.7684e-015
3.7684e-015
3.7684e-015
3.7684e-015
3.7684e-015
3.7684e-015
3.7684e-015
3.7684e-015
3.7684e-015
3.7684e-015
3.7684e-015
3.7684e-015
3.7684e-015
3.7684e-015
3.7684e-015
3.7684e-015
3.7684e-015
3.7684e-015
3.7684e-015
3.7684e-015
3.7684e-015
3.7684e-015
3.7684e-015
3.7684e-015
3.7684e-015
3.7684e-015
3.7684e-015
3.7684e-015
3.7684e-015
3.7684e-015
3.7684e-015
3.7684e-015
3.7684e-015
3.7684e-015
3.7684e-015
3.7684e-015
3.7684e-015
3.7684e-015
3.7684e-015
3.7684e-015
3.7684e-015
3.7684e-015
3.7684e-015
3.7684e-015
3.7684e-015
3.7684e-015
3.7684e-015
3.7684e-015
3.7684e-015
3.7684e-015
3.7684e-015
3.7684e-015
3.7684e-015
3.7684e-015
3.7684e-015
3.7684e-015
3.7684e-015
3.7684e-015
3.7684e-015
3.7684e-015
3.7684e-015
3.7684e-015
3.7684e-015
3.7684e-015
3.7684e-015
3.7684e-015
3.7684e-015
3.7684e-015
3.7684e-015
3.7684e-015
3.7684e-015
3.7684e-015
3.7684e-015
3.7684e-015
3.7684e-015
3.7684e-015
3.7684e-015
3.7684e-015
3.7684e-015
3.7684e-015
3.7684e-015
3.7684e-015
3.7684e-015
3.7684e-015
3.7684e-015
3.7684e-015
3.7684e-015
3.7684e-015
3.7684e-015
3.7684e-015
3.7684e-015
3.7684e-015
3.7684e-015
3.7684e-015
3.7684e-015
3.7684e-015
3.7684e-015
3.7684e-015
3.7684e-015
3.7684e-015
3.7684e-015
3.7684e-015
3.7684e-015
3.7684e-015
3.7684e-015
3.7684e-015
3.7684e-015
3.7684e-015
3.7684e-015
3.7684e-015
3.7684e-015
3.7684e-015
3.7684e-015
3.7684e-015
3.7684e-015
3.7684e-015
3.7684e-015
3.7684e-015
3.7684e-015
3.7684e-015
3.7684e-015
3.7684e-015
3.7684e-015
3.7684e-015
3.7684e-015
3.7684e-015
3.7684e-015
3.7684e-015
3.7684e-015
3.7684e-015
3.7684e-015
3.7684e-015
3.7684e-015
3.7684e-015
3.7684e-015
3.7684e-015
3.7684e-015
3.7684e-015
3.7684e-015
3.7684e-015
3.7684e-015
3.7684e-015
3.7684e-015
3.7684e-015
3.7684e-015
3.7684e-015
3.7684e-015
3.7684e-015
3.7684e-015
3.7684e-015
3.7684e-015
3.7684e-015
3.7684e-015
3.7684e-015
3.7684e-015
3.7684e-015
3.7684e-015
3.7684e-015
3.7684e-015
3.7684e-015
3.7684e-015
3.7684e-015
3.7684e-015
3.7684e-015
3.7684e-015
3.7684e-015
3.7684e-015
3.7684e-015
3.7684e-015
3.7684e-015
3.7684e-015
3.7684e-015
3.7684e-015
3.7684e-015
3.7684e-015
3.7684e-015
3.7684e-015
3.7684e-015
3.7684e-015
3.7684e-015
3.7684e-015
3.7684e-015
3.7684e-015
3.7684e-015
3.7684e-015
3.7684e-015
3.7684e-015
3.7684e-015
3.7684e-015
3.7684e-015
3.7684e-015
3.7684e-015
3.7684e-015
3.7684e-015
3.7684e-015
3.7684e-015
3.7684e-015
3.7684e-015
3.7684e-015
3.7684e-015
3.7684e-015
3.7684e-015
3.7684e-015
3.7684e-015
3.7684e-015
3.7684e-015
3.7684e-015
3.7684e-015
3.7684e-015
3.7684e-015
3.7684e-015
3.7684e-015
3.7684e-015
3.7684e-015
3.7684e-015
3.7684e-015
3.7684e-015
3.7684e-015
3.7684e-015
3.7684e-015
3.7684e-015
3.7684e-015
3.7684e-015
3.7684e-015
3.7684e-015
3.7684e-015
3.7684e-015
3.7684e-015
3.7684e-015
3.7684e-015
3.7684e-015
3.7684e-015
3.7684e-015
3.7684e-015
3.7684e-015
3.7684e-015
3.7684e-015
3.7684e-015
3.7684e-015
3.7684e-015
3.7684e-015
3.7684e-015
3.7684e-015
3.7684e-015
3.7684e-015
3.7684e-015
3.7684e-015
3.7684e-015
3.7684e-015
3.7684e-015
3.7684e-015
3.7684e-015
3.7684e-015
3.7684e-015
3.7684e-015
3.7684e-015
3.7684e-015
3.7684e-015
3.7684e-015
3.7684e-015
3.7684e-015
3.7684e-015
3.7684e-015
3.7684e-015
3.7684e-015
3.7684e-015
3.7684e-015
3.7684e-015
3.7684e-015
3.7684e-015
3.7684e-015
3.7684e-015
3.7684e-015
3.7684e-015
3.7684e-015
3.7684e-015
3.7684e-015
3.7684e-015
3.7684e-015
3.7684e-015
3.7684e-015
3.7684e-015
3.7684e-015
3.7684e-015
3.7684e-015
3.7684e-015
3.7684e-015
3.7684e-015
3.7684e-015
3.7684e-015
3.7684e-015
3.7684e-015
3.7684e-015
3.7684e-015
3.7684e-015
3.7684e-015
3.7684e-015
3.7684e-015
3.7684e-015
3.7684e-015
3.7684e-015
3.7684e-015
3.7684e-015
3.7684e-015
3.7684e-015
3.7684e-015
3.7684e-015
3.7684e-015
3.7684e-015
3.7684e-015
3.7684e-015
3.7684e-015
3.7684e-015
3.7684e-015
3.7684e-015
3.7684e-015
3.7684e-015
3.7684e-015
3.7684e-015
3.7684e-015
3.7684e-015
3.7684e-015
3.7684e-015
3.7684e-015
3.7684e-015
3.7684e-015
3.7684e-015
3.7684e-015
3.7684e-015
3.7684e-015
3.7684e-015
3.7684e-015
3.7684e-015
3.7684e-015
3.7684e-015
3.7684e-015
3.7684e-015
3.7684e-015
3.7684e-015
3.7684e-015
3.7684e-015
3.7684e-015
3.7684e-015
3.7684e-015
3.7684e-015
3.7684e-015
3.7684e-015
3.7684e-015
3.7684e-015
3.7684e-015
3.7684e-015
3.7684e-015
3.7684e-015
3.7684e-015
3.7684e-015
3.7684e-015
3.7684e-015
3.7684e-015
3.7684e-015
3.7684e-015
3.7684e-015
3.7684e-015
3.7684e-015
3.7684e-015
3.7684e-015
3.7684e-015
3.7684e-015
3.7684e-015
3.7684e-015
3.7684e-015
3.7684e-015
3.7684e-015
3.7684e-015
3.7684e-015
3.7684e-015
3.7684e-015
3.7684e-015
3.7684e-015
3.7684e-015
3.7684e-015
3.7684e-015
3.7684e-015
3.7684e-015
3.7684e-015
3.7684e-015
3.7684e-015
3.7684e-015
3.7684e-015
3.7684e-015
3.7684e-015
3.7684e-015
3.7684e-015
3.7684e-015
3.7684e-015
3.7684e-015
3.7684e-015
3.7684e-015
3.7684e-015
3.7684e-015
3.7684e-015
3.7684e-015
3.7684e-015
3.7684e-015
3.7684e-015
3.7684e-015
3.7684e-015
3.7684e-015
3.7684e-015
3.7684e-015
3.7684e-015
3.7684e-015
3.7684e-015
3.7684e-015
3.7684e-015
3.7684e-015
3.7684e-015
3.7684e-015
3.7684e-015
3.7684e-015
3.7684e-015
3.7684e-015
3.7684e-015
3.7684e-015
3.7684e-015
3.7684e-015
3.7684e-015
3.7684e-015
3.7684e-015
3.7684e-015
3.7684e-015
3.7684e-015
3.7684e-015
3.7684e-015
3.7684e-015
3.7684e-015
3.7684e-015
3.7684e-015
3.7684e-015
3.7684e-015
3.7684e-015
3.7684e-015
3.7684e-015
3.7684e-015
3.7684e-015
3.7684e-015
3.7684e-015
3.7684e-015
3.7684e-015
3.7684e-015
3.7684e-015
3.7684e-015
3.7684e-015
3.7684e-015
3.7684e-015
3.7684e-015
3.7684e-015
3.7684e-015
3.7684e-015
3.7684e-015
3.7684e-015
3.7684e-015
3.7684e-015
3.7684e-015
3.7684e-015
3.7684e-015
3.7684e-015
3.7684e-015
3.7684e-015
3.7684e-015
3.7684e-015
3.7684e-015
3.7684e-015
3.7684e-015
3.7684e-015
3.7684e-015
3.7684e-015
3.7684e-015
3.7684e-015
3.7684e-015
3.7684e-015
3.7684e-015
3.7684e-015
3.7684e-015
3.7684e-015
3.7684e-015
3.7684e-015
3.7684e-015
3.7684e-015
3.7684e-015
3.7684e-015
3.7684e-015
3.7684e-015
3.7684e-015
3.7684e-015
3.7684e-015
3.7684e-015
3.7684e-015
3.7684e-015
3.7684e-015
3.7684e-015
3.7684e-015
3.7684e-015
3.7684e-015
3.7684e-015
3.7684e-015
3.7684e-015
3.7684e-015
3.7684e-015
3.7684e-015
3.7684e-015
3.7684e-015
3.7684e-015
3.7684e-015
3.7684e-015
3.7684e-015
3.7684e-015
3.7684e-015
3.7684e-015
3.7684e-015
3.7684e-015
3.7684e-015
3.7684e-015
3.7684e-015
3.7684e-015
3.7684e-015
3.7684e-015
3.7684e-015
3.7684e-015
3.7684e-015
3.7684e-015
3.7684e-015
3.7684e-015
3.7684e-015
3.7684e-015
3.7684e-015
3.7684e-015
3.7684e-015
3.7684e-015
3.7684e-015
3.7684e-015
3.7684e-015
3.7684e-015
3.7684e-015
3.7684e-015
3.7684e-015
3.7684e-015
3.7684e-015
3.7684e-015
3.7684e-015
3.7684e-015
3.7684e-015
3.7684e-015
3.7684e-015
3.7684e-015
3.7684e-015
3.7684e-015
3.7684e-015
3.7684e-015
3.7684e-015
3.7684e-015
3.7684e-015
3.7684e-015
3.7684e-015
3.7684e-015
3.7684e-015
3.7684e-015
3.7684e-015
3.7684e-015
3.7684e-015
3.7684e-015
3.7684e-015
3.7684e-015
3.7684e-015
3.7684e-015
3.7684e-015
3.7684e-015
3.7684e-015
3.7684e-015
3.7684e-015
3.7684e-015
3.7684e-015
3.7684e-015
3.7684e-015
3.7684e-015
3.7684e-015
3.7684e-015
3.7684e-015
3.7684e-015
3.7684e-015
3.7684e-015
3.7684e-015
3.7684e-015
3.7684e-015
3.7684e-015
3.7684e-015
3.7684e-015
3.7684e-015
3.7684e-015
3.7684e-015
3.7684e-015
3.7684e-015
3.7684e-015
3.7684e-015
3.7684e-015
3.7684e-015
3.7684e-015
3.7684e-015
3.7684e-015
3.7684e-015
3.7684e-015
3.7684e-015
3.7684e-015
3.7684e-015
3.7684e-015
3.7684e-015
3.7684e-015
3.7684e-015
3.7684e-015
3.7684e-015
3.7684e-015
3.7684e-015
3.7684e-015
3.7684e-015
3.7684e-015
3.7684e-015
3.7684e-015
3.7684e-015
3.7684e-015
3.7684e-015
3.7684e-015
3.7684e-015
3.7684e-015
3.7684e-015
3.7684e-015
3.7684e-015
3.7684e-015
3.7684e-015
3.7684e-015
3.7684e-015
3.7684e-015
3.7684e-015
3.7684e-015
3.7684e-015
3.7684e-015
3.7684e-015
3.7684e-015
3.7684e-015
3.7684e-015
3.7684e-015
3.7684e-015
3.7684e-015
3.7684e-015
3.7684e-015
3.7684e-015
3.7684e-015
3.7684e-015
3.7684e-015
3.7684e-015
3.7684e-015
3.7684e-015
3.7684e-015
3.7684e-015
3.7684e-015
3.7684e-015
3.7684e-015
3.7684e-015
3.7684e-015
3.7684e-015
3.7684e-015
3.7684e-015
3.7684e-015
3.7684e-015
3.7684e-015
3.7684e-015
3.7684e-015
3.7684e-015
3.7684e-015
3.7684e-015
3.7684e-015
3.7684e-015
3.7684e-015
3.7684e-015
3.7684e-015
3.7684e-015
3.7684e-015
3.7684e-015
3.7684e-015
3.7684e-015
3.7684e-015
3.7684e-015
3.7684e-015
3.7684e-015
3.7684e-015
3.7684e-015
3.7684e-015
3.7684e-015
3.7684e-015
3.7684e-015
3.7684e-015
3.7684e-015
3.7684e-015
3.7684e-015
3.7684e-015
3.7684e-015
3.7684e-015
3.7684e-015
3.7684e-015
3.7684e-015
3.7684e-015
3.7684e-015
3.7684e-015
3.7684e-015
3.7684e-015
3.7684e-015
3.7684e-015
3.7684e-015
3.7684e-015
3.7684e-015
3.7684e-015
3.7684e-015
3.7684e-015
3.7684e-015
3.7684e-015
3.7684e-015
3.7684e-015
3.7684e-015
3.7684e-015
3.7684e-015
3.7684e-015
3.7684e-015
3.7684e-015
3.7684e-015
3.7684e-015
3.7684e-015
3.7684e-015
3.7684e-015
3.7684e-015
3.7684e-015
3.7684e-015
3.7684e-015
3.7684e-015
3.7684e-015
3.7684e-015
3.7684e-015
3.7684e-015
3.7684e-015
3.7684e-015
3.7684e-015
3.7684e-015
3.7684e-015
3.7684e-015
3.7684e-015
3.7684e-015
3.7684e-015
3.7684e-015
3.7684e-015
3.7684e-015
3.7684e-015
3.7684e-015
3.7684e-015
3.7684e-015
3.7684e-015
3.7684e-015
3.7684e-015
3.7684e-015
3.7684e-015
3.7684e-015
3.7684e-015
3.7684e-015
3.7684e-015
3.7684e-015
3.7684e-015
3.7684e-015
3.7684e-015
3.7684e-015
3.7684e-015
3.7684e-015
3.7684e-015
3.7684e-015
3.7684e-015
3.7684e-015
3.7684e-015
3.7684e-015
3.7684e-015
3.7684e-015
3.7684e-015
3.7684e-015
3.7684e-015
3.7684e-015
3.7684e-015
3.7684e-015
3.7684e-015
3.7684e-015
3.7684e-015
3.7684e-015
3.7684e-015
3.7684e-015
3.7684e-015
3.7684e-015
3.7684e-015
3.7684e-015
3.7684e-015
3.7684e-015
3.7684e-015
3.7684e-015
3.7684e-015
3.7684e-015
3.7684e-015
3.7684e-015
3.7684e-015
3.7684e-015
3.7684e-015
3.7684e-015
3.7684e-015
3.7684e-015
3.7684e-015
3.7684e-015
3.7684e-015
3.7684e-015
3.7684e-015
3.7684e-015
3.7684e-015
3.7684e-015
3.7684e-015
3.7684e-015
3.7684e-015
3.7684e-015
3.7684e-015
3.7684e-015
3.7684e-015
3.7684e-015
3.7684e-015
3.7684e-015
3.7684e-015
3.7684e-015
3.7684e-015
3.7684e-015
3.7684e-015
3.7684e-015
3.7684e-015
3.7684e-015
3.7684e-015
3.7684e-015
3.7684e-015
3.7684e-015
3.7684e-015
3.7684e-015
3.7684e-015
3.7684e-015
3.7684e-015
3.7684e-015
3.7684e-015
3.7684e-015
3.7684e-015
3.7684e-015
3.7684e-015
3.7684e-015
3.7684e-015
3.7684e-015
3.7684e-015
3.7684e-015
3.7684e-015
3.7684e-015
3.7684e-015
3.7684e-015
3.7684e-015
3.7684e-015
3.7684e-015
3.7684e-015
3.7684e-015
3.7684e-015
3.7684e-015
3.7684e-015
3.7684e-015
3.7684e-015
3.7684e-015
3.7684e-015
3.7684e-015
3.7684e-015
3.7684e-015
3.7684e-015
3.7684e-015
3.7684e-015
3.7684e-015
3.7684e-015
3.7684e-015
3.7684e-015
3.7684e-015
3.7684e-015
3.7684e-015
3.7684e-015
3.7684e-015
3.7684e-015
3.7684e-015
3.7684e-015
3.7684e-015
3.7684e-015
3.7684e-015
3.7684e-015
3.7684e-015
3.7684e-015
3.7684e-015
3.7684e-015
3.7684e-015
3.7684e-015
3.7684e-015
3.7684e-015
3.7684e-015
3.7684e-015
3.7684e-015
3.7684e-015
3.7684e-015
3.7684e-015
3.7684e-015
3.7684e-015
3.7684e-015
3.7684e-015
3.7684e-015
3.7684e-015
3.7684e-015
3.7684e-015
3.7684e-015
3.7684e-015
3.7684e-015
3.7684e-015
3.7684e-015
3.7684e-015
3.7684e-015
3.7684e-015
3.7684e-015
3.7684e-015
3.7684e-015
3.7684e-015
3.7684e-015
3.7684e-015
3.7684e-015
3.7684e-015
3.7684e-015
3.7684e-015
3.7684e-015
3.7684e-015
3.7684e-015
3.7684e-015
3.7684e-015
3.7684e-015
3.7684e-015
3.7684e-015
3.7684e-015
3.7684e-015
3.7684e-015
3.7684e-015
3.7684e-015
3.7684e-015
3.7684e-015
3.7684e-015
3.7684e-015
3.7684e-015
3.7684e-015
3.7684e-015
3.7684e-015
3.7684e-015
3.7684e-015
3.7684e-015
3.7684e-015
3.7684e-015
3.7684e-015
3.7684e-015
3.7684e-015
3.7684e-015
3.7684e-015
3.7684e-015
3.7684e-015
3.7684e-015
3.7684e-015
3.7684e-015
3.7684e-015
3.7684e-015
3.7684e-015
3.7684e-015
3.7684e-015
3.7684e-015
3.7684e-015
3.7684e-015
3.7684e-015
3.7684e-015
3.7684e-015
3.7684e-015
3.7684e-015
3.7684e-015
3.7684e-015
3.7684e-015
3.7684e-015
3.7684e-015
3.7684e-015
3.7684e-015
3.7684e-015
3.7684e-015
3.7684e-015
3.7684e-015
3.7684e-015
3.7684e-015
3.7684e-015
3.7684e-015
3.7684e-015
3.7684e-015
3.7684e-015
3.7684e-015
3.7684e-015
3.7684e-015
3.7684e-015
3.7684e-015
3.7684e-015
3.7684e-015
3.7684e-015
3.7684e-015
3.7684e-015
3.7684e-015
3.7684e-015
3.7684e-015
3.7684e-015
3.7684e-015
3.7684e-015
3.7684e-015
3.7684e-015
3.7684e-015
3.7684e-015
3.7684e-015
3.7684e-015
3.7684e-015
3.7684e-015
3.7684e-015
3.7684e-015
3.7684e-015
3.7684e-015
3.7684e-015
3.7684e-015
3.7684e-015
3.7684e-015
3.7684e-015
3.7684e-015
3.7684e-015
3.7684e-015
3.7684e-015
3.7684e-015
3.7684e-015
3.7684e-015
3.7684e-015
3.7684e-015
3.7684e-015
3.7684e-015
3.7684e-015
3.7684e-015
3.7684e-015
3.7684e-015
3.7684e-015
3.7684e-015
3.7684e-015
3.7684e-015
3.7684e-015
3.7684e-015
3.7684e-015
