636
636
636
636
636
636
636
636
448
448
448
448
448
448
448
448
448
448
448
448
448
448
448
448
448
448
953
573
573
183
183
183
826
826
826
826
826
826
826
826
826
826
826
826
826
826
826
826
826
826
826
826
826
826
826
826
826
826
826
826
826
826
826
826
826
826
308
308
018
018
018
018
018
018
018
018
018
018
018
018
018
018
018
018
018
018
018
018
018
018
018
018
018
018
018
018
018
018
018
018
018
018
018
018
018
924
134
134
134
134
134
655
655
655
655
655
665
765
765
765
765
765
765
765
765
765
765
765
765
765
765
765
765
765
841
803
803
803
803
803
803
803
803
615
845
945
755
375
275
045
045
045
045
045
045
045
045
377
508
318
318
318
318
318
318
318
318
318
318
318
318
318
318
318
318
318
318
318
318
318
318
318
318
318
318
318
416
416
416
226
326
978
978
978
978
978
978
978
978
978
978
978
978
978
978
978
978
978
978
978
978
978
978
978
978
978
978
978
978
978
978
978
978
978
978
978
978
978
978
978
978
978
978
978
978
978
978
978
978
978
978
978
978
978
978
978
978
978
978
978
978
978
978
978
978
978
088
288
288
288
288
288
288
288
075
075
075
075
075
075
075
587
587
587
925
925
503
503
503
503
503
503
503
441
441
441
541
741
703
113
113
113
113
113
113
113
113
113
113
113
683
493
014
014
014
014
014
014
014
014
014
014
014
014
014
014
014
014
014
014
014
014
014
014
014
865
428
828
828
828
828
828
828
828
828
828
828
828
828
828
828
828
828
828
828
828
828
828
828
828
828
828
828
828
828
828
828
828
828
828
828
828
828
828
828
828
828
828
828
828
828
828
828
828
828
828
828
828
828
828
038
038
038
038
038
038
038
038
038
038
038
038
038
038
038
038
038
038
038
038
038
038
038
038
038
038
038
038
038
038
038
038
038
038
038
038
038
038
038
038
038
038
038
938
938
938
938
938
748
748
748
748
748
748
748
748
748
748
748
748
748
748
748
748
748
748
748
748
453
016
016
438
838
458
458
458
458
458
458
458
458
458
458
458
458
458
458
458
458
458
458
458
458
458
458
458
458
458
458
458
458
458
458
458
458
458
458
458
458
458
458
458
458
458
458
398
398
398
398
398
398
398
398
398
398
398
398
398
398
398
398
398
398
398
392
592
592
592
592
055
608
078
688
688
688
688
688
688
688
688
688
688
688
688
688
688
688
688
688
688
688
688
688
688
688
688
688
688
688
688
688
688
688
688
688
688
688
688
688
688
688
688
688
688
688
688
688
688
688
688
688
688
688
688
688
688
688
688
688
688
688
688
688
688
688
688
688
688
688
688
688
688
688
688
688
688
688
688
688
688
688
688
688
688
688
688
688
688
688
688
688
688
688
688
688
688
688
688
688
688
688
688
688
688
688
688
688
688
688
688
688
688
688
688
688
688
688
688
688
688
688
688
688
688
688
688
688
688
688
688
688
688
688
688
688
688
688
688
688
688
688
688
688
688
688
688
688
688
688
688
688
688
688
688
688
688
688
688
688
688
688
688
688
688
688
688
688
688
688
688
688
688
688
688
688
688
688
688
688
688
688
688
688
688
688
975
116
726
726
726
726
036
036
036
036
036
036
036
036
036
036
036
036
036
036
036
036
036
036
377
738
548
548
548
548
548
548
548
548
548
548
548
548
548
548
548
548
548
548
548
548
548
548
548
548
548
37
182
182
182
382
114
114
114
344
344
544
544
736
736
736
736
736
488
488
488
488
488
488
488
488
488
488
488
488
488
488
488
488
488
488
488
488
488
488
488
488
488
488
488
488
488
488
488
488
488
488
488
488
488
488
488
488
488
488
488
488
488
488
488
488
488
488
488
488
488
488
488
488
488
488
488
488
488
488
488
488
488
488
488
488
488
488
488
488
488
488
488
488
488
488
488
488
488
488
488
488
488
488
488
488
488
488
488
488
488
488
488
488
488
488
488
488
488
488
488
488
488
488
488
488
488
488
488
488
488
488
488
488
488
488
488
488
488
488
488
488
488
488
488
831
831
831
831
645
265
265
265
265
265
265
265
265
265
265
265
265
265
265
265
265
265
265
265
265
265
203
226
226
226
226
226
226
226
226
226
226
226
226
226
226
226
226
387
387
387
387
387
387
387
387
387
387
387
387
387
387
387
387
387
387
387
387
387
387
387
387
387
387
387
387
387
387
387
387
387
387
387
387
387
387
414
414
897
897
897
897
848
848
848
848
848
848
848
848
848
848
848
848
848
