53
53
38
38
541
941
941
941
941
941
941
181
181
772
972
972
972
933
173
173
173
173
773
973
973
336
988
988
716
716
716
716
716
716
716
716
716
716
716
716
716
716
716
716
716
716
526
526
526
108
108
108
108
108
108
108
838
648
648
648
648
648
648
648
648
648
648
648
648
648
648
648
648
648
648
648
648
648
648
648
648
648
648
648
648
648
648
648
648
648
648
648
648
648
875
875
875
875
875
875
875
875
875
875
875
875
875
495
058
858
858
858
858
858
858
858
858
858
858
858
858
858
858
858
858
858
858
858
858
858
858
072
072
072
072
455
855
475
836
836
836
836
836
836
836
836
836
836
836
836
836
836
836
788
788
788
788
788
788
788
788
788
788
788
788
788
788
788
788
788
788
788
788
788
788
788
788
788
788
788
788
788
788
788
788
788
788
788
788
788
788
788
788
788
788
788
788
788
788
788
788
788
788
788
788
788
788
788
788
788
788
788
788
788
788
788
788
788
788
788
788
788
788
788
788
788
788
788
788
788
788
788
788
788
788
788
098
098
098
098
098
098
098
098
098
098
098
098
098
098
098
098
098
098
098
098
098
098
098
098
098
098
098
098
098
098
098
098
098
098
098
098
098
098
098
098
098
098
098
098
098
098
098
098
098
098
098
098
098
098
098
098
098
098
098
098
098
098
098
098
098
098
098
098
098
098
098
098
098
098
098
098
098
098
098
098
098
098
098
098
098
098
098
098
098
098
098
098
098
098
151
704
704
704
434
288
088
088
088
088
088
088
088
088
088
088
088
088
088
088
088
088
088
088
088
088
088
088
088
088
088
955
326
326
326
936
936
936
936
936
936
936
936
936
936
936
936
936
936
936
936
936
936
936
936
936
936
936
936
936
936
936
936
936
936
936
936
216
026
678
678
678
678
678
678
678
678
678
678
678
678
678
678
678
678
678
678
678
678
678
678
678
678
678
678
678
678
678
678
678
678
678
678
678
678
678
678
678
678
678
678
678
678
678
678
678
678
678
678
678
678
678
678
678
678
678
678
678
678
678
678
678
678
678
678
678
678
678
678
678
678
678
678
678
678
678
588
588
588
588
588
588
588
588
588
588
588
588
588
588
588
588
588
588
588
588
588
461
661
761
571
761
381
381
381
381
381
381
381
392
316
316
316
461
292
216
868
868
868
868
868
868
868
868
868
868
868
868
868
868
868
868
868
868
868
868
868
868
868
868
868
868
868
868
868
868
868
868
868
868
868
868
868
868
868
868
868
188
588
588
588
588
588
588
588
588
588
588
588
588
588
588
588
588
588
588
588
588
588
588
588
588
588
588
588
588
588
588
588
588
588
588
588
588
588
588
588
588
588
588
588
588
588
588
588
588
588
588
588
588
588
588
588
588
588
588
588
588
588
588
588
588
588
588
588
588
588
588
588
588
588
588
588
588
588
588
588
588
588
588
588
588
588
588
588
588
588
588
588
588
588
588
588
588
588
588
588
588
588
588
588
588
588
588
588
588
588
588
588
588
588
588
588
588
588
588
588
588
588
588
588
588
588
588
588
588
588
588
588
588
588
588
588
588
588
588
588
588
588
588
588
588
588
588
588
588
588
588
588
588
588
588
588
588
588
588
588
588
588
588
588
588
588
588
588
588
588
588
588
588
588
588
588
588
588
588
588
588
588
588
588
588
588
588
588
588
588
588
588
588
598
598
598
598
598
598
598
598
598
598
598
598
598
598
598
598
598
598
598
598
598
598
598
598
598
598
598
598
598
598
598
598
598
598
598
598
598
598
598
598
598
598
598
598
598
598
598
598
598
598
598
598
598
598
598
598
598
598
598
598
598
598
598
598
598
598
598
598
598
598
598
598
598
598
598
598
598
598
598
598
598
598
598
598
598
598
598
598
598
598
598
598
598
598
598
598
598
598
598
598
598
598
598
598
598
598
598
598
598
598
598
598
598
598
598
598
598
598
598
598
103
318
318
418
418
418
878
878
878
878
878
878
878
878
878
878
878
878
878
878
878
878
878
878
878
878
878
878
878
878
878
878
878
878
878
878
878
282
282
643
206
206
206
206
206
206
206
206
206
206
206
206
206
206
206
206
206
206
206
206
206
206
206
206
206
206
206
206
206
206
206
206
206
206
206
206
206
206
206
206
206
206
206
206
206
206
206
906
316
316
316
945
945
108
108
108
108
108
108
108
108
108
108
108
108
108
855
955
575
138
138
138
138
138
138
138
138
138
138
138
138
138
268
498
498
498
498
498
498
498
