512.4
444.8
634.4
634.4
735
665.4
787.4
787.4
749.8
749.8
749.8
597.8
479.8
537.8
577.8
577.8
527.8
642
490
490
490
368.4
488.4
528.4
528.4
401
632.4
556.4
502
424
424
424
552.6
552.6
552.6
552.6
552.6
552.6
552.6
552.6
552.6
552.6
552.6
599.6
639.6
731.8
693.8
693.8
693.8
610.2
610.2
610.2
606.4
652.4
652.4
652.4
744.4
786.4
786.4
786.4
786.4
786.4
786.4
786.4
786.4
786.4
641.2
641.2
583.2
583.2
583.2
583.2
583.2
583.2
583.2
583.2
583.2
583.2
583.2
583.2
477.6
477.6
477.6
477.6
477.6
477.6
477.6
477.6
327
327
327
327
387
497.6
543
543
543
543
543
543
604
604
696
608.6
608.6
789.8
631.8
555.8
468.4
628.4
628.4
732.6
732.6
732.6
732.6
732.6
734.6
754.6
754.6
754.6
754.6
733
733
733
733
733
733
733
733
733
733
575.8
575.8
575.8
591
660
740
664
736.2
736.2
736.2
736.2
736.2
698.6
744.6
764.6
726.6
650.6
630.6
584.6
584.6
584.6
584.6
575
575
575
575
641.4
667.6
629.6
629.6
629.6
629.6
629.6
629.6
629.6
629.6
629.6
629.6
629.6
629.6
629.6
629.6
624.2
498.4
498.4
498.4
498.4
498.4
498.4
498.4
459.2
459.2
459.2
581.2
581.2
600.8
600.8
600.8
562.8
513.2
605.6
605.6
605.6
625.6
625.6
625.6
625.6
625.6
625.6
625.6
586.8
586.8
586.8
586.8
586.8
586.8
586.8
586.8
586.8
586.8
586.8
586.8
586.8
586.8
586.8
586.8
586.8
586.8
586.8
586.8
586.8
586.8
586.8
586.8
586.8
660.8
660.8
744.8
668.8
668.8
668.8
668.8
668.8
753.6
677.6
539.6
539.6
539.6
535
615
635
707.2
707.2
619.6
639.6
601.6
641.6
641.6
641.6
641.6
641.6
641.6
641.6
641.6
641.6
463.6
503.6
503.6
503.6
503.6
503.6
503.6
503.6
461
461
461
417.8
497.8
524
524
626.4
626.4
626.4
694
694
609.6
609.6
609.6
609.6
609.6
609.6
609.6
597.2
417.8
437.8
588.2
590.2
582.6
464.6
464.6
464.6
437.2
437.2
403.4
403.4
467.6
349.6
509.6
509.6
623.6
585.6
489.8
489.8
489.8
489.8
489.8
489.8
489.8
489.8
489.8
489.8
489.8
489.8
432
452
452
452
452
494.8
494.8
494.8
494.8
494.8
494.8
586.6
630.6
435.6
435.6
465.2
596.4
707
707
557.4
605.6
547.2
507.2
567.2
647.2
647.2
647.2
727.2
727.2
727.2
727.2
727.2
727.2
727.2
727.2
727.2
727.2
727.2
727.2
727.2
727.2
727.2
727.2
566.6
589.2
553.2
553.2
726.6
600.8
600.8
600.8
722.8
722.8
722.8
722.8
722.8
722.8
722.8
722.8
722.8
722.8
722.8
722.8
722.8
722.8
722.8
564.8
564.8
595
717
717
717
717
717
717
717
717
717
717
717
717
717
717
573
535
665.4
665.4
665.4
665.4
665.4
665.4
665.4
665.4
665.4
665.4
665.4
665.4
665.4
665.4
665.4
665.4
665.4
665.4
665.4
665.4
665.4
665.4
665.4
665.4
845.4
845.4
845.4
845.4
845.4
807.4
807.4
807.4
807.4
807.4
807.4
655.6
655.6
655.6
655.6
655.6
655.6
655.6
655.6
655.6
655.6
655.6
655.6
655.6
655.6
596.6
509.2
509.2
593.6
673.6
597.6
597.6
597.6
597.6
597.6
597.6
597.6
597.6
597.6
597.6
597.6
597.6
597.6
597.6
597.6
597.6
597.6
597.6
597.6
597.6
597.6
597.6
597.6
579.6
523.6
523.6
523.6
523.6
523.6
523.6
523.6
523.6
523.6
523.6
523.6
635.6
635.6
635.6
635.6
635.6
635.6
635.6
623.6
623.6
598.2
638.2
658.2
620.2
658.2
582.2
582.2
582.2
582.2
582.2
582.2
497
621.2
552.4
552.4
578.4
607.4
572.4
597.2
727.6
760.4
760.4
653
783.6
559.6
681.6
681.6
681.6
681.6
681.6
681.6
681.6
684.6
724.6
724.6
775
775
775
657
767.6
813.6
813.6
813.6
813.6
813.6
813.6
813.6
813.6
813.6
813.6
813.6
734.4
774.4
774.4
774.4
815
657
657
556.8
556.8
558.2
623
585
585
585
585
585
585
585
585
585
629.4
629.4
629.4
629.4
629.4
629.4
629.4
629.4
629.4
629.4
629.4
629.4
629.4
629.4
629.4
629.4
629.4
629.4
629.4
649.6
649.6
649.6
649.6
595.6
595.6
595.6
595.6
633.6
750.2
629
669
581.6
581.6
581.6
581.6
581.6
581.6
581.6
581.6
581.6
581.6
581.6
581.6
581.6
581.6
581.6
581.6
581.6
581.6
581.6
581.6
581.6
669.6
669.6
669.6
689.6
735.6
735.6
735.6
735.6
735.6
735.6
735.6
735.6
735.6
605.2
605.2
605.2
605.2
605.2
605.2
605.2
605.2
605.2
605.2
530.2
656
580
620
620
606.2
606.2
686.8
568.8
690.8
710.8
710.8
710.8
710.8
601
627.2
627.2
627.2
627.2
637.2
683.2
683.2
683.2
683.2
683.2
683.2
683.2
777
689.6
729.6
729.6
729.6
729.6
729.6
729.6
729.6
729.6
729.6
729.6
729.6
729.6
729.6
729.6
729.6
729.6
729.6
729.6
729.6
729.6
729.6
729.6
729.6
729.6
729.6
729.6
729.6
729.6
729.6
729.6
729.6
729.6
729.6
787
615.2
737.2
737.2
737.2
737.2
599.2
599.2
599.2
599.2
599.2
599.2
599.2
599.2
599.2
599.2
599.2
599.2
599.2
599.2
599.2
599.2
599.2
639.2
707.4
641.6
603.6
603.6
603.6
603.6
603.6
603.6
603.6
603.6
603.6
603.6
603.6
603.6
603.6
603.6
603.6
603.6
603.6
603.6
603.6
605.6
605.6
605.6
605.6
605.6
605.6
503.4
532.4
532.4
532.4
572.4
518.8
518.8
518.8
564.8
564.8
604.8
604.8
643.2
643.2
643.2
643.2
643.2
593.6
593.6
593.6
593.6
593.6
593.6
593.6
593.6
593.6
593.6
593.6
593.6
562.6
562.6
562.6
588.4
668.4
668.4
668.4
668.4
668.4
668.4
668.4
677
639
639
551.4
673.4
673.4
577.6
597.6
597.6
597.6
597.6
597.6
597.6
684.4
684.4
630.6
650.6
650.6
650.6
650.6
650.6
650.6
650.6
650.6
650.6
650.6
650.6
650.6
681.2
681.2
681.2
681.2
593.6
593.6
593.6
593.6
593.6
593.6
593.6
593.6
593.6
593.6
593.6
593.6
593.6
593.6
593.6
593.6
593.6
593.6
593.6
593.6
593.6
593.6
593.6
593.6
593.6
593.6
593.6
637.6
637.6
637.6
637.6
637.6
637.6
637.6
637.6
637.6
637.6
760.6
760.6
760.6
588.6
608.6
620.2
663.2
663.2
683.2
683.2
683.2
775.2
775.2
775.2
775.2
775.2
775.2
775.2
775.2
775.2
775.2
775.2
775.2
775.2
775.2
775.2
679.6
679.6
643.6
683.6
683.6
683.6
683.6
683.6
683.6
752.2
752.2
752.2
752.2
715
639
639
519.8
519.8
592
504.6
504.6
504.6
504.6
504.6
504.6
504.6
504.6
504.6
539.6
559.6
472.2
472.2
472.2
472.2
472.2
459.8
464.4
464.4
464.4
464.4
464.4
464.4
464.4
464.4
464.4
464.4
464.4
464.4
464.4
464.4
464.4
464.4
496.6
536
582
582
582
582
518.4
564.4
564.4
564.4
456.8
381.8
381.8
381.8
624
506
506
506
631.8
631.8
464.4
352.6
352.6
352.6
352.6
352.6
352.6
352.6
352.6
352.6
352.6
352.6
352.6
502
522
446
358.6
358.6
364
364
460.6
544.6
544.6
544.6
534.8
534.8
440.2
506.4
586.4
558.8
604.8
604.8
604.8
604.8
604.8
604.8
604.8
