0
9
9
9
9
9
9
9
9
9
9
9
9
9
9
9
9
9
9
9
9
9
9
9
9
0
0
0
0
0
0
0
0
0
0
0
0
0
8
8
8
8
8
8
8
8
8
8
8
8
8
8
8
8
8
8
8
8
8
8
8
8
8
8
8
8
8
8
8
8
8
8
8
9
9
9
9
9
9
9
9
9
9
9
9
9
9
9
9
9
0
0
0
0
9
9
9
9
9
9
9
9
9
9
9
9
9
9
9
9
9
9
9
9
9
9
9
9
9
9
9
9
9
9
9
9
01
81
81
81
81
81
81
42
42
42
62
62
62
62
62
62
62
62
62
62
62
62
62
62
62
62
62
72
72
72
72
72
72
72
72
72
72
72
72
72
72
72
72
72
72
72
8
9
8
8
8
8
8
8
8
8
8
8
52
72
72
72
0
11
11
11
11
21
21
21
8
8
8
8
8
8
8
8
8
8
8
8
8
8
8
8
8
8
8
8
8
8
8
8
8
9
9
9
9
9
9
9
9
9
9
9
9
42
42
42
42
42
42
42
42
42
42
42
42
42
42
42
42
72
72
72
72
72
8
8
8
9
9
72
72
72
72
72
72
72
72
72
72
72
72
72
72
72
72
72
72
72
72
72
72
72
72
72
72
72
72
72
72
72
72
72
72
8
9
9
9
9
9
9
9
11
11
11
11
0
0
21
21
9
9
9
9
9
9
9
9
42
52
52
52
52
52
72
72
72
72
72
72
72
72
72
72
72
72
0
8
9
31
9
9
72
52
52
52
52
52
52
52
52
52
52
52
72
72
72
72
72
72
72
72
72
72
72
72
72
72
72
72
72
72
72
72
72
72
72
72
72
72
72
72
72
72
72
72
72
72
72
72
72
72
72
72
72
72
72
72
9
9
9
31
31
31
31
31
9
9
9
9
9
9
9
9
9
9
9
9
9
9
9
9
9
62
62
62
62
62
62
62
62
62
62
62
62
62
62
62
62
62
9
9
9
62
62
8
8
8
9
9
9
9
9
9
42
42
42
62
62
62
62
62
62
62
62
62
62
62
62
62
62
62
62
62
62
62
62
62
62
62
62
62
72
72
72
72
72
72
9
9
9
0
0
0
71
71
71
9
9
9
9
61
71
71
81
91
