416
416
826
826
826
078
688
688
688
688
688
688
098
098
098
098
098
098
098
098
098
098
098
098
098
098
098
098
098
098
098
098
098
098
098
098
098
098
098
098
098
098
098
333
533
533
533
533
533
533
533
533
514
744
744
744
744
744
744
744
744
744
744
744
744
744
536
536
536
536
536
536
536
536
536
536
536
536
536
536
008
008
008
008
008
008
008
008
008
008
008
008
008
008
008
008
008
008
008
008
313
313
773
336
336
336
336
336
336
336
336
336
336
336
336
336
336
336
336
336
336
228
228
228
228
228
228
228
228
228
228
228
228
228
228
228
228
228
228
228
228
228
228
228
228
228
228
228
228
228
228
228
228
228
228
228
228
228
228
228
228
228
228
228
228
228
228
228
228
228
228
228
228
228
228
228
228
228
228
228
228
228
228
228
228
228
228
228
228
228
228
228
228
228
228
228
228
228
228
228
228
228
228
228
228
228
228
228
228
228
228
228
228
228
228
228
228
228
228
228
228
228
228
228
228
228
598
598
598
598
598
598
598
598
598
598
598
598
598
598
598
598
598
598
598
598
598
598
598
598
598
598
598
598
598
598
598
598
598
598
598
598
598
598
598
598
598
598
598
598
598
598
598
598
598
598
598
598
598
598
598
598
598
598
598
598
598
598
598
598
598
598
551
551
382
382
703
113
913
913
913
913
913
913
913
913
913
913
913
913
913
913
913
913
624
724
724
724
724
938
938
938
938
938
938
938
938
0
0
48
841
841
841
093
604
458
458
458
458
458
458
858
858
858
858
858
858
858
858
858
858
858
858
858
858
858
858
055
416
036
036
036
036
036
036
036
036
036
036
036
036
036
036
036
036
036
036
036
036
036
036
036
187
797
797
797
797
797
797
797
797
797
797
797
797
797
797
797
797
797
797
797
797
797
797
797
797
797
797
797
797
797
797
797
797
797
797
797
797
797
797
797
797
797
797
797
797
797
797
797
797
797
797
797
038
038
038
038
038
038
038
038
038
038
038
038
038
038
038
038
038
038
038
038
038
038
038
038
038
038
038
038
038
038
038
038
038
038
038
038
038
038
038
038
038
038
038
038
038
038
038
038
038
038
038
038
038
038
598
598
598
598
598
598
598
598
598
598
598
598
598
598
598
598
598
598
598
598
172
782
514
514
644
644
644
644
644
808
808
808
908
318
318
318
318
318
318
318
318
333
533
533
785
785
785
195
748
978
978
978
978
978
978
978
978
978
978
978
582
782
782
782
985
195
195
195
195
387
387
387
387
387
387
387
387
387
387
387
387
387
387
387
387
387
387
387
387
387
387
387
387
387
387
387
387
387
387
488
488
488
488
488
488
488
488
678
678
678
678
678
678
678
678
678
678
678
678
678
678
678
678
678
678
678
678
678
678
678
678
678
678
678
678
678
678
678
678
678
678
678
678
678
678
398
398
398
398
398
398
398
398
398
398
23
652
272
472
472
403
403
806
216
826
926
926
926
926
377
508
508
508
508
558
788
788
788
788
788
788
788
788
788
788
788
788
788
788
788
788
788
788
788
788
788
788
788
788
788
788
788
788
788
788
788
788
788
788
788
788
788
788
788
788
788
788
788
788
788
788
788
788
788
788
788
788
788
788
788
788
788
788
788
788
788
788
788
788
788
988
988
298
298
298
298
298
298
298
298
298
298
298
298
298
298
298
298
298
298
298
298
298
298
298
298
298
298
298
298
298
298
298
298
298
298
298
298
298
298
298
298
298
298
298
298
298
298
298
298
298
298
298
298
298
298
298
143
143
143
272
672
672
672
672
672
672
672
715
525
525
087
697
697
218
318
318
318
318
318
318
752
752
483
583
583
583
583
583
583
583
583
583
583
583
583
736
736
736
736
298
298
298
298
298
298
298
298
298
298
298
298
298
298
298
298
298
298
298
298
298
298
298
298
298
298
298
298
298
298
298
298
298
298
298
298
298
913
913
913
053
153
706
706
706
706
706
706
706
706
706
706
706
706
706
706
706
706
706
706
706
706
706
228
228
228
428
428
428
428
428
428
428
428
428
428
428
428
428
428
428
428
428
428
428
428
428
428
428
428
428
428
428
428
428
428
428
428
428
428
428
428
428
428
428
428
428
428
428
428
428
428
428
428
428
428
428
428
428
428
428
338
568
568
568
568
193
193
193
704
704
704
704
704
704
704
145
145
145
145
145
145
145
145
145
145
145
145
145
145
145
145
145
145
145
145
565
565
565
565
565
197
328
328
328
328
328
328
328
328
328
328
