9
9
9
9
9
9
9
9
9
9
9
9
9
269.933
269.933
269.933
269.933
269.933
269.933
269.933
269.933
271.267
271.267
271.267
271.267
271.267
271.267
271.267
271.267
273.5
273.5
273.5
273.5
273.5
273.5
273.5
273.5
275.1
275.1
275.1
275.1
275.1
275.1
275.1
275.1
276.8
276.8
276.8
276.8
276.8
276.8
276.8
276.8
278.067
278.067
278.067
278.067
278.067
278.067
278.067
278.067
279.3
279.3
279.3
279.3
279.3
279.3
279.3
279.3
280.433
280.433
280.433
280.433
280.433
280.433
280.433
280.433
281.7
281.7
281.7
281.7
281.7
281.7
281.7
281.7
282.9
282.9
282.9
282.9
282.9
282.9
282.9
282.9
283.933
283.933
283.933
283.933
283.933
283.933
283.933
283.933
284.667
284.667
284.667
284.667
284.667
284.667
284.667
284.667
285.533
285.533
285.533
285.533
285.533
285.533
285.533
285.533
286.9
286.9
286.9
286.9
286.9
286.9
286.9
286.9
287.967
287.967
287.967
287.967
287.967
287.967
287.967
287.967
289
289
289
289
289
289
289
289
289.933
289.933
289.933
289.933
289.933
289.933
289.933
289.933
290.833
290.833
290.833
290.833
290.833
290.833
290.833
290.833
291.867
291.867
291.867
291.867
291.867
291.867
291.867
291.867
292.7
292.7
292.7
292.7
292.7
292.7
292.7
292.7
293.733
293.733
293.733
293.733
293.733
293.733
293.733
293.733
294.8
294.8
294.8
294.8
294.8
294.8
294.8
294.8
295.933
295.933
295.933
295.933
295.933
295.933
295.933
295.933
296.833
296.833
296.833
296.833
296.833
296.833
296.833
296.833
298.067
298.067
298.067
298.067
298.067
298.067
298.067
298.067
298.933
298.933
298.933
298.933
298.933
298.933
298.933
298.933
299.933
299.933
299.933
299.933
299.933
299.933
299.933
299.933
300.867
300.867
300.867
300.867
300.867
300.867
300.867
300.867
301.733
301.733
301.733
301.733
301.733
301.733
301.733
301.733
303.067
303.067
303.067
303.067
303.067
303.067
303.067
303.067
303.733
303.733
303.733
303.733
303.733
303.733
303.733
303.733
304.6
304.6
304.6
304.6
304.6
304.6
304.6
304.6
305.533
305.533
305.533
305.533
305.533
305.533
305.533
305.533
306.433
306.433
306.433
306.433
306.433
306.433
306.433
306.433
307.567
307.567
307.567
307.567
307.567
307.567
307.567
307.567
308.7
308.7
308.7
308.7
308.7
308.7
308.7
308.7
309.667
309.667
309.667
309.667
309.667
309.667
309.667
309.667
310.633
310.633
310.633
310.633
310.633
310.633
310.633
310.633
311.667
311.667
311.667
311.667
311.667
311.667
311.667
311.667
312.533
312.533
312.533
312.533
312.533
312.533
312.533
312.533
313.633
313.633
313.633
313.633
313.633
313.633
313.633
313.633
314.5
314.5
314.5
314.5
314.5
314.5
314.5
314.5
315.367
315.367
315.367
315.367
315.367
315.367
315.367
315.367
316.333
316.333
316.333
316.333
316.333
316.333
316.333
316.333
317.1
317.1
317.1
317.1
317.1
317.1
317.1
317.1
317.933
317.933
317.933
317.933
317.933
317.933
317.933
317.933
318.767
318.767
318.767
318.767
318.767
318.767
318.767
318.767
319.5
319.5
319.5
319.5
319.5
319.5
319.5
319.5
320.5
320.5
320.5
320.5
320.5
320.5
320.5
320.5
321.2
321.2
321.2
321.2
321.2
321.2
321.2
321.2
322.233
322.233
322.233
322.233
322.233
322.233
322.233
322.233
323.133
323.133
323.133
323.133
323.133
323.133
323.133
323.133
323.833
323.833
323.833
323.833
323.833
323.833
323.833
323.833
324.7
324.7
324.7
324.7
324.7
324.7
324.7
324.7
325.567
325.567
325.567
325.567
325.567
325.567
325.567
325.567
326.467
326.467
326.467
326.467
326.467
326.467
326.467
326.467
327.367
327.367
327.367
327.367
327.367
327.367
327.367
327.367
328.1
328.1
328.1
328.1
328.1
328.1
328.1
328.1
329.267
329.267
329.267
329.267
329.267
329.267
329.267
329.267
330
330
330
330
330
330
330
330
331.067
331.067
331.067
331.067
331.067
331.067
331.067
331.067
332.033
332.033
332.033
332.033
332.033
332.033
332.033
332.033
332.933
332.933
332.933
332.933
332.933
332.933
332.933
332.933
333.767
333.767
333.767
333.767
333.767
333.767
333.767
333.767
334.5
334.5
334.5
334.5
334.5
334.5
334.5
334.5
335.267
335.267
335.267
335.267
335.267
335.267
335.267
335.267
336.333
336.333
336.333
336.333
336.333
336.333
336.333
336.333
337.167
337.167
337.167
337.167
337.167
337.167
337.167
337.167
337.933
337.933
337.933
337.933
337.933
337.933
337.933
337.933
338.767
338.767
338.767
338.767
338.767
338.767
338.767
338.767
339.767
339.767
339.767
339.767
339.767
339.767
339.767
339.767
340.767
340.767
340.767
340.767
340.767
340.767
340.767
340.767
341.7
341.7
341.7
341.7
341.7
341.7
341.7
341.7
342.633
342.633
342.633
342.633
342.633
342.633
342.633
342.633
343.567
343.567
343.567
343.567
343.567
343.567
343.567
343.567
344.433
344.433
344.433
344.433
344.433
344.433
344.433
344.433
345.3
345.3
345.3
345.3
345.3
345.3
345.3
345.3
346
346
346
346
346
346
346
346
346.8
346.8
346.8
346.8
346.8
346.8
346.8
346.8
347.7
347.7
347.7
347.7
347.7
347.7
347.7
347.7
348.7
348.7
348.7
348.7
348.7
348.7
348.7
348.7
349.467
349.467
349.467
349.467
349.467
349.467
349.467
349.467
350.4
350.4
350.4
350.4
350.4
350.4
350.4
350.4
351.2
351.2
351.2
351.2
351.2
351.2
351.2
351.2
352.2
352.2
352.2
352.2
352.2
352.2
352.2
352.2
353.2
353.2
353.2
353.2
353.2
353.2
353.2
353.2
353.8
353.8
353.8
353.8
353.8
353.8
353.8
353.8
354.8
354.8
354.8
354.8
354.8
354.8
354.8
354.8
355.467
355.467
355.467
355.467
355.467
355.467
355.467
355.467
356.067
356.067
356.067
356.067
356.067
356.067
356.067
356.067
356.967
356.967
356.967
356.967
356.967
356.967
356.967
356.967
357.667
357.667
357.667
357.667
357.667
357.667
357.667
357.667
358.333
358.333
358.333
358.333
358.333
358.333
358.333
358.333
359
359
359
359
359
359
359
359
359.733
359.733
359.733
359.733
359.733
359.733
359.733
359.733
360.433
360.433
360.433
360.433
360.433
360.433
360.433
360.433
361.3
361.3
361.3
361.3
361.3
361.3
361.3
361.3
362.067
362.067
362.067
362.067
362.067
362.067
362.067
362.067
362.933
362.933
362.933
362.933
362.933
362.933
362.933
362.933
363.633
363.633
363.633
363.633
363.633
363.633
363.633
363.633
364.4
364.4
364.4
364.4
364.4
364.4
364.4
364.4
365.133
365.133
365.133
365.133
365.133
365.133
365.133
365.133
365.8
365.8
365.8
365.8
365.8
365.8
365.8
365.8
366.333
366.333
366.333
366.333
366.333
366.333
366.333
366.333
367.1
367.1
367.1
367.1
367.1
367.1
367.1
367.1
368.033
368.033
368.033
368.033
368.033
368.033
368.033
368.033
368.833
368.833
368.833
368.833
368.833
368.833
368.833
368.833
369.5
369.5
369.5
369.5
369.5
369.5
369.5
369.5
370.367
370.367
370.367
370.367
370.367
370.367
370.367
370.367
370.933
370.933
370.933
370.933
370.933
370.933
370.933
370.933
371.7
371.7
371.7
371.7
371.7
371.7
371.7
371.7
372.433
372.433
372.433
372.433
372.433
372.433
372.433
372.433
373.133
373.133
373.133
373.133
373.133
373.133
373.133
373.133
373.9
373.9
373.9
373.9
373.9
373.9
373.9
373.9
374.733
374.733
374.733
374.733
374.733
374.733
374.733
374.733
375.3
375.3
375.3
375.3
375.3
375.3
375.3
375.3
375.833
375.833
375.833
375.833
375.833
375.833
375.833
375.833
376.533
376.533
376.533
376.533
376.533
376.533
376.533
376.533
377.333
377.333
377.333
377.333
377.333
377.333
377.333
377.333
378.033
378.033
378.033
378.033
378.033
378.033
378.033
378.033
378.6
378.6
378.6
378.6
378.6
378.6
378.6
378.6
379.4
379.4
379.4
379.4
379.4
379.4
379.4
379.4
379.9
379.9
379.9
379.9
379.9
379.9
379.9
379.9
380.833
380.833
380.833
380.833
380.833
380.833
380.833
380.833
381.6
381.6
381.6
381.6
381.6
381.6
381.6
381.6
382.167
382.167
382.167
382.167
382.167
382.167
382.167
382.167
382.967
382.967
382.967
382.967
382.967
382.967
382.967
382.967
383.733
383.733
383.733
383.733
383.733
383.733
383.733
383.733
384.3
384.3
384.3
384.3
384.3
384.3
384.3
384.3
385.133
385.133
385.133
385.133
385.133
385.133
385.133
385.133
385.833
385.833
385.833
385.833
385.833
385.833
385.833
385.833
386.467
386.467
386.467
386.467
386.467
386.467
386.467
386.467
387.1
387.1
387.1
387.1
387.1
387.1
387.1
387.1
387.567
387.567
387.567
387.567
387.567
387.567
387.567
387.567
388.167
388.167
388.167
388.167
388.167
388.167
388.167
388.167
388.633
388.633
388.633
388.633
388.633
388.633
388.633
388.633
389.5
389.5
389.5
389.5
389.5
389.5
389.5
389.5
390.033
390.033
390.033
390.033
390.033
390.033
390.033
390.033
390.633
390.633
390.633
390.633
390.633
390.633
390.633
390.633
391.133
391.133
391.133
391.133
391.133
391.133
391.133
391.133
391.833
391.833
391.833
391.833
391.833
391.833
391.833
391.833
392.3
392.3
392.3
392.3
392.3
392.3
392.3
392.3
392.933
392.933
392.933
392.933
392.933
392.933
392.933
392.933
393.767
393.767
393.767
393.767
393.767
393.767
393.767
393.767
394.267
394.267
394.267
394.267
394.267
394.267
394.267
394.267
395.033
395.033
395.033
395.033
395.033
395.033
395.033
395.033
395.7
395.7
395.7
395.7
395.7
395.7
395.7
395.7
396.433
396.433
396.433
396.433
396.433
396.433
396.433
396.433
396.9
396.9
396.9
396.9
396.9
396.9
396.9
396.9
397.467
397.467
397.467
397.467
397.467
397.467
397.467
397.467
398.2
398.2
398.2
398.2
398.2
398.2
398.2
398.2
398.767
398.767
398.767
398.767
398.767
398.767
398.767
398.767
399.4
399.4
399.4
399.4
399.4
399.4
399.4
399.4
399.867
399.867
399.867
399.867
399.867
399.867
399.867
399.867
400.533
400.533
400.533
400.533
400.533
400.533
400.533
400.533
401.3
401.3
401.3
401.3
401.3
401.3
401.3
401.3
401.833
401.833
401.833
401.833
401.833
401.833
401.833
401.833
402.367
402.367
402.367
402.367
402.367
402.367
402.367
402.367
403.067
403.067
403.067
403.067
403.067
403.067
403.067
403.067
403.4
403.4
403.4
403.4
403.4
403.4
403.4
403.4
404.233
404.233
404.233
404.233
404.233
404.233
404.233
404.233
404.8
404.8
404.8
404.8
404.8
404.8
404.8
404.8
405.267
405.267
405.267
405.267
405.267
405.267
405.267
405.267
405.833
405.833
405.833
405.833
405.833
405.833
405.833
405.833
406.333
406.333
406.333
406.333
406.333
406.333
406.333
406.333
407.033
407.033
407.033
407.033
407.033
407.033
407.033
407.033
407.633
407.633
407.633
407.633
407.633
407.633
407.633
407.633
408.167
408.167
408.167
408.167
408.167
408.167
408.167
408.167
408.7
408.7
408.7
408.7
408.7
408.7
408.7
408.7
409.2
409.2
409.2
409.2
409.2
409.2
409.2
409.2
409.567
409.567
409.567
409.567
409.567
409.567
409.567
409.567
410.2
410.2
410.2
410.2
410.2
410.2
410.2
410.2
410.8
410.8
410.8
410.8
410.8
410.8
410.8
410.8
411.233
411.233
411.233
411.233
411.233
411.233
411.233
411.233
411.767
411.767
411.767
411.767
411.767
411.767
411.767
411.767
412.4
412.4
412.4
412.4
412.4
412.4
412.4
412.4
412.867
412.867
412.867
412.867
412.867
412.867
412.867
412.867
413.467
413.467
413.467
413.467
413.467
413.467
413.467
413.467
414.1
414.1
414.1
414.1
414.1
414.1
414.1
414.1
414.833
414.833
414.833
414.833
414.833
414.833
414.833
414.833
415.3
415.3
415.3
415.3
415.3
415.3
415.3
415.3
415.7
415.7
415.7
415.7
415.7
415.7
415.7
415.7
416.2
416.2
416.2
416.2
416.2
416.2
416.2
416.2
416.9
416.9
416.9
416.9
416.9
416.9
416.9
416.9
417.467
417.467
417.467
417.467
417.467
417.467
417.467
417.467
417.967
417.967
417.967
417.967
417.967
417.967
417.967
417.967
418.467
418.467
418.467
418.467
418.467
418.467
418.467
418.467
418.867
418.867
418.867
418.867
418.867
418.867
418.867
418.867
419.4
419.4
419.4
419.4
419.4
419.4
419.4
419.4
419.667
419.667
419.667
419.667
419.667
419.667
419.667
419.667
420.233
420.233
420.233
420.233
420.233
420.233
420.233
420.233
420.667
420.667
420.667
420.667
420.667
420.667
420.667
420.667
421
421
421
421
421
421
421
421
421.5
421.5
421.5
421.5
421.5
421.5
421.5
421.5
422.033
422.033
422.033
422.033
422.033
422.033
422.033
422.033
422.5
422.5
422.5
422.5
422.5
422.5
422.5
422.5
423.133
423.133
423.133
423.133
423.133
423.133
423.133
423.133
423.667
423.667
423.667
423.667
423.667
423.667
423.667
423.667
424.233
424.233
424.233
424.233
424.233
424.233
424.233
424.233
424.667
424.667
424.667
424.667
424.667
424.667
424.667
424.667
425.067
425.067
425.067
425.067
425.067
425.067
425.067
425.067
425.6
425.6
425.6
425.6
425.6
425.6
425.6
425.6
426.067
426.067
426.067
426.067
426.067
426.067
426.067
426.067
426.467
426.467
426.467
426.467
426.467
426.467
426.467
426.467
426.933
426.933
426.933
426.933
426.933
426.933
426.933
426.933
427.367
427.367
427.367
427.367
427.367
427.367
427.367
427.367
427.767
427.767
427.767
427.767
427.767
427.767
427.767
427.767
428.3
428.3
428.3
428.3
428.3
428.3
428.3
428.3
428.8
428.8
428.8
428.8
428.8
428.8
428.8
428.8
429.2
429.2
429.2
429.2
429.2
429.2
429.2
429.2
429.667
429.667
429.667
429.667
429.667
429.667
429.667
429.667
430.267
430.267
430.267
430.267
430.267
430.267
430.267
430.267
430.6
430.6
430.6
430.6
430.6
430.6
430.6
430.6
431
431
431
431
431
431
431
431
431.6
431.6
431.6
431.6
431.6
431.6
431.6
431.6
431.9
431.9
431.9
431.9
431.9
431.9
431.9
431.9
432.433
432.433
432.433
432.433
432.433
432.433
432.433
432.433
432.7
432.7
432.7
432.7
432.7
432.7
432.7
432.7
433.2
433.2
433.2
433.2
433.2
433.2
433.2
433.2
433.733
433.733
433.733
433.733
433.733
433.733
433.733
433.733
434.167
434.167
434.167
434.167
434.167
434.167
434.167
434.167
434.567
434.567
434.567
434.567
434.567
434.567
434.567
434.567
434.8
434.8
434.8
434.8
434.8
434.8
434.8
434.8
435.233
435.233
435.233
435.233
435.233
435.233
435.233
435.233
435.767
435.767
435.767
435.767
435.767
435.767
435.767
435.767
436.033
436.033
436.033
436.033
436.033
436.033
436.033
436.033
436.667
436.667
436.667
436.667
436.667
436.667
436.667
436.667
437
437
437
437
437
437
437
437
437.5
437.5
437.5
437.5
437.5
437.5
437.5
437.5
438.033
438.033
438.033
438.033
438.033
438.033
438.033
438.033
438.4
438.4
438.4
438.4
438.4
438.4
438.4
438.4
438.567
438.567
438.567
438.567
438.567
438.567
438.567
438.567
439.133
439.133
439.133
439.133
439.133
439.133
439.133
439.133
439.567
439.567
439.567
439.567
439.567
439.567
439.567
439.567
439.867
439.867
439.867
439.867
439.867
439.867
439.867
439.867
440.2
440.2
440.2
440.2
440.2
440.2
440.2
440.2
440.467
440.467
440.467
440.467
440.467
440.467
440.467
440.467
440.833
440.833
440.833
440.833
440.833
440.833
440.833
440.833
441.367
441.367
441.367
441.367
441.367
441.367
441.367
441.367
441.767
441.767
441.767
441.767
441.767
441.767
441.767
441.767
442.1
442.1
442.1
442.1
442.1
442.1
442.1
442.1
442.7
442.7
442.7
442.7
442.7
442.7
442.7
442.7
443
443
443
443
443
443
443
443
443.5
443.5
443.5
443.5
443.5
443.5
443.5
443.5
443.967
443.967
443.967
443.967
443.967
443.967
443.967
443.967
444.267
444.267
444.267
444.267
444.267
444.267
444.267
444.267
444.8
444.8
444.8
444.8
444.8
444.8
444.8
444.8
445.067
445.067
445.067
445.067
445.067
445.067
445.067
445.067
445.467
445.467
445.467
445.467
445.467
445.467
445.467
445.467
445.867
445.867
445.867
445.867
445.867
445.867
445.867
445.867
446.267
446.267
446.267
446.267
446.267
446.267
446.267
446.267
446.533
446.533
446.533
446.533
446.533
446.533
446.533
446.533
446.867
446.867
446.867
446.867
446.867
446.867
446.867
446.867
447.3
447.3
447.3
447.3
447.3
447.3
447.3
447.3
447.7
447.7
447.7
447.7
447.7
447.7
447.7
447.7
448
448
448
448
448
448
448
448
448.3
448.3
448.3
448.3
448.3
448.3
448.3
448.3
448.8
448.8
448.8
448.8
448.8
448.8
448.8
448.8
449.433
449.433
449.433
449.433
449.433
449.433
449.433
449.433
449.933
449.933
449.933
449.933
449.933
449.933
449.933
449.933
450.233
450.233
450.233
450.233
450.233
450.233
450.233
450.233
450.467
450.467
450.467
450.467
450.467
450.467
450.467
450.467
450.7
450.7
450.7
450.7
450.7
450.7
450.7
450.7
451.033
451.033
451.033
451.033
451.033
451.033
451.033
451.033
451.333
451.333
451.333
451.333
451.333
451.333
451.333
451.333
451.8
451.8
451.8
451.8
451.8
451.8
451.8
451.8
452.4
452.4
452.4
452.4
452.4
452.4
452.4
452.4
452.633
452.633
452.633
452.633
452.633
452.633
452.633
452.633
453
453
453
453
453
453
453
453
453.467
453.467
453.467
453.467
453.467
453.467
453.467
453.467
453.833
453.833
453.833
453.833
453.833
453.833
453.833
453.833
454.033
454.033
454.033
454.033
454.033
454.033
454.033
454.033
454.5
454.5
454.5
454.5
454.5
454.5
454.5
454.5
454.733
454.733
454.733
454.733
454.733
454.733
454.733
454.733
455
455
455
455
455
455
455
455
455.167
455.167
455.167
455.167
455.167
455.167
455.167
455.167
455.767
455.767
455.767
455.767
455.767
455.767
455.767
455.767
455.9
455.9
455.9
455.9
455.9
455.9
455.9
455.9
456.233
456.233
456.233
456.233
456.233
456.233
456.233
456.233
456.433
456.433
456.433
456.433
456.433
456.433
456.433
456.433
456.733
456.733
456.733
456.733
456.733
456.733
456.733
456.733
457.067
457.067
457.067
457.067
457.067
457.067
457.067
457.067
457.167
457.167
457.167
457.167
457.167
457.167
457.167
457.167
457.3
457.3
457.3
457.3
457.3
457.3
457.3
457.3
457.6
457.6
457.6
457.6
457.6
457.6
457.6
457.6
457.933
457.933
457.933
457.933
457.933
457.933
457.933
457.933
458.133
458.133
458.133
458.133
458.133
458.133
458.133
458.133
458.467
458.467
458.467
458.467
458.467
458.467
458.467
458.467
458.9
458.9
458.9
458.9
458.9
458.9
458.9
458.9
459.267
459.267
459.267
459.267
459.267
459.267
459.267
459.267
459.7
459.7
459.7
459.7
459.7
459.7
459.7
459.7
460.167
460.167
460.167
460.167
460.167
460.167
460.167
460.167
460.367
460.367
460.367
460.367
460.367
460.367
460.367
460.367
460.6
460.6
460.6
460.6
460.6
460.6
460.6
460.6
460.9
460.9
460.9
460.9
460.9
460.9
460.9
460.9
461.167
461.167
461.167
461.167
461.167
461.167
461.167
461.167
461.367
461.367
461.367
461.367
461.367
461.367
461.367
461.367
461.567
461.567
461.567
461.567
461.567
461.567
461.567
461.567
461.967
461.967
461.967
461.967
461.967
461.967
461.967
461.967
462.067
462.067
462.067
462.067
462.067
462.067
462.067
462.067
462.233
462.233
462.233
462.233
462.233
462.233
462.233
462.233
462.533
462.533
462.533
462.533
462.533
462.533
462.533
462.533
462.9
462.9
462.9
462.9
462.9
462.9
462.9
462.9
463.2
463.2
463.2
463.2
463.2
463.2
463.2
463.2
463.333
463.333
463.333
463.333
463.333
463.333
463.333
463.333
463.6
463.6
463.6
463.6
463.6
463.6
463.6
463.6
463.967
463.967
463.967
463.967
463.967
463.967
463.967
463.967
464.267
464.267
464.267
464.267
464.267
464.267
464.267
464.267
464.533
464.533
464.533
464.533
464.533
464.533
464.533
464.533
464.767
464.767
464.767
464.767
464.767
464.767
464.767
464.767
464.933
464.933
464.933
464.933
464.933
464.933
464.933
464.933
465.367
465.367
465.367
465.367
465.367
465.367
465.367
465.367
465.5
465.5
465.5
465.5
465.5
465.5
465.5
465.5
465.833
465.833
465.833
465.833
465.833
465.833
465.833
465.833
466.1
466.1
466.1
466.1
466.1
466.1
466.1
466.1
466.267
466.267
466.267
466.267
466.267
466.267
466.267
466.267
466.7
466.7
466.7
466.7
466.7
466.7
466.7
466.7
466.967
466.967
466.967
466.967
466.967
466.967
466.967
466.967
467.2
467.2
467.2
467.2
467.2
467.2
467.2
467.2
467.433
467.433
467.433
467.433
467.433
467.433
467.433
467.433
467.533
467.533
467.533
467.533
467.533
467.533
467.533
467.533
467.7
467.7
467.7
467.7
467.7
467.7
467.7
467.7
467.8
467.8
467.8
467.8
467.8
467.8
467.8
467.8
468.067
468.067
468.067
468.067
468.067
468.067
468.067
468.067
468.233
468.233
468.233
468.233
468.233
468.233
468.233
468.233
468.367
468.367
468.367
468.367
468.367
468.367
468.367
468.367
468.6
468.6
468.6
468.6
468.6
468.6
468.6
468.6
468.933
468.933
468.933
468.933
468.933
468.933
468.933
468.933
469.3
469.3
469.3
469.3
469.3
469.3
469.3
469.3
469.533
469.533
469.533
469.533
469.533
469.533
469.533
469.533
469.733
469.733
469.733
469.733
469.733
469.733
469.733
469.733
469.9
469.9
469.9
469.9
469.9
469.9
469.9
469.9
470.033
470.033
470.033
470.033
470.033
470.033
470.033
470.033
470.367
470.367
470.367
470.367
470.367
470.367
470.367
470.367
470.667
470.667
470.667
470.667
470.667
470.667
470.667
470.667
471.033
471.033
471.033
471.033
471.033
471.033
471.033
471.033
471.267
471.267
471.267
471.267
471.267
471.267
471.267
471.267
471.467
471.467
471.467
471.467
471.467
471.467
471.467
471.467
471.667
471.667
471.667
471.667
471.667
471.667
471.667
471.667
471.833
471.833
471.833
471.833
471.833
471.833
471.833
471.833
472.167
472.167
472.167
472.167
472.167
472.167
472.167
472.167
472.5
472.5
472.5
472.5
472.5
472.5
472.5
472.5
472.733
472.733
472.733
472.733
472.733
472.733
472.733
472.733
472.933
472.933
472.933
472.933
472.933
472.933
472.933
472.933
473.133
473.133
473.133
473.133
473.133
473.133
473.133
473.133
473.3
473.3
473.3
473.3
473.3
473.3
473.3
473.3
473.6
473.6
473.6
473.6
473.6
473.6
473.6
473.6
473.733
473.733
473.733
473.733
473.733
473.733
473.733
473.733
474.067
474.067
474.067
474.067
474.067
474.067
474.067
474.067
474.267
474.267
474.267
474.267
474.267
474.267
474.267
474.267
474.433
474.433
474.433
474.433
474.433
474.433
474.433
474.433
474.533
474.533
474.533
474.533
474.533
474.533
474.533
474.533
474.9
474.9
474.9
474.9
474.9
474.9
474.9
474.9
475.1
475.1
475.1
475.1
475.1
475.1
475.1
475.1
475.333
475.333
475.333
475.333
475.333
475.333
475.333
475.333
475.6
475.6
475.6
475.6
475.6
475.6
475.6
475.6
475.633
475.633
475.633
475.633
475.633
475.633
475.633
475.633
475.733
475.733
475.733
475.733
475.733
475.733
475.733
475.733
475.833
475.833
475.833
475.833
475.833
475.833
475.833
475.833
476.133
476.133
476.133
476.133
476.133
476.133
476.133
476.133
476.5
476.5
476.5
476.5
476.5
476.5
476.5
476.5
476.633
476.633
476.633
476.633
476.633
476.633
476.633
476.633
476.767
476.767
476.767
476.767
476.767
476.767
476.767
476.767
476.867
476.867
476.867
476.867
476.867
476.867
476.867
476.867
477.3
477.3
477.3
477.3
477.3
477.3
477.3
477.3
477.567
477.567
477.567
477.567
477.567
477.567
477.567
477.567
477.6
477.6
477.6
477.6
477.6
477.6
477.6
477.6
477.7
477.7
477.7
477.7
477.7
477.7
477.7
477.7
477.833
477.833
477.833
477.833
477.833
477.833
477.833
477.833
478.1
478.1
478.1
478.1
478.1
478.1
478.1
478.1
478.3
478.3
478.3
478.3
478.3
478.3
478.3
478.3
478.4
478.4
478.4
478.4
478.4
478.4
478.4
478.4
478.567
478.567
478.567
478.567
478.567
478.567
478.567
478.567
478.667
478.667
478.667
478.667
478.667
478.667
478.667
478.667
478.9
478.9
478.9
478.9
478.9
478.9
478.9
478.9
479
479
479
479
479
479
479
479
479.2
479.2
479.2
479.2
479.2
479.2
479.2
479.2
479.367
479.367
479.367
479.367
479.367
479.367
479.367
479.367
479.5
479.5
479.5
479.5
479.5
479.5
479.5
479.5
479.6
479.6
479.6
479.6
479.6
479.6
479.6
479.6
479.7
479.7
479.7
479.7
479.7
479.7
479.7
479.7
479.867
479.867
479.867
479.867
479.867
479.867
479.867
479.867
479.933
479.933
479.933
479.933
479.933
479.933
479.933
479.933
480.133
480.133
480.133
480.133
480.133
480.133
480.133
480.133
480.267
480.267
480.267
480.267
480.267
480.267
480.267
480.267
480.4
480.4
480.4
480.4
480.4
480.4
480.4
480.4
480.5
480.5
480.5
480.5
480.5
480.5
480.5
480.5
480.667
480.667
480.667
480.667
480.667
480.667
480.667
480.667
480.767
480.767
480.767
480.767
480.767
480.767
480.767
480.767
480.867
480.867
480.867
480.867
480.867
480.867
480.867
480.867
480.967
480.967
480.967
480.967
480.967
480.967
480.967
480.967
481.133
481.133
481.133
481.133
481.133
481.133
481.133
481.133
481.267
481.267
481.267
481.267
481.267
481.267
481.267
481.267
481.467
481.467
481.467
481.467
481.467
481.467
481.467
481.467
481.467
481.467
481.467
481.467
481.467
481.467
481.467
481.467
481.7
481.7
481.7
481.7
481.7
481.7
481.7
481.7
481.867
481.867
481.867
481.867
481.867
481.867
481.867
481.867
481.967
481.967
481.967
481.967
481.967
481.967
481.967
481.967
482.267
482.267
482.267
482.267
482.267
482.267
482.267
482.267
482.4
482.4
482.4
482.4
482.4
482.4
482.4
482.4
482.633
482.633
482.633
482.633
482.633
482.633
482.633
482.633
482.733
482.733
482.733
482.733
482.733
482.733
482.733
482.733
482.967
482.967
482.967
482.967
482.967
482.967
482.967
482.967
483.067
483.067
483.067
483.067
483.067
483.067
483.067
483.067
483.233
483.233
483.233
483.233
483.233
483.233
483.233
483.233
483.3
483.3
483.3
483.3
483.3
483.3
483.3
483.3
483.467
483.467
483.467
483.467
483.467
483.467
483.467
483.467
483.667
483.667
483.667
483.667
483.667
483.667
483.667
483.667
483.867
483.867
483.867
483.867
483.867
483.867
483.867
483.867
483.933
483.933
483.933
483.933
483.933
483.933
483.933
483.933
484.033
484.033
484.033
484.033
484.033
484.033
484.033
484.033
484.167
484.167
484.167
484.167
484.167
484.167
484.167
484.167
484.267
484.267
484.267
484.267
484.267
484.267
484.267
484.267
484.3
484.3
484.3
484.3
484.3
484.3
484.3
484.3
484.433
484.433
484.433
484.433
484.433
484.433
484.433
484.433
484.6
484.6
484.6
484.6
484.6
484.6
484.6
484.6
484.8
484.8
484.8
484.8
484.8
484.8
484.8
484.8
484.967
484.967
484.967
484.967
484.967
484.967
484.967
484.967
485.1
485.1
485.1
485.1
485.1
485.1
485.1
485.1
485.2
485.2
485.2
485.2
485.2
485.2
485.2
485.2
485.333
485.333
485.333
485.333
485.333
485.333
485.333
485.333
485.4
485.4
485.4
485.4
485.4
485.4
485.4
485.4
485.467
485.467
485.467
485.467
485.467
485.467
485.467
485.467
485.5
485.5
485.5
485.5
485.5
485.5
485.5
485.5
485.567
485.567
485.567
485.567
485.567
485.567
485.567
485.567
485.667
485.667
485.667
485.667
485.667
485.667
485.667
485.667
485.833
485.833
485.833
485.833
485.833
485.833
485.833
485.833
485.867
485.867
485.867
485.867
485.867
485.867
485.867
485.867
486.033
486.033
486.033
486.033
486.033
486.033
486.033
486.033
486.233
486.233
486.233
486.233
486.233
486.233
486.233
486.233
486.233
486.233
486.233
486.233
486.233
486.233
486.233
486.233
486.433
486.433
486.433
486.433
486.433
486.433
486.433
486.433
486.533
486.533
486.533
486.533
486.533
486.533
486.533
486.533
486.633
486.633
486.633
486.633
486.633
486.633
486.633
486.633
486.8
486.8
486.8
486.8
486.8
486.8
486.8
486.8
486.9
486.9
486.9
486.9
486.9
486.9
486.9
486.9
487
487
487
487
487
487
487
487
487.167
487.167
487.167
487.167
487.167
487.167
487.167
487.167
487.267
487.267
487.267
487.267
487.267
487.267
487.267
487.267
487.3
487.3
487.3
487.3
487.3
487.3
487.3
487.3
487.367
487.367
487.367
487.367
487.367
487.367
487.367
487.367
487.5
487.5
487.5
487.5
487.5
487.5
487.5
487.5
487.533
487.533
487.533
487.533
487.533
487.533
487.533
487.533
487.7
487.7
487.7
487.7
487.7
487.7
487.7
487.7
487.833
487.833
487.833
487.833
487.833
487.833
487.833
487.833
487.867
487.867
487.867
487.867
487.867
487.867
487.867
487.867
488.133
488.133
488.133
488.133
488.133
488.133
488.133
488.133
488.233
488.233
488.233
488.233
488.233
488.233
488.233
488.233
488.3
488.3
488.3
488.3
488.3
488.3
488.3
488.3
488.4
488.4
488.4
488.4
488.4
488.4
488.4
488.4
488.433
488.433
488.433
488.433
488.433
488.433
488.433
488.433
488.467
488.467
488.467
488.467
488.467
488.467
488.467
488.467
488.667
488.667
488.667
488.667
488.667
488.667
488.667
488.667
488.733
488.733
488.733
488.733
488.733
488.733
488.733
488.733
488.867
488.867
488.867
488.867
488.867
488.867
488.867
488.867
488.933
488.933
488.933
488.933
488.933
488.933
488.933
488.933
489
489
489
489
489
489
489
489
489
489
489
489
489
489
489
489
489.1
489.1
489.1
489.1
489.1
489.1
489.1
489.1
489.233
489.233
489.233
489.233
489.233
489.233
489.233
489.233
489.433
489.433
489.433
489.433
489.433
489.433
489.433
489.433
489.467
489.467
489.467
489.467
489.467
489.467
489.467
489.467
489.533
489.533
489.533
489.533
489.533
489.533
489.533
489.533
489.533
489.533
489.533
489.533
489.533
489.533
489.533
489.533
489.667
489.667
489.667
489.667
489.667
489.667
489.667
489.667
489.767
489.767
489.767
489.767
489.767
489.767
489.767
489.767
489.8
489.8
489.8
489.8
489.8
489.8
489.8
489.8
489.967
489.967
489.967
489.967
489.967
489.967
489.967
489.967
490.067
490.067
490.067
490.067
490.067
490.067
490.067
490.067
490.167
490.167
490.167
490.167
490.167
490.167
490.167
490.167
490.2
490.2
490.2
490.2
490.2
490.2
490.2
490.2
490.333
490.333
490.333
490.333
490.333
490.333
490.333
490.333
490.4
490.4
490.4
490.4
490.4
490.4
490.4
490.4
490.4
490.4
490.4
490.4
490.4
490.4
490.4
490.4
490.433
490.433
490.433
490.433
490.433
490.433
490.433
490.433
490.533
490.533
490.533
490.533
490.533
490.533
490.533
490.533
490.567
490.567
490.567
490.567
490.567
490.567
490.567
490.567
490.667
490.667
490.667
490.667
490.667
490.667
490.667
490.667
490.7
490.7
490.7
490.7
490.7
490.7
490.7
490.7
490.767
490.767
490.767
490.767
490.767
490.767
490.767
490.767
490.933
490.933
490.933
490.933
490.933
490.933
490.933
490.933
491.033
491.033
491.033
491.033
491.033
491.033
491.033
491.033
491.067
491.067
491.067
491.067
491.067
491.067
491.067
491.067
491.1
491.1
491.1
491.1
491.1
491.1
491.1
491.1
491.133
491.133
491.133
491.133
491.133
491.133
491.133
491.133
491.2
491.2
491.2
491.2
491.2
491.2
491.2
491.2
491.2
491.2
491.2
491.2
491.2
491.2
491.2
491.2
491.2
491.2
491.2
491.2
491.2
491.2
491.2
491.2
491.233
491.233
491.233
491.233
491.233
491.233
491.233
491.233
491.267
491.267
491.267
491.267
491.267
491.267
491.267
491.267
491.367
491.367
491.367
491.367
491.367
491.367
491.367
491.367
491.5
491.5
491.5
491.5
491.5
491.5
491.5
491.5
491.5
491.5
491.5
491.5
491.5
491.5
491.5
491.5
491.6
491.6
491.6
491.6
491.6
491.6
491.6
491.6
491.7
491.7
491.7
491.7
491.7
491.7
491.7
491.7
491.8
491.8
491.8
491.8
491.8
491.8
491.8
491.8
491.8
491.8
491.8
491.8
491.8
491.8
491.8
491.8
491.867
491.867
491.867
491.867
491.867
491.867
491.867
491.867
492
492
492
492
492
492
492
492
492.067
492.067
492.067
492.067
492.067
492.067
492.067
492.067
492.133
492.133
492.133
492.133
492.133
492.133
492.133
492.133
492.167
492.167
492.167
492.167
492.167
492.167
492.167
492.167
492.233
492.233
492.233
492.233
492.233
492.233
492.233
492.233
492.267
492.267
492.267
492.267
492.267
492.267
492.267
492.267
492.333
492.333
492.333
492.333
492.333
492.333
492.333
492.333
492.367
492.367
492.367
492.367
492.367
492.367
492.367
492.367
492.4
492.4
492.4
492.4
492.4
492.4
492.4
492.4
492.4
492.4
492.4
492.4
492.4
492.4
492.4
492.4
492.4
492.4
492.4
492.4
492.4
492.4
492.4
492.4
492.4
492.4
492.4
492.4
492.4
492.4
492.4
492.4
492.633
492.633
492.633
492.633
492.633
492.633
492.633
492.633
492.733
492.733
492.733
492.733
492.733
492.733
492.733
492.733
492.867
492.867
492.867
492.867
492.867
492.867
492.867
492.867
492.867
492.867
492.867
492.867
492.867
492.867
492.867
492.867
492.9
492.9
492.9
492.9
492.9
492.9
492.9
492.9
492.967
492.967
492.967
492.967
492.967
492.967
492.967
492.967
493
493
493
493
493
493
493
493
493.033
493.033
493.033
493.033
493.033
493.033
493.033
493.033
493.1
493.1
493.1
493.1
493.1
493.1
493.1
493.1
493.233
493.233
493.233
493.233
493.233
493.233
493.233
493.233
493.3
493.3
493.3
493.3
493.3
493.3
493.3
493.3
493.367
493.367
493.367
493.367
493.367
493.367
493.367
493.367
493.433
493.433
493.433
493.433
493.433
493.433
493.433
493.433
493.433
493.433
493.433
493.433
493.433
493.433
493.433
493.433
493.5
493.5
493.5
493.5
493.5
493.5
493.5
493.5
493.533
493.533
493.533
493.533
493.533
493.533
493.533
493.533
493.7
493.7
493.7
493.7
493.7
493.7
493.7
493.7
493.7
493.7
493.7
493.7
493.7
493.7
493.7
493.7
493.733
493.733
493.733
493.733
493.733
493.733
493.733
493.733
493.8
493.8
493.8
493.8
493.8
493.8
493.8
493.8
493.833
493.833
493.833
493.833
493.833
493.833
493.833
493.833
493.867
493.867
493.867
493.867
493.867
493.867
493.867
493.867
493.867
493.867
493.867
493.867
493.867
493.867
493.867
493.867
493.933
493.933
493.933
493.933
493.933
493.933
493.933
493.933
493.967
493.967
493.967
493.967
493.967
493.967
493.967
493.967
493.967
493.967
493.967
493.967
493.967
493.967
493.967
493.967
494.033
494.033
494.033
494.033
494.033
494.033
494.033
494.033
494.033
494.033
494.033
494.033
494.033
494.033
494.033
494.033
494.033
494.033
494.033
494.033
494.033
494.033
494.033
494.033
494.067
494.067
494.067
494.067
494.067
494.067
494.067
494.067
494.133
494.133
494.133
494.133
494.133
494.133
494.133
494.133
494.2
494.2
494.2
494.2
494.2
494.2
494.2
494.2
494.233
494.233
494.233
494.233
494.233
494.233
494.233
494.233
494.3
494.3
494.3
494.3
494.3
494.3
494.3
494.3
494.333
494.333
494.333
494.333
494.333
494.333
494.333
494.333
494.367
494.367
494.367
494.367
494.367
494.367
494.367
494.367
494.4
494.4
494.4
494.4
494.4
494.4
494.4
494.4
494.533
494.533
494.533
494.533
494.533
494.533
494.533
494.533
494.567
494.567
494.567
494.567
494.567
494.567
494.567
494.567
494.633
494.633
494.633
494.633
494.633
494.633
494.633
494.633
494.633
494.633
494.633
494.633
494.633
494.633
494.633
494.633
494.667
494.667
494.667
494.667
494.667
494.667
494.667
494.667
494.667
494.667
494.667
494.667
494.667
494.667
494.667
494.667
494.667
494.667
494.667
494.667
494.667
494.667
494.667
494.667
494.733
494.733
494.733
494.733
494.733
494.733
494.733
494.733
494.8
494.8
494.8
494.8
494.8
494.8
494.8
494.8
494.833
494.833
494.833
494.833
494.833
494.833
494.833
494.833
494.867
494.867
494.867
494.867
494.867
494.867
494.867
494.867
494.9
494.9
494.9
494.9
494.9
494.9
494.9
494.9
494.933
494.933
494.933
494.933
494.933
494.933
494.933
494.933
494.933
494.933
494.933
494.933
494.933
494.933
494.933
494.933
494.933
494.933
494.933
494.933
494.933
494.933
494.933
494.933
495.033
495.033
495.033
495.033
495.033
495.033
495.033
495.033
495.067
495.067
495.067
495.067
495.067
495.067
495.067
495.067
495.133
495.133
495.133
495.133
495.133
495.133
495.133
495.133
495.2
495.2
495.2
495.2
495.2
495.2
495.2
495.2
495.267
495.267
495.267
495.267
495.267
495.267
495.267
495.267
495.267
495.267
495.267
495.267
495.267
495.267
495.267
495.267
495.267
495.267
495.267
495.267
495.267
495.267
495.267
495.267
495.333
495.333
495.333
495.333
495.333
495.333
495.333
495.333
495.333
495.333
495.333
495.333
495.333
495.333
495.333
495.333
495.367
495.367
495.367
495.367
495.367
495.367
495.367
495.367
495.433
495.433
495.433
495.433
495.433
495.433
495.433
495.433
495.433
495.433
495.433
495.433
495.433
495.433
495.433
495.433
495.467
495.467
495.467
495.467
495.467
495.467
495.467
495.467
495.467
495.467
495.467
495.467
495.467
495.467
495.467
495.467
495.5
495.5
495.5
495.5
495.5
495.5
495.5
495.5
495.5
495.5
495.5
495.5
495.5
495.5
495.5
495.5
495.533
495.533
495.533
495.533
495.533
495.533
495.533
495.533
495.533
495.533
495.533
495.533
495.533
495.533
495.533
495.533
495.533
495.533
495.533
495.533
495.533
495.533
495.533
495.533
495.533
495.533
495.533
495.533
495.533
495.533
495.533
495.533
495.533
495.533
495.533
495.533
495.533
495.533
495.533
495.533
495.567
495.567
495.567
495.567
495.567
495.567
495.567
495.567
495.567
495.567
495.567
495.567
495.567
495.567
495.567
495.567
495.567
495.567
495.567
495.567
495.567
495.567
495.567
495.567
495.633
495.633
495.633
495.633
495.633
495.633
495.633
495.633
495.633
495.633
495.633
495.633
495.633
495.633
495.633
495.633
495.767
495.767
495.767
495.767
495.767
495.767
495.767
495.767
495.767
495.767
495.767
495.767
495.767
495.767
495.767
495.767
495.833
495.833
495.833
495.833
495.833
495.833
495.833
495.833
495.833
495.833
495.833
495.833
495.833
495.833
495.833
495.833
495.867
495.867
495.867
495.867
495.867
495.867
495.867
495.867
495.9
495.9
495.9
495.9
495.9
495.9
495.9
495.9
495.967
495.967
495.967
495.967
495.967
495.967
495.967
495.967
496
496
496
496
496
496
496
496
496.033
496.033
496.033
496.033
496.033
496.033
496.033
496.033
496.067
496.067
496.067
496.067
496.067
496.067
496.067
496.067
496.067
496.067
496.067
496.067
496.067
496.067
496.067
496.067
496.1
496.1
496.1
496.1
496.1
496.1
496.1
496.1
496.133
496.133
496.133
496.133
496.133
496.133
496.133
496.133
496.167
496.167
496.167
496.167
496.167
496.167
496.167
496.167
496.2
496.2
496.2
496.2
496.2
496.2
496.2
496.2
496.2
496.2
496.2
496.2
496.2
496.2
496.2
496.2
496.3
496.3
496.3
496.3
496.3
496.3
496.3
496.3
496.367
496.367
496.367
496.367
496.367
496.367
496.367
496.367
496.433
496.433
496.433
496.433
496.433
496.433
496.433
496.433
496.533
496.533
496.533
496.533
496.533
496.533
496.533
496.533
496.567
496.567
496.567
496.567
496.567
496.567
496.567
496.567
496.567
496.567
496.567
496.567
496.567
496.567
496.567
496.567
496.567
496.567
496.567
496.567
496.567
496.567
496.567
496.567
496.567
496.567
496.567
496.567
496.567
496.567
496.567
496.567
496.567
496.567
496.567
496.567
496.567
496.567
496.567
496.567
496.567
496.567
496.567
496.567
496.567
496.567
496.567
496.567
496.6
496.6
496.6
496.6
496.6
496.6
496.6
496.6
496.633
496.633
496.633
496.633
496.633
496.633
496.633
496.633
496.633
496.633
496.633
496.633
496.633
496.633
496.633
496.633
496.667
496.667
496.667
496.667
496.667
496.667
496.667
496.667
496.733
496.733
496.733
496.733
496.733
496.733
496.733
496.733
496.733
496.733
496.733
496.733
496.733
496.733
496.733
496.733
496.733
496.733
496.733
496.733
496.733
496.733
496.733
496.733
496.733
496.733
496.733
496.733
496.733
496.733
496.733
496.733
496.733
496.733
496.733
496.733
496.733
496.733
496.733
496.733
496.733
496.733
496.733
496.733
496.733
496.733
496.733
496.733
496.733
496.733
496.733
496.733
496.733
496.733
496.733
496.733
496.733
496.733
496.733
496.733
496.733
496.733
496.733
496.733
496.767
496.767
496.767
496.767
496.767
496.767
496.767
496.767
496.8
496.8
496.8
496.8
496.8
496.8
496.8
496.8
496.8
496.8
496.8
496.8
496.8
496.8
496.8
496.8
496.833
496.833
496.833
496.833
496.833
496.833
496.833
496.833
496.867
496.867
496.867
496.867
496.867
496.867
496.867
496.867
496.9
496.9
496.9
496.9
496.9
496.9
496.9
496.9
496.933
496.933
496.933
496.933
496.933
496.933
496.933
496.933
496.967
496.967
496.967
496.967
496.967
496.967
496.967
496.967
497
497
497
497
497
497
497
497
497.033
497.033
497.033
497.033
497.033
497.033
497.033
497.033
497.133
497.133
497.133
497.133
497.133
497.133
497.133
497.133
497.167
497.167
497.167
497.167
497.167
497.167
497.167
497.167
497.2
497.2
497.2
497.2
497.2
497.2
497.2
497.2
497.2
497.2
497.2
497.2
497.2
497.2
497.2
497.2
497.2
497.2
497.2
497.2
497.2
497.2
497.2
497.2
497.2
497.2
497.2
497.2
497.2
497.2
497.2
497.2
497.267
497.267
497.267
497.267
497.267
497.267
497.267
497.267
497.267
497.267
497.267
497.267
497.267
497.267
497.267
497.267
497.267
497.267
497.267
497.267
497.267
497.267
497.267
497.267
497.333
497.333
497.333
497.333
497.333
497.333
497.333
497.333
497.4
497.4
497.4
497.4
497.4
497.4
497.4
497.4
497.433
497.433
497.433
497.433
497.433
497.433
497.433
497.433
497.467
497.467
497.467
497.467
497.467
497.467
497.467
497.467
497.467
497.467
497.467
497.467
497.467
497.467
497.467
497.467
497.5
497.5
497.5
497.5
497.5
497.5
497.5
497.5
497.5
497.5
497.5
497.5
497.5
497.5
497.5
497.5
497.533
497.533
497.533
497.533
497.533
497.533
497.533
497.533
497.533
497.533
497.533
497.533
497.533
497.533
497.533
497.533
497.6
497.6
497.6
497.6
497.6
497.6
497.6
497.6
497.667
497.667
497.667
497.667
497.667
497.667
497.667
497.667
497.667
497.667
497.667
497.667
497.667
497.667
497.667
497.667
497.7
497.7
497.7
497.7
497.7
497.7
497.7
497.7
497.7
497.7
497.7
497.7
497.7
497.7
497.7
497.7
497.7
497.7
497.7
497.7
497.7
497.7
497.7
497.7
497.767
497.767
497.767
497.767
497.767
497.767
497.767
497.767
497.767
497.767
497.767
497.767
497.767
497.767
497.767
497.767
497.767
497.767
497.767
497.767
497.767
497.767
497.767
497.767
497.767
497.767
497.767
497.767
497.767
497.767
497.767
497.767
497.767
497.767
497.767
497.767
497.767
497.767
497.767
497.767
497.767
497.767
497.767
497.767
497.767
497.767
497.767
497.767
497.767
497.767
497.767
497.767
497.767
497.767
497.767
497.767
497.767
497.767
497.767
497.767
497.767
497.767
497.767
497.767
497.833
497.833
497.833
497.833
497.833
497.833
497.833
497.833
497.833
497.833
497.833
497.833
497.833
497.833
497.833
497.833
497.833
497.833
497.833
497.833
497.833
497.833
497.833
497.833
497.867
497.867
497.867
497.867
497.867
497.867
497.867
497.867
497.867
497.867
497.867
497.867
497.867
497.867
497.867
497.867
497.867
497.867
497.867
497.867
497.867
497.867
497.867
497.867
497.867
497.867
497.867
497.867
497.867
497.867
497.867
497.867
497.9
497.9
497.9
497.9
497.9
497.9
497.9
497.9
497.9
497.9
497.9
497.9
497.9
497.9
497.9
497.9
497.9
497.9
497.9
497.9
497.9
497.9
497.9
497.9
497.9
497.9
497.9
497.9
497.9
497.9
497.9
497.9
497.9
497.9
497.9
497.9
497.9
497.9
497.9
497.9
497.9
497.9
497.9
497.9
497.9
497.9
497.9
497.9
497.9
497.9
497.9
497.9
497.9
497.9
497.9
497.9
497.933
497.933
497.933
497.933
497.933
497.933
497.933
497.933
497.933
497.933
497.933
497.933
497.933
497.933
497.933
497.933
497.933
497.933
497.933
497.933
497.933
497.933
497.933
497.933
497.933
497.933
497.933
497.933
497.933
497.933
497.933
497.933
497.933
497.933
497.933
497.933
497.933
497.933
497.933
497.933
497.933
497.933
497.933
497.933
497.933
497.933
497.933
497.933
497.933
497.933
497.933
497.933
497.933
497.933
497.933
497.933
497.933
497.933
497.933
497.933
497.933
497.933
497.933
497.933
497.933
497.933
497.933
497.933
497.933
497.933
497.933
497.933
497.933
497.933
497.933
497.933
497.933
497.933
497.933
497.933
497.933
497.933
497.933
497.933
497.933
497.933
497.933
497.933
497.967
497.967
497.967
497.967
497.967
497.967
497.967
497.967
497.967
497.967
497.967
497.967
497.967
497.967
497.967
497.967
498
498
498
498
498
498
498
498
498
498
498
498
498
498
498
498
498
498
498
498
498
498
498
498
498.033
498.033
498.033
498.033
498.033
498.033
498.033
498.033
498.033
498.033
498.033
498.033
498.033
498.033
498.033
498.033
498.033
498.033
498.033
498.033
498.033
498.033
498.033
498.033
498.033
498.033
498.033
498.033
498.033
498.033
498.033
498.033
498.033
498.033
498.033
498.033
498.033
498.033
498.033
498.033
498.033
498.033
498.033
498.033
498.033
498.033
498.033
498.033
498.033
498.033
498.033
498.033
498.033
498.033
498.033
498.033
498.067
498.067
498.067
498.067
498.067
498.067
498.067
498.067
498.1
498.1
498.1
498.1
498.1
498.1
498.1
498.1
498.1
498.1
498.1
498.1
498.1
498.1
498.1
498.1
498.1
498.1
498.1
498.1
498.1
498.1
498.1
498.1
498.1
498.1
498.1
498.1
498.1
498.1
498.1
498.1
498.1
498.1
498.1
498.1
498.1
498.1
498.1
498.1
498.133
498.133
498.133
498.133
498.133
498.133
498.133
498.133
498.133
498.133
498.133
498.133
498.133
498.133
498.133
498.133
498.133
498.133
498.133
498.133
498.133
498.133
498.133
498.133
498.133
498.133
498.133
498.133
498.133
498.133
498.133
498.133
498.133
498.133
498.133
498.133
498.133
498.133
498.133
498.133
498.133
498.133
498.133
498.133
498.133
498.133
498.133
498.133
498.133
498.133
498.133
498.133
498.133
498.133
498.133
498.133
498.133
498.133
498.133
498.133
498.133
498.133
498.133
498.133
498.133
498.133
498.133
498.133
498.133
498.133
498.133
498.133
498.133
498.133
498.133
498.133
498.133
498.133
498.133
498.133
498.133
498.133
498.133
498.133
498.133
498.133
498.133
498.133
498.133
498.133
498.133
498.133
498.133
498.133
498.133
498.133
498.133
498.133
498.133
498.133
498.133
498.133
498.133
498.133
498.167
498.167
498.167
498.167
498.167
498.167
498.167
498.167
498.167
498.167
498.167
498.167
498.167
498.167
498.167
498.167
498.167
498.167
498.167
498.167
498.167
498.167
498.167
498.167
498.2
498.2
498.2
498.2
498.2
498.2
498.2
498.2
498.2
498.2
498.2
498.2
498.2
498.2
498.2
498.2
498.2
498.2
498.2
498.2
498.2
498.2
498.2
498.2
498.2
498.2
498.2
498.2
498.2
498.2
498.2
498.2
498.2
498.2
498.2
498.2
498.2
498.2
498.2
498.2
498.233
498.233
498.233
498.233
498.233
498.233
498.233
498.233
498.233
498.233
498.233
498.233
498.233
498.233
498.233
498.233
498.233
498.233
498.233
498.233
498.233
498.233
498.233
498.233
498.233
498.233
498.233
498.233
498.233
498.233
498.233
498.233
498.267
498.267
498.267
498.267
498.267
498.267
498.267
498.267
498.3
498.3
498.3
498.3
498.3
498.3
498.3
498.3
498.3
498.3
498.3
498.3
498.3
498.3
498.3
498.3
498.3
498.3
498.3
498.3
498.3
498.3
498.3
498.3
498.3
498.3
498.3
498.3
498.3
498.3
498.3
498.3
498.3
498.3
498.3
498.3
498.3
498.3
498.3
498.3
498.3
498.3
498.3
498.3
498.3
498.3
498.3
498.3
498.3
498.3
498.3
498.3
498.3
498.3
498.3
498.3
498.3
498.3
498.3
498.3
498.3
498.3
498.3
498.3
498.3
498.3
498.3
498.3
498.3
498.3
498.3
498.3
498.3
498.3
498.3
498.3
498.3
498.3
498.3
498.3
498.3
498.3
498.3
498.3
498.3
498.3
498.3
498.3
498.3
498.3
498.3
498.3
498.3
498.3
498.3
498.3
498.3
498.3
498.3
498.3
498.3
498.3
498.3
498.3
498.3
498.3
498.3
498.3
498.3
498.3
498.3
498.3
498.333
498.333
498.333
498.333
498.333
498.333
498.333
498.333
498.333
498.333
498.333
498.333
498.333
498.333
498.333
498.333
498.333
498.333
498.333
498.333
498.333
498.333
498.333
498.333
498.333
498.333
498.333
498.333
498.333
498.333
498.333
498.333
498.333
498.333
498.333
498.333
498.333
498.333
498.333
498.333
498.367
498.367
498.367
498.367
498.367
498.367
498.367
498.367
498.367
498.367
498.367
498.367
498.367
498.367
498.367
498.367
498.367
498.367
498.367
498.367
498.367
498.367
498.367
498.367
498.367
498.367
498.367
498.367
498.367
498.367
498.367
498.367
498.367
498.367
498.367
498.367
498.367
498.367
498.367
498.367
498.367
498.367
498.367
498.367
498.367
498.367
498.367
498.367
498.367
498.367
498.367
498.367
498.367
498.367
498.367
498.367
498.367
498.367
498.367
498.367
498.367
498.367
498.367
498.367
498.367
498.367
498.367
498.367
498.367
498.367
498.367
498.367
498.367
498.367
498.367
498.367
498.367
498.367
498.367
498.367
498.367
498.367
498.367
498.367
498.367
498.367
498.367
498.367
498.367
498.367
498.367
498.367
498.367
498.367
498.367
498.367
498.367
498.367
498.367
498.367
498.367
498.367
498.367
498.367
498.367
498.367
498.367
498.367
498.367
498.367
498.367
498.367
498.367
498.367
498.367
498.367
498.367
498.367
498.367
498.367
498.367
498.367
498.367
498.367
498.367
498.367
498.367
498.367
498.367
498.367
498.367
498.367
498.367
498.367
498.367
498.367
498.367
498.367
498.367
498.367
498.367
498.367
498.367
498.367
498.367
498.367
498.367
498.367
498.367
498.367
498.367
498.367
498.367
498.367
498.367
498.367
498.367
498.367
498.367
498.367
498.4
498.4
498.4
498.4
498.4
498.4
498.4
498.4
498.4
498.4
498.4
498.4
498.4
498.4
498.4
498.4
498.4
498.4
498.4
498.4
498.4
498.4
498.4
498.4
498.4
498.4
498.4
498.4
498.4
498.4
498.4
498.4
498.4
498.4
498.4
498.4
498.4
498.4
498.4
498.4
498.4
498.4
498.4
498.4
498.4
498.4
498.4
498.4
498.4
498.4
498.4
498.4
498.4
498.4
498.4
498.4
498.4
498.4
498.4
498.4
498.4
498.4
498.4
498.4
498.4
498.4
498.4
498.4
498.4
498.4
498.4
498.4
498.4
498.4
498.4
498.4
498.4
498.4
498.4
498.4
498.4
498.4
498.4
498.4
498.4
498.4
498.4
498.4
498.4
498.4
498.4
498.4
498.4
498.4
498.4
498.4
498.433
498.433
498.433
498.433
498.433
498.433
498.433
498.433
498.433
498.433
498.433
498.433
498.433
498.433
498.433
498.433
498.467
498.467
498.467
498.467
498.467
498.467
498.467
498.467
498.467
498.467
498.467
498.467
498.467
498.467
498.467
498.467
498.467
498.467
498.467
498.467
498.467
498.467
498.467
498.467
498.467
498.467
498.467
498.467
498.467
498.467
498.467
498.467
498.467
498.467
498.467
498.467
498.467
498.467
498.467
498.467
498.467
498.467
498.467
498.467
498.467
498.467
498.467
498.467
498.467
498.467
498.467
498.467
498.467
498.467
498.467
498.467
498.467
498.467
498.467
498.467
498.467
498.467
498.467
498.467
498.467
498.467
498.467
498.467
498.467
498.467
498.467
498.467
498.467
498.467
498.467
498.467
498.467
498.467
498.467
498.467
498.467
498.467
498.467
498.467
498.467
498.467
498.467
498.467
498.467
498.467
498.467
498.467
498.467
498.467
498.467
498.467
498.467
498.467
498.467
498.467
498.467
498.467
498.467
498.467
498.467
498.467
498.467
498.467
498.467
498.467
498.467
498.467
498.467
498.467
498.467
498.467
498.467
498.467
498.467
498.467
498.5
498.5
498.5
498.5
498.5
498.5
498.5
498.5
498.5
498.5
498.5
498.5
498.5
498.5
498.5
498.5
498.5
498.5
498.5
498.5
498.5
498.5
498.5
498.5
498.533
498.533
498.533
498.533
498.533
498.533
498.533
498.533
498.533
498.533
498.533
498.533
498.533
498.533
498.533
498.533
498.533
498.533
498.533
498.533
498.533
498.533
498.533
498.533
498.567
498.567
498.567
498.567
498.567
498.567
498.567
498.567
498.567
498.567
498.567
498.567
498.567
498.567
498.567
498.567
498.567
498.567
498.567
498.567
498.567
498.567
498.567
498.567
498.567
498.567
498.567
498.567
498.567
498.567
498.567
498.567
498.567
498.567
498.567
498.567
498.567
498.567
498.567
498.567
498.567
498.567
498.567
498.567
498.567
498.567
498.567
498.567
498.567
498.567
498.567
498.567
498.567
498.567
498.567
498.567
498.567
498.567
498.567
498.567
498.567
498.567
498.567
498.567
498.567
498.567
498.567
498.567
498.567
498.567
498.567
498.567
498.567
498.567
498.567
498.567
498.567
498.567
498.567
498.567
498.567
498.567
498.567
498.567
498.567
498.567
498.567
498.567
498.567
498.567
498.567
498.567
498.567
498.567
498.567
498.567
498.567
498.567
498.567
498.567
498.567
498.567
498.567
498.567
498.567
498.567
498.567
498.567
498.567
498.567
498.567
498.567
498.6
498.6
498.6
498.6
498.6
498.6
498.6
498.6
498.6
498.6
498.6
498.6
498.6
498.6
498.6
498.6
498.6
498.6
498.6
498.6
498.6
498.6
498.6
498.6
498.6
498.6
498.6
498.6
498.6
498.6
498.6
498.6
498.6
498.6
498.6
498.6
498.6
498.6
498.6
498.6
498.6
498.6
498.6
498.6
498.6
498.6
498.6
498.6
498.6
498.6
498.6
498.6
498.6
498.6
498.6
498.6
498.633
498.633
498.633
498.633
498.633
498.633
498.633
498.633
498.633
498.633
498.633
498.633
498.633
498.633
498.633
498.633
498.633
498.633
498.633
498.633
498.633
498.633
498.633
498.633
498.633
498.633
498.633
498.633
498.633
498.633
498.633
498.633
498.633
498.633
498.633
498.633
498.633
498.633
498.633
498.633
498.633
498.633
498.633
498.633
498.633
498.633
498.633
498.633
498.667
498.667
498.667
498.667
498.667
498.667
498.667
498.667
498.667
498.667
498.667
498.667
498.667
498.667
498.667
498.667
498.667
498.667
498.667
498.667
498.667
498.667
498.667
498.667
498.7
498.7
498.7
498.7
498.7
498.7
498.7
498.7
498.7
498.7
498.7
498.7
498.7
498.7
498.7
498.7
498.7
498.7
498.7
498.7
498.7
498.7
498.7
498.7
498.7
498.7
498.7
498.7
498.7
498.7
498.7
498.7
498.7
498.7
498.7
498.7
498.7
498.7
498.7
498.7
498.7
498.7
498.7
498.7
498.7
498.7
498.7
498.7
498.7
498.7
498.7
498.7
498.7
498.7
498.7
498.7
498.7
498.7
498.7
498.7
498.7
498.7
498.7
498.7
498.7
498.7
498.7
498.7
498.7
498.7
498.7
498.7
498.7
498.7
498.7
498.7
498.7
498.7
498.7
498.7
498.7
498.7
498.7
498.7
498.7
498.7
498.7
498.7
498.7
498.7
498.7
498.7
498.7
498.7
498.7
498.7
498.7
498.7
498.7
498.7
498.7
498.7
498.7
498.7
498.7
498.7
498.7
498.7
498.7
498.7
498.7
498.7
498.7
498.7
498.7
498.7
498.7
498.7
498.7
498.7
498.7
498.7
498.7
498.7
498.7
498.7
498.7
498.7
498.7
498.7
498.7
498.7
498.7
498.7
498.7
498.7
498.7
498.7
498.7
498.7
498.7
498.7
498.7
498.7
498.7
498.7
498.7
498.7
498.7
498.7
498.7
498.7
498.7
498.7
498.7
498.7
498.7
498.7
498.7
498.7
498.7
498.7
498.7
498.7
498.7
498.7
498.7
498.7
498.7
498.7
498.7
498.7
498.7
498.7
498.7
498.7
498.7
498.7
498.7
498.7
498.7
498.7
498.7
498.7
498.7
498.7
498.7
498.7
498.7
498.7
498.7
498.7
498.7
498.7
498.7
498.7
498.7
498.7
498.7
498.7
498.7
498.7
498.7
498.7
498.7
498.7
498.7
498.7
498.7
498.7
498.7
498.7
498.7
498.7
498.7
498.7
498.7
498.7
498.7
498.7
498.7
498.7
498.7
498.7
498.7
498.7
498.7
498.7
498.7
498.7
498.7
498.7
498.7
498.7
498.7
498.7
498.7
498.7
498.7
498.7
498.7
498.7
498.7
498.7
498.7
498.7
498.7
498.7
498.7
498.7
498.7
498.7
498.7
498.7
498.7
498.7
498.7
498.7
498.7
498.7
498.7
498.7
498.7
498.7
498.7
498.7
498.7
498.7
498.7
498.7
498.7
498.7
498.7
498.7
498.7
498.7
498.7
498.7
498.7
498.7
498.7
498.7
498.7
498.7
498.7
498.7
498.7
498.7
498.7
498.7
498.7
498.7
498.7
498.7
498.7
498.7
498.7
498.7
498.7
498.7
498.7
498.7
498.7
498.7
498.7
498.7
498.7
498.7
498.7
498.7
498.7
498.7
498.7
498.7
498.7
498.7
498.7
498.7
498.7
498.7
498.7
498.7
498.7
498.7
498.7
498.7
498.7
498.7
498.7
498.7
498.7
498.7
498.7
498.7
498.7
498.7
498.7
498.7
498.7
498.7
498.7
498.7
498.7
498.7
498.7
498.7
498.7
498.7
498.7
498.7
498.7
498.7
498.7
498.7
498.7
498.7
498.7
498.7
498.7
498.7
498.7
498.7
498.7
498.7
498.7
498.7
498.7
498.7
498.7
498.7
498.7
498.7
498.7
498.7
498.7
498.7
498.7
498.7
498.7
498.7
498.7
498.7
498.7
498.7
498.7
498.7
498.7
498.7
498.7
498.7
498.7
498.7
498.7
498.7
498.7
498.7
498.7
498.7
498.7
498.7
498.7
498.7
498.7
498.7
498.7
498.7
498.7
498.7
498.7
498.7
498.7
498.7
498.7
498.7
498.7
498.7
498.7
498.7
498.7
498.7
498.7
498.7
498.7
498.7
498.7
498.7
498.7
498.7
498.7
498.7
498.7
498.7
498.7
498.7
498.7
498.7
498.7
498.7
498.7
498.7
498.7
498.7
498.7
498.7
498.7
498.7
498.7
498.7
498.7
498.7
498.7
498.7
498.7
498.7
498.7
498.7
498.7
498.7
498.7
498.7
498.7
498.7
498.7
498.7
498.7
498.7
498.7
498.7
498.7
498.7
498.7
498.7
498.7
498.7
498.7
498.7
498.7
498.7
498.7
498.7
498.7
498.7
498.7
498.7
498.7
498.7
498.7
498.7
498.733
498.733
498.733
498.733
498.733
498.733
498.733
498.733
498.733
498.733
498.733
498.733
498.733
498.733
498.733
498.733
498.733
498.733
498.733
498.733
498.733
498.733
498.733
498.733
498.733
498.733
498.733
498.733
498.733
498.733
498.733
498.733
498.733
498.733
498.733
498.733
498.733
498.733
498.733
498.733
498.733
498.733
498.733
498.733
498.733
498.733
498.733
498.733
498.733
498.733
498.733
498.733
498.733
498.733
498.733
498.733
498.733
498.733
498.733
498.733
498.733
498.733
498.733
498.733
498.733
498.733
498.733
498.733
498.733
498.733
498.733
498.733
498.733
498.733
498.733
498.733
498.733
498.733
498.733
498.733
498.733
498.733
498.733
498.733
498.733
498.733
498.733
498.733
498.733
498.733
498.733
498.733
498.733
498.733
498.733
498.733
498.733
498.733
498.733
498.733
498.733
498.733
498.733
498.733
498.733
498.733
498.733
498.733
498.733
498.733
498.733
498.733
498.733
498.733
498.733
498.733
498.733
498.733
498.733
498.733
498.767
498.767
498.767
498.767
498.767
498.767
498.767
498.767
498.767
498.767
498.767
498.767
498.767
498.767
498.767
498.767
498.767
498.767
498.767
498.767
498.767
498.767
498.767
498.767
498.767
498.767
498.767
498.767
498.767
498.767
498.767
498.767
498.767
498.767
498.767
498.767
498.767
498.767
498.767
498.767
498.767
498.767
498.767
498.767
498.767
498.767
498.767
498.767
498.767
498.767
498.767
498.767
498.767
498.767
498.767
498.767
498.767
498.767
498.767
498.767
498.767
498.767
498.767
498.767
498.767
498.767
498.767
498.767
498.767
498.767
498.767
498.767
498.767
498.767
498.767
498.767
498.767
498.767
498.767
498.767
498.767
498.767
498.767
498.767
498.767
498.767
498.767
498.767
498.767
498.767
498.767
498.767
498.767
498.767
498.767
498.767
498.767
498.767
498.767
498.767
498.767
498.767
498.767
498.767
498.767
498.767
498.767
498.767
498.767
498.767
498.767
498.767
498.767
498.767
498.767
498.767
498.767
498.767
498.767
498.767
498.767
498.767
498.767
498.767
498.767
498.767
498.767
498.767
498.767
498.767
498.767
498.767
498.767
498.767
498.767
498.767
498.767
498.767
498.767
498.767
498.767
498.767
498.767
498.767
498.767
498.767
498.767
498.767
498.767
498.767
498.767
498.767
498.8
498.8
498.8
498.8
498.8
498.8
498.8
498.8
498.8
498.8
498.8
498.8
498.8
498.8
498.8
498.8
498.8
498.8
498.8
498.8
498.8
498.8
498.8
498.8
498.8
498.8
498.8
498.8
498.8
498.8
498.8
498.8
498.8
498.8
498.8
498.8
498.8
498.8
498.8
498.8
498.833
498.833
498.833
498.833
498.833
498.833
498.833
498.833
498.867
498.867
498.867
498.867
498.867
498.867
498.867
498.867
498.867
498.867
498.867
498.867
498.867
498.867
498.867
498.867
498.867
498.867
498.867
498.867
498.867
498.867
498.867
498.867
498.867
498.867
498.867
498.867
498.867
498.867
498.867
498.867
498.867
498.867
498.867
498.867
498.867
498.867
498.867
498.867
498.867
498.867
498.867
498.867
498.867
498.867
498.867
498.867
498.867
498.867
498.867
498.867
498.867
498.867
498.867
498.867
498.867
498.867
498.867
498.867
498.867
498.867
498.867
498.867
498.867
498.867
498.867
498.867
498.867
498.867
498.867
498.867
498.867
498.867
498.867
498.867
498.867
498.867
498.867
498.867
498.867
498.867
498.867
498.867
498.867
498.867
498.867
498.867
498.867
498.867
498.867
498.867
498.867
498.867
498.867
498.867
498.867
498.867
498.867
498.867
498.867
498.867
498.867
498.867
498.867
498.867
498.867
498.867
498.867
498.867
498.867
498.867
498.867
498.867
498.867
498.867
498.867
498.867
498.867
498.867
498.867
498.867
498.867
498.867
498.867
498.867
498.867
498.867
498.867
498.867
498.867
498.867
498.867
498.867
498.867
498.867
498.867
498.867
498.867
498.867
498.867
498.867
498.867
498.867
498.867
498.867
498.867
498.867
498.867
498.867
498.867
498.867
498.867
498.867
498.867
498.867
498.867
498.867
498.867
498.867
498.867
498.867
498.867
498.867
498.867
498.867
498.867
498.867
498.867
498.867
498.867
498.867
498.867
498.867
498.867
498.867
498.867
498.867
498.867
498.867
498.867
498.867
498.867
498.867
498.867
498.867
498.867
498.867
498.867
498.867
498.867
498.867
498.867
498.867
498.867
498.867
498.867
498.867
498.867
498.867
498.867
498.867
498.867
498.867
498.867
498.867
498.867
498.867
498.867
498.867
498.867
498.867
498.867
498.867
498.867
498.867
498.867
498.867
498.867
498.867
498.867
498.867
498.867
498.867
498.867
498.867
498.867
498.867
498.867
498.867
498.867
498.867
498.867
498.867
498.867
498.867
498.867
498.867
498.867
498.867
498.867
498.867
498.867
498.867
498.867
498.867
498.867
498.867
498.867
498.867
498.867
498.867
498.867
498.867
498.867
498.867
498.867
498.867
498.867
498.867
498.867
498.867
498.867
498.867
498.867
498.867
498.867
498.867
498.867
498.867
498.867
498.867
498.867
498.867
498.867
498.867
498.867
498.867
498.867
498.867
498.867
498.867
498.867
498.867
498.867
498.867
498.867
498.867
498.867
498.867
498.867
498.867
498.867
498.867
498.867
498.867
498.867
498.867
498.867
498.867
498.867
498.867
498.867
498.867
498.867
498.867
498.867
498.867
498.867
498.867
498.867
498.867
498.867
498.867
498.867
498.867
498.867
498.867
498.867
498.867
498.867
498.867
498.867
498.867
498.867
498.867
498.867
498.867
498.867
498.867
498.867
498.867
498.867
498.867
498.867
498.867
498.867
498.867
498.867
498.867
498.867
498.867
498.867
498.867
498.867
498.867
498.867
498.867
498.867
498.867
498.867
498.867
498.867
498.867
498.867
498.867
498.867
498.867
498.867
498.867
498.9
498.9
498.9
498.9
498.9
498.9
498.9
498.9
498.9
498.9
498.9
498.9
498.9
498.9
498.9
498.9
498.9
498.9
498.9
498.9
498.9
498.9
498.9
498.9
498.9
498.9
498.9
498.9
498.9
498.9
498.9
498.9
498.9
498.9
498.9
498.9
498.9
498.9
498.9
498.9
498.9
498.9
498.9
498.9
498.9
498.9
498.9
498.9
498.9
498.9
498.9
498.9
498.9
498.9
498.9
498.9
498.9
498.9
498.9
498.9
498.9
498.9
498.9
498.9
498.9
498.9
498.9
498.9
498.9
498.9
498.9
498.9
498.9
498.9
498.9
498.9
498.9
498.9
498.9
498.9
498.9
498.9
498.9
498.9
498.9
498.9
498.9
498.9
498.9
498.9
498.9
498.9
498.9
498.9
498.9
Run 30, std dev: 0.830662
