0
1
1
1
1
1
1
1
1
30.8333
30.8333
30.8333
30.8333
31.3333
31.3333
31.3333
31.3333
31.8
31.8
31.8
31.8
32.3333
32.3333
32.3333
32.3333
33.1667
33.1667
33.1667
33.1667
33.5333
33.5333
33.5333
33.5333
34.1333
34.1333
34.1333
34.1333
34.5
34.5
34.5
34.5
34.8
34.8
34.8
34.8
35.3333
35.3333
35.3333
35.3333
35.7
35.7
35.7
35.7
35.9667
35.9667
35.9667
35.9667
36.4
36.4
36.4
36.4
36.8333
36.8333
36.8333
36.8333
37.2667
37.2667
37.2667
37.2667
37.6667
37.6667
37.6667
37.6667
38.2667
38.2667
38.2667
38.2667
38.7
38.7
38.7
38.7
39.3
39.3
39.3
39.3
39.5333
39.5333
39.5333
39.5333
39.8
39.8
39.8
39.8
39.9667
39.9667
39.9667
39.9667
40.2667
40.2667
40.2667
40.2667
40.4333
40.4333
40.4333
40.4333
40.8667
40.8667
40.8667
40.8667
41.0667
41.0667
41.0667
41.0667
41.3333
41.3333
41.3333
41.3333
41.6333
41.6333
41.6333
41.6333
41.9333
41.9333
41.9333
41.9333
42.2
42.2
42.2
42.2
42.6
42.6
42.6
42.6
42.9
42.9
42.9
42.9
43.3667
43.3667
43.3667
43.3667
43.4667
43.4667
43.4667
43.4667
43.5667
43.5667
43.5667
43.5667
43.8
43.8
43.8
43.8
43.9667
43.9667
43.9667
43.9667
44.1667
44.1667
44.1667
44.1667
44.2333
44.2333
44.2333
44.2333
44.3667
44.3667
44.3667
44.3667
44.4333
44.4333
44.4333
44.4333
44.7
44.7
44.7
44.7
44.9333
44.9333
44.9333
44.9333
45.0333
45.0333
45.0333
45.0333
45.1333
45.1333
45.1333
45.1333
45.4
45.4
45.4
45.4
45.5333
45.5333
45.5333
45.5333
45.6667
45.6667
45.6667
45.6667
45.8333
45.8333
45.8333
45.8333
45.8667
45.8667
45.8667
45.8667
45.9
45.9
45.9
45.9
46.0333
46.0333
46.0333
46.0333
46.1
46.1
46.1
46.1
46.1333
46.1333
46.1333
46.1333
46.2667
46.2667
46.2667
46.2667
46.3
46.3
46.3
46.3
46.4
46.4
46.4
46.4
46.4333
46.4333
46.4333
46.4333
46.5333
46.5333
46.5333
46.5333
46.6667
46.6667
46.6667
46.6667
46.8333
46.8333
46.8333
46.8333
46.8667
46.8667
46.8667
46.8667
46.9
46.9
46.9
46.9
46.9
46.9
46.9
46.9
47.1333
47.1333
47.1333
47.1333
47.3
47.3
47.3
47.3
47.3333
47.3333
47.3333
47.3333
47.4333
47.4333
47.4333
47.4333
47.5333
47.5333
47.5333
47.5333
47.6
47.6
47.6
47.6
47.7
47.7
47.7
47.7
47.7333
47.7333
47.7333
47.7333
47.8
47.8
47.8
47.8
47.9333
47.9333
47.9333
47.9333
48
48
48
48
48.2667
48.2667
48.2667
48.2667
48.3333
48.3333
48.3333
48.3333
48.3333
48.3333
48.3333
48.3333
48.3333
48.3333
48.3333
48.3333
48.4
48.4
48.4
48.4
48.5
48.5
48.5
48.5
48.5
48.5
48.5
48.5
48.5333
48.5333
48.5333
48.5333
48.5333
48.5333
48.5333
48.5333
48.5333
48.5333
48.5333
48.5333
48.5333
48.5333
48.5333
48.5333
48.5667
48.5667
48.5667
48.5667
48.6667
48.6667
48.6667
48.6667
48.7333
48.7333
48.7333
48.7333
48.7667
48.7667
48.7667
48.7667
48.8
48.8
48.8
48.8
48.8333
48.8333
48.8333
48.8333
48.8667
48.8667
48.8667
48.8667
48.9333
48.9333
48.9333
48.9333
48.9667
48.9667
48.9667
48.9667
49
49
49
49
49
49
49
49
49
49
49
49
49
49
49
49
49.0333
49.0333
49.0333
49.0333
49.0667
49.0667
49.0667
49.0667
49.0667
49.0667
49.0667
49.0667
49.0667
49.0667
49.0667
49.0667
49.0667
49.0667
49.0667
49.0667
49.1
49.1
49.1
49.1
49.1
49.1
49.1
49.1
49.1333
49.1333
49.1333
49.1333
49.1333
49.1333
49.1333
49.1333
49.1333
49.1333
49.1333
49.1333
49.1333
49.1333
49.1333
49.1333
49.1333
49.1333
49.1333
49.1333
49.1333
49.1333
49.1333
49.1333
49.2
49.2
49.2
49.2
49.2
49.2
49.2
49.2
49.2
49.2
49.2
49.2
49.2
49.2
49.2
49.2
49.2333
49.2333
49.2333
49.2333
49.2667
49.2667
49.2667
49.2667
49.2667
49.2667
49.2667
49.2667
49.2667
49.2667
49.2667
49.2667
49.2667
49.2667
49.2667
49.2667
49.2667
49.2667
49.2667
49.2667
49.2667
49.2667
49.2667
49.2667
49.2667
49.2667
49.2667
49.2667
49.2667
49.2667
49.2667
49.2667
49.3
49.3
49.3
49.3
49.3
49.3
49.3
49.3
49.3333
49.3333
49.3333
49.3333
49.3333
49.3333
49.3333
49.3333
49.3667
49.3667
49.3667
49.3667
49.3667
49.3667
49.3667
49.3667
49.3667
49.3667
49.3667
49.3667
49.3667
49.3667
49.3667
49.3667
49.3667
49.3667
49.3667
49.3667
49.3667
49.3667
49.3667
49.3667
49.3667
49.3667
49.3667
49.3667
49.3667
49.3667
49.3667
49.3667
49.3667
49.3667
49.3667
49.3667
49.3667
49.3667
49.3667
49.3667
49.3667
49.3667
49.3667
49.3667
49.3667
49.3667
49.3667
49.3667
49.3667
49.3667
49.3667
49.3667
49.3667
49.3667
49.3667
49.3667
49.4
49.4
49.4
49.4
49.4333
49.4333
49.4333
49.4333
49.4333
49.4333
49.4333
49.4333
49.4667
49.4667
49.4667
49.4667
49.4667
49.4667
49.4667
49.4667
49.4667
49.4667
49.4667
49.4667
49.4667
49.4667
49.4667
49.4667
49.5
49.5
49.5
49.5
49.5
49.5
49.5
49.5
49.5
49.5
49.5
49.5
49.5
49.5
49.5
49.5
49.5333
49.5333
49.5333
49.5333
49.5333
49.5333
49.5333
49.5333
49.5333
49.5333
49.5333
49.5333
49.5333
49.5333
49.5333
49.5333
49.5333
49.5333
49.5333
49.5333
49.5667
49.5667
49.5667
49.5667
49.5667
49.5667
49.5667
49.5667
49.5667
49.5667
49.5667
49.5667
49.6
49.6
49.6
49.6
49.6
49.6
49.6
49.6
49.6
49.6
49.6
49.6
49.6
49.6
49.6
49.6
49.6
49.6
49.6
49.6
49.6
49.6
49.6
49.6
49.6
49.6
49.6
49.6
49.6
49.6
49.6
49.6
49.6
49.6
49.6
49.6
49.6
49.6
49.6
49.6
49.6333
49.6333
49.6333
49.6333
49.6333
49.6333
49.6333
49.6333
49.6333
49.6333
49.6333
49.6333
49.6333
49.6333
49.6333
49.6333
49.6667
49.6667
49.6667
49.6667
49.6667
49.6667
49.6667
49.6667
49.6667
49.6667
49.6667
49.6667
49.6667
49.6667
49.6667
49.6667
49.6667
49.6667
49.6667
49.6667
49.6667
49.6667
49.6667
49.6667
49.6667
49.6667
49.6667
49.6667
49.6667
49.6667
49.6667
49.6667
49.6667
49.6667
49.6667
49.6667
49.6667
49.6667
49.6667
49.6667
49.6667
49.6667
49.6667
49.6667
49.6667
49.6667
49.6667
49.6667
49.6667
49.6667
49.6667
49.6667
49.6667
49.6667
49.6667
49.6667
49.6667
49.6667
49.6667
49.6667
49.6667
49.6667
49.6667
49.6667
49.7
49.7
49.7
49.7
49.7333
49.7333
49.7333
49.7333
49.7333
49.7333
49.7333
49.7333
49.7333
49.7333
49.7333
49.7333
49.7667
49.7667
49.7667
49.7667
49.7667
49.7667
49.7667
49.7667
49.7667
49.7667
49.7667
49.7667
49.7667
49.7667
49.7667
49.7667
49.7667
49.7667
49.7667
49.7667
49.7667
49.7667
49.7667
49.7667
49.8
49.8
49.8
49.8
49.8333
49.8333
49.8333
49.8333
49.8333
49.8333
49.8333
49.8333
49.8333
49.8333
49.8333
49.8333
49.8333
49.8333
49.8333
49.8333
49.8333
49.8333
49.8333
49.8333
49.8333
49.8333
49.8333
49.8333
49.8333
49.8333
49.8333
49.8333
49.8333
49.8333
49.8333
49.8333
49.8333
49.8333
49.8333
49.8333
49.8333
49.8333
49.8333
49.8333
49.8333
49.8333
49.8333
49.8333
49.8333
49.8333
49.8333
49.8333
49.8333
49.8333
49.8333
49.8333
49.8333
49.8333
49.8333
49.8333
49.8333
49.8333
49.8333
49.8333
49.8333
49.8333
49.8333
49.8333
49.8667
49.8667
49.8667
49.8667
49.8667
49.8667
49.8667
49.8667
49.8667
49.8667
49.8667
49.8667
49.8667
49.8667
49.8667
49.8667
49.8667
49.8667
49.8667
49.8667
49.8667
49.8667
49.8667
49.8667
49.8667
49.8667
49.8667
49.8667
49.8667
49.8667
49.8667
49.8667
49.8667
49.8667
49.8667
49.8667
49.8667
49.8667
49.8667
49.8667
49.8667
49.8667
49.8667
49.8667
49.8667
49.8667
49.8667
49.8667
49.8667
49.8667
49.8667
49.8667
49.8667
49.8667
49.8667
49.8667
49.8667
49.8667
49.8667
49.8667
49.8667
49.8667
49.8667
49.8667
49.8667
49.8667
49.8667
49.8667
49.8667
49.8667
49.8667
49.8667
49.8667
49.8667
49.8667
49.8667
49.8667
49.8667
49.8667
49.8667
49.8667
49.8667
49.8667
49.8667
49.8667
49.8667
49.8667
49.8667
49.8667
49.8667
49.8667
49.8667
49.8667
49.8667
49.8667
49.8667
49.8667
49.8667
49.8667
49.8667
49.8667
49.8667
49.8667
49.8667
49.9
49.9
49.9
49.9
49.9
49.9
49.9
49.9
49.9
49.9
49.9
