0
8.46667
8.46667
8.46667
8.46667
8.46667
8.46667
8.46667
8.46667
268.667
268.667
268.667
268.667
270.067
270.067
270.067
270.067
271.7
271.7
271.7
271.7
273.133
273.133
273.133
273.133
274.667
274.667
274.667
274.667
275.867
275.867
275.867
275.867
276.633
276.633
276.633
276.633
277.567
277.567
277.567
277.567
278.667
278.667
278.667
278.667
279.733
279.733
279.733
279.733
280.8
280.8
280.8
280.8
281.633
281.633
281.633
281.633
282.433
282.433
282.433
282.433
283.5
283.5
283.5
283.5
284.333
284.333
284.333
284.333
285.1
285.1
285.1
285.1
285.867
285.867
285.867
285.867
286.6
286.6
286.6
286.6
287.467
287.467
287.467
287.467
288.3
288.3
288.3
288.3
288.9
288.9
288.9
288.9
289.767
289.767
289.767
289.767
290.6
290.6
290.6
290.6
291.3
291.3
291.3
291.3
292.067
292.067
292.067
292.067
292.967
292.967
292.967
292.967
293.7
293.7
293.7
293.7
294.567
294.567
294.567
294.567
295.4
295.4
295.4
295.4
296.2
296.2
296.2
296.2
297
297
297
297
297.667
297.667
297.667
297.667
298.367
298.367
298.367
298.367
299.133
299.133
299.133
299.133
300.033
300.033
300.033
300.033
300.7
300.7
300.7
300.7
301.333
301.333
301.333
301.333
302.233
302.233
302.233
302.233
303
303
303
303
303.833
303.833
303.833
303.833
304.833
304.833
304.833
304.833
305.6
305.6
305.6
305.6
306.267
306.267
306.267
306.267
307.167
307.167
307.167
307.167
307.867
307.867
307.867
307.867
308.667
308.667
308.667
308.667
309.5
309.5
309.5
309.5
310.133
310.133
310.133
310.133
310.533
310.533
310.533
310.533
311.2
311.2
311.2
311.2
312.1
312.1
312.1
312.1
312.7
312.7
312.7
312.7
313.4
313.4
313.4
313.4
314.133
314.133
314.133
314.133
314.633
314.633
314.633
314.633
315.3
315.3
315.3
315.3
316
316
316
316
316.733
316.733
316.733
316.733
317.533
317.533
317.533
317.533
318.267
318.267
318.267
318.267
319.2
319.2
319.2
319.2
319.767
319.767
319.767
319.767
320.633
320.633
320.633
320.633
321.333
321.333
321.333
321.333
321.967
321.967
321.967
321.967
322.8
322.8
322.8
322.8
323.4
323.4
323.4
323.4
323.933
323.933
323.933
323.933
324.733
324.733
324.733
324.733
325.6
325.6
325.6
325.6
326.333
326.333
326.333
326.333
326.967
326.967
326.967
326.967
328
328
328
328
328.667
328.667
328.667
328.667
329.333
329.333
329.333
329.333
330.167
330.167
330.167
330.167
330.9
330.9
330.9
330.9
331.5
331.5
331.5
331.5
332.3
332.3
332.3
332.3
333
333
333
333
333.6
333.6
333.6
333.6
334.133
334.133
334.133
334.133
334.933
334.933
334.933
334.933
335.633
335.633
335.633
335.633
336.433
336.433
336.433
336.433
337.267
337.267
337.267
337.267
338
338
338
338
338.767
338.767
338.767
338.767
339.5
339.5
339.5
339.5
340.233
340.233
340.233
340.233
340.767
340.767
340.767
340.767
341.267
341.267
341.267
341.267
341.833
341.833
341.833
341.833
342.433
342.433
342.433
342.433
343.133
343.133
343.133
343.133
343.667
343.667
343.667
343.667
344.367
344.367
344.367
344.367
344.767
344.767
344.767
344.767
345.467
345.467
345.467
345.467
346.033
346.033
346.033
346.033
346.667
346.667
346.667
346.667
347.267
347.267
347.267
347.267
347.833
347.833
347.833
347.833
348.667
348.667
348.667
348.667
349.3
349.3
349.3
349.3
349.767
349.767
349.767
349.767
350.367
350.367
350.367
350.367
350.933
350.933
350.933
350.933
351.567
351.567
351.567
351.567
352.033
352.033
352.033
352.033
352.433
352.433
352.433
352.433
353
353
353
353
353.7
353.7
353.7
353.7
354.333
354.333
354.333
354.333
354.8
354.8
354.8
354.8
355.467
355.467
355.467
355.467
356
356
356
356
356.633
356.633
356.633
356.633
357.133
357.133
357.133
357.133
357.867
357.867
357.867
357.867
358.4
358.4
358.4
358.4
359.067
359.067
359.067
359.067
359.733
359.733
359.733
359.733
360.233
360.233
360.233
360.233
360.967
360.967
360.967
360.967
361.533
361.533
361.533
361.533
362.233
362.233
362.233
362.233
362.9
362.9
362.9
362.9
363.6
363.6
363.6
363.6
363.967
363.967
363.967
363.967
364.5
364.5
364.5
364.5
365.033
365.033
365.033
365.033
365.7
365.7
365.7
365.7
366.5
366.5
366.5
366.5
367.067
367.067
367.067
367.067
367.633
367.633
367.633
367.633
368.3
368.3
368.3
368.3
369.067
369.067
369.067
369.067
369.433
369.433
369.433
369.433
370
370
370
370
370.633
370.633
370.633
370.633
371.4
371.4
371.4
371.4
371.833
371.833
371.833
371.833
372.333
372.333
372.333
372.333
372.867
372.867
372.867
372.867
373.4
373.4
373.4
373.4
373.667
373.667
373.667
373.667
374.2
374.2
374.2
374.2
374.633
374.633
374.633
374.633
375.267
375.267
375.267
375.267
375.767
375.767
375.767
375.767
376.433
376.433
376.433
376.433
377
377
377
377
377.6
377.6
377.6
377.6
377.967
377.967
377.967
377.967
378.567
378.567
378.567
378.567
379
379
379
379
379.633
379.633
379.633
379.633
380.2
380.2
380.2
380.2
380.667
380.667
380.667
380.667
381.067
381.067
381.067
381.067
381.433
381.433
381.433
381.433
382
382
382
382
382.367
382.367
382.367
382.367
382.833
382.833
382.833
382.833
383.267
383.267
383.267
383.267
383.767
383.767
383.767
383.767
384.4
384.4
384.4
384.4
384.967
384.967
384.967
384.967
385.5
385.5
385.5
385.5
385.9
385.9
385.9
385.9
386.467
386.467
386.467
386.467
386.767
386.767
386.767
386.767
387.367
387.367
387.367
387.367
387.867
387.867
387.867
387.867
388.367
388.367
388.367
388.367
388.733
388.733
388.733
388.733
389.233
389.233
389.233
389.233
389.767
389.767
389.767
389.767
390.4
390.4
390.4
390.4
390.8
390.8
390.8
390.8
391.267
391.267
391.267
391.267
391.8
391.8
391.8
391.8
392.367
392.367
392.367
392.367
392.833
392.833
392.833
392.833
393.567
393.567
393.567
393.567
393.967
393.967
393.967
393.967
394.6
394.6
394.6
394.6
395.1
395.1
395.1
395.1
395.567
395.567
395.567
395.567
396.067
396.067
396.067
396.067
396.4
396.4
396.4
396.4
396.867
396.867
396.867
396.867
397.533
397.533
397.533
397.533
398.067
398.067
398.067
398.067
398.5
398.5
398.5
398.5
398.867
398.867
398.867
398.867
399.167
399.167
399.167
399.167
399.633
399.633
399.633
399.633
400.133
400.133
400.133
400.133
400.6
400.6
400.6
400.6
400.967
400.967
400.967
400.967
401.367
401.367
401.367
401.367
401.867
401.867
401.867
401.867
402.4
402.4
402.4
402.4
402.933
402.933
402.933
402.933
403.4
403.4
403.4
403.4
403.667
403.667
403.667
403.667
404.1
404.1
404.1
404.1
404.733
404.733
404.733
404.733
405.133
405.133
405.133
405.133
405.6
405.6
405.6
405.6
406
406
406
406
406.367
406.367
406.367
406.367
406.9
406.9
406.9
406.9
407.433
407.433
407.433
407.433
407.8
407.8
407.8
407.8
408.267
408.267
408.267
408.267
408.5
408.5
408.5
408.5
408.933
408.933
408.933
408.933
409.333
409.333
409.333
409.333
409.7
409.7
409.7
409.7
410.2
410.2
410.2
410.2
410.733
410.733
410.733
410.733
411.233
411.233
411.233
411.233
411.467
411.467
411.467
411.467
411.967
411.967
411.967
411.967
412.267
412.267
412.267
412.267
412.667
412.667
412.667
412.667
413.133
413.133
413.133
413.133
413.6
413.6
413.6
413.6
413.9
413.9
413.9
413.9
414.133
414.133
414.133
414.133
414.633
414.633
414.633
414.633
415.067
415.067
415.067
415.067
415.4
415.4
415.4
415.4
415.767
415.767
415.767
415.767
415.967
415.967
415.967
415.967
416.367
416.367
416.367
416.367
416.9
416.9
416.9
416.9
417.333
417.333
417.333
417.333
417.6
417.6
417.6
417.6
418
418
418
418
418.4
418.4
418.4
418.4
418.767
418.767
418.767
418.767
419.233
419.233
419.233
419.233
419.533
419.533
419.533
419.533
420.033
420.033
420.033
