16.8333
16.8333
16.8333
16.8333
16.8333
16.8333
16.8333
16.8333
16.8333
16.8333
16.8333
16.8333
16.8333
527.133
527.133
527.133
527.133
527.133
527.133
527.133
527.133
529.767
529.767
529.767
529.767
529.767
529.767
529.767
529.767
533.267
533.267
533.267
533.267
533.267
533.267
533.267
533.267
535.633
535.633
535.633
535.633
535.633
535.633
535.633
535.633
538.233
538.233
538.233
538.233
538.233
538.233
538.233
538.233
539.633
539.633
539.633
539.633
539.633
539.633
539.633
539.633
540.833
540.833
540.833
540.833
540.833
540.833
540.833
540.833
541.967
541.967
541.967
541.967
541.967
541.967
541.967
541.967
542.833
542.833
542.833
542.833
542.833
542.833
542.833
542.833
543.833
543.833
543.833
543.833
543.833
543.833
543.833
543.833
544.767
544.767
544.767
544.767
544.767
544.767
544.767
544.767
546.033
546.033
546.033
546.033
546.033
546.033
546.033
546.033
547.367
547.367
547.367
547.367
547.367
547.367
547.367
547.367
548.533
548.533
548.533
548.533
548.533
548.533
548.533
548.533
549.567
549.567
549.567
549.567
549.567
549.567
549.567
549.567
550.7
550.7
550.7
550.7
550.7
550.7
550.7
550.7
551.867
551.867
551.867
551.867
551.867
551.867
551.867
551.867
552.7
552.7
552.7
552.7
552.7
552.7
552.7
552.7
554.033
554.033
554.033
554.033
554.033
554.033
554.033
554.033
554.967
554.967
554.967
554.967
554.967
554.967
554.967
554.967
556.4
556.4
556.4
556.4
556.4
556.4
556.4
556.4
557.733
557.733
557.733
557.733
557.733
557.733
557.733
557.733
558.9
558.9
558.9
558.9
558.9
558.9
558.9
558.9
560.067
560.067
560.067
560.067
560.067
560.067
560.067
560.067
561.1
561.1
561.1
561.1
561.1
561.1
561.1
561.1
562.267
562.267
562.267
562.267
562.267
562.267
562.267
562.267
563.2
563.2
563.2
563.2
563.2
563.2
563.2
563.2
564.167
564.167
564.167
564.167
564.167
564.167
564.167
564.167
565.233
565.233
565.233
565.233
565.233
565.233
565.233
565.233
566.3
566.3
566.3
566.3
566.3
566.3
566.3
566.3
567.433
567.433
567.433
567.433
567.433
567.433
567.433
567.433
568.367
568.367
568.367
568.367
568.367
568.367
568.367
568.367
569.333
569.333
569.333
569.333
569.333
569.333
569.333
569.333
570.3
570.3
570.3
570.3
570.3
570.3
570.3
570.3
571.433
571.433
571.433
571.433
571.433
571.433
571.433
571.433
572.567
572.567
572.567
572.567
572.567
572.567
572.567
572.567
573.633
573.633
573.633
573.633
573.633
573.633
573.633
573.633
574.567
574.567
574.567
574.567
574.567
574.567
574.567
574.567
575.5
575.5
575.5
575.5
575.5
575.5
575.5
575.5
576.367
576.367
576.367
576.367
576.367
576.367
576.367
576.367
577.633
577.633
577.633
577.633
577.633
577.633
577.633
577.633
578.633
578.633
578.633
578.633
578.633
578.633
578.633
578.633
579.533
579.533
579.533
579.533
579.533
579.533
579.533
579.533
580.633
580.633
580.633
580.633
580.633
580.633
580.633
580.633
581.6
581.6
581.6
581.6
581.6
581.6
581.6
581.6
582.567
582.567
582.567
582.567
582.567
582.567
582.567
582.567
583.567
583.567
583.567
583.567
583.567
583.567
583.567
583.567
584.533
584.533
584.533
584.533
584.533
584.533
584.533
584.533
585.6
585.6
585.6
585.6
585.6
585.6
585.6
585.6
586.567
586.567
586.567
586.567
586.567
586.567
586.567
586.567
587.667
587.667
587.667
587.667
587.667
587.667
587.667
587.667
588.6
588.6
588.6
588.6
588.6
588.6
588.6
588.6
589.533
589.533
589.533
589.533
589.533
589.533
589.533
589.533
590.367
590.367
590.367
590.367
590.367
590.367
590.367
590.367
591.367
591.367
591.367
591.367
591.367
591.367
591.367
591.367
592.467
592.467
592.467
592.467
592.467
592.467
592.467
592.467
593.733
593.733
593.733
593.733
593.733
593.733
593.733
593.733
594.867
594.867
594.867
594.867
594.867
594.867
594.867
594.867
595.767
595.767
595.767
595.767
595.767
595.767
595.767
595.767
596.833
596.833
596.833
596.833
596.833
596.833
596.833
596.833
597.667
597.667
597.667
597.667
597.667
597.667
597.667
597.667
598.6
598.6
598.6
598.6
598.6
598.6
598.6
598.6
599.8
599.8
599.8
599.8
599.8
599.8
599.8
599.8
600.633
600.633
600.633
600.633
600.633
600.633
600.633
600.633
601.667
601.667
601.667
601.667
601.667
601.667
601.667
601.667
602.533
602.533
602.533
602.533
602.533
602.533
602.533
602.533
603.633
603.633
603.633
603.633
603.633
603.633
603.633
603.633
604.533
604.533
604.533
604.533
604.533
604.533
604.533
604.533
605.6
605.6
605.6
605.6
605.6
605.6
605.6
605.6
606.533
606.533
606.533
606.533
606.533
606.533
606.533
606.533
607.533
607.533
607.533
607.533
607.533
607.533
607.533
607.533
608.6
608.6
608.6
608.6
608.6
608.6
608.6
608.6
609.333
609.333
609.333
609.333
609.333
609.333
609.333
609.333
610.267
610.267
610.267
610.267
610.267
610.267
610.267
610.267
611.367
611.367
611.367
611.367
611.367
611.367
611.367
611.367
612.2
612.2
612.2
612.2
612.2
612.2
612.2
612.2
613.1
613.1
613.1
613.1
613.1
613.1
613.1
613.1
614.333
614.333
614.333
614.333
614.333
614.333
614.333
614.333
615.367
615.367
615.367
615.367
615.367
615.367
615.367
615.367
616.233
616.233
616.233
616.233
616.233
616.233
616.233
616.233
617.167
617.167
617.167
617.167
617.167
617.167
617.167
617.167
618.167
618.167
618.167
618.167
618.167
618.167
618.167
618.167
619.3
619.3
619.3
619.3
619.3
619.3
619.3
619.3
620.333
620.333
620.333
620.333
620.333
620.333
620.333
620.333
621.333
621.333
621.333
621.333
621.333
621.333
621.333
621.333
622.3
622.3
622.3
622.3
622.3
622.3
622.3
622.3
623.267
623.267
623.267
623.267
623.267
623.267
623.267
623.267
624.167
624.167
624.167
624.167
624.167
624.167
624.167
624.167
625.167
625.167
625.167
625.167
625.167
625.167
625.167
625.167
626.1
626.1
626.1
626.1
626.1
626.1
626.1
626.1
627.1
627.1
627.1
627.1
627.1
627.1
627.1
627.1
627.867
627.867
627.867
627.867
627.867
627.867
627.867
627.867
628.667
628.667
628.667
628.667
628.667
628.667
628.667
628.667
629.567
629.567
629.567
629.567
629.567
629.567
629.567
629.567
630.367
630.367
630.367
630.367
630.367
630.367
630.367
630.367
631.267
631.267
631.267
631.267
631.267
631.267
631.267
631.267
632.167
632.167
632.167
632.167
632.167
632.167
632.167
632.167
633.067
633.067
633.067
633.067
633.067
633.067
633.067
633.067
634.167
634.167
634.167
634.167
634.167
634.167
634.167
634.167
635.067
635.067
635.067
635.067
635.067
635.067
635.067
635.067
635.9
635.9
635.9
635.9
635.9
635.9
635.9
635.9
636.767
636.767
636.767
636.767
636.767
636.767
636.767
636.767
637.767
637.767
637.767
637.767
637.767
637.767
637.767
637.767
638.667
638.667
638.667
638.667
638.667
638.667
638.667
638.667
639.6
639.6
639.6
639.6
639.6
639.6
639.6
639.6
640.667
640.667
640.667
640.667
640.667
640.667
640.667
640.667
641.6
641.6
641.6
641.6
641.6
641.6
641.6
641.6
642.6
642.6
642.6
642.6
642.6
642.6
642.6
642.6
643.6
643.6
643.6
643.6
643.6
643.6
643.6
643.6
644.467
644.467
644.467
644.467
644.467
644.467
644.467
644.467
645.4
645.4
645.4
645.4
645.4
645.4
645.4
645.4
646.167
646.167
646.167
646.167
646.167
646.167
646.167
646.167
647.033
647.033
647.033
647.033
647.033
647.033
647.033
647.033
648.1
648.1
648.1
648.1
648.1
648.1
648.1
648.1
649.167
649.167
649.167
649.167
649.167
649.167
649.167
649.167
650.067
650.067
650.067
650.067
650.067
650.067
650.067
650.067
651.067
651.067
651.067
651.067
651.067
651.067
651.067
651.067
652.167
652.167
652.167
652.167
652.167
652.167
652.167
652.167
653.067
653.067
653.067
653.067
653.067
653.067
653.067
653.067
653.867
653.867
653.867
653.867
653.867
653.867
653.867
653.867
654.8
654.8
654.8
654.8
654.8
654.8
654.8
654.8
655.733
655.733
655.733
655.733
655.733
655.733
655.733
655.733
656.6
656.6
656.6
656.6
656.6
656.6
656.6
656.6
657.3
657.3
657.3
657.3
657.3
657.3
657.3
657.3
658.2
658.2
658.2
658.2
658.2
658.2
658.2
658.2
659.167
659.167
659.167
659.167
659.167
659.167
659.167
659.167
660.133
660.133
660.133
660.133
660.133
660.133
660.133
660.133
660.967
660.967
660.967
660.967
660.967
660.967
660.967
660.967
661.8
661.8
661.8
661.8
661.8
661.8
661.8
661.8
662.633
662.633
662.633
662.633
662.633
662.633
662.633
662.633
663.533
663.533
663.533
663.533
663.533
663.533
663.533
663.533
664.267
664.267
664.267
664.267
664.267
664.267
664.267
664.267
665.133
665.133
665.133
665.133
665.133
665.133
665.133
665.133
665.9
665.9
665.9
665.9
665.9
665.9
665.9
665.9
666.833
666.833
666.833
666.833
666.833
666.833
666.833
666.833
667.567
667.567
667.567
667.567
667.567
667.567
667.567
667.567
668.4
668.4
668.4
668.4
668.4
668.4
668.4
668.4
669.1
669.1
669.1
669.1
669.1
669.1
669.1
669.1
669.8
669.8
669.8
669.8
669.8
669.8
669.8
669.8
670.667
670.667
670.667
670.667
670.667
670.667
670.667
670.667
671.5
671.5
671.5
671.5
671.5
671.5
671.5
671.5
672.333
672.333
672.333
672.333
672.333
672.333
672.333
672.333
673.3
673.3
673.3
673.3
673.3
673.3
673.3
673.3
674.033
674.033
674.033
674.033
674.033
674.033
674.033
674.033
674.933
674.933
674.933
674.933
674.933
674.933
674.933
674.933
675.7
675.7
675.7
675.7
675.7
675.7
675.7
675.7
676.667
676.667
676.667
676.667
676.667
676.667
676.667
676.667
677.667
677.667
677.667
677.667
677.667
677.667
677.667
677.667
678.367
678.367
678.367
678.367
678.367
678.367
678.367
678.367
679.367
679.367
679.367
679.367
679.367
679.367
679.367
679.367
680.233
680.233
680.233
680.233
680.233
680.233
680.233
680.233
681.2
681.2
681.2
681.2
681.2
681.2
681.2
681.2
682.1
682.1
682.1
682.1
682.1
682.1
682.1
682.1
682.833
682.833
682.833
682.833
682.833
682.833
682.833
682.833
683.667
683.667
683.667
683.667
683.667
683.667
683.667
683.667
684.367
684.367
684.367
684.367
684.367
684.367
684.367
684.367
685.2
685.2
685.2
685.2
685.2
685.2
685.2
685.2
685.833
685.833
685.833
685.833
685.833
685.833
685.833
685.833
686.633
686.633
686.633
686.633
686.633
686.633
686.633
686.633
687.433
687.433
687.433
687.433
687.433
687.433
687.433
687.433
688.3
688.3
688.3
688.3
688.3
688.3
688.3
688.3
688.8
688.8
688.8
688.8
688.8
688.8
688.8
688.8
689.767
689.767
689.767
689.767
689.767
689.767
689.767
689.767
690.667
690.667
690.667
690.667
690.667
690.667
690.667
690.667
691.333
691.333
691.333
691.333
691.333
691.333
691.333
691.333
691.967
691.967
691.967
691.967
691.967
691.967
691.967
691.967
692.867
692.867
692.867
692.867
692.867
692.867
692.867
692.867
693.733
693.733
693.733
693.733
693.733
693.733
693.733
693.733
694.5
694.5
694.5
694.5
694.5
694.5
694.5
694.5
695.433
695.433
695.433
695.433
695.433
695.433
695.433
695.433
696.2
696.2
696.2
696.2
696.2
696.2
696.2
696.2
697.067
697.067
697.067
697.067
697.067
697.067
697.067
697.067
697.533
697.533
697.533
697.533
697.533
697.533
697.533
697.533
698.4
698.4
698.4
698.4
698.4
698.4
698.4
698.4
699.167
699.167
699.167
699.167
699.167
699.167
699.167
699.167
700.067
700.067
700.067
700.067
700.067
700.067
700.067
700.067
701.067
701.067
701.067
701.067
701.067
701.067
701.067
701.067
701.967
701.967
701.967
701.967
701.967
701.967
701.967
701.967
702.733
702.733
702.733
702.733
702.733
702.733
702.733
702.733
703.533
703.533
703.533
703.533
703.533
703.533
703.533
703.533
704.333
704.333
704.333
704.333
704.333
704.333
704.333
704.333
705.267
705.267
705.267
705.267
705.267
705.267
705.267
705.267
706.067
706.067
706.067
706.067
706.067
706.067
706.067
706.067
707
707
707
707
707
707
707
707
707.6
707.6
707.6
707.6
707.6
707.6
707.6
707.6
708.467
708.467
708.467
708.467
708.467
708.467
708.467
708.467
709.1
709.1
709.1
709.1
709.1
709.1
709.1
709.1
710.067
710.067
710.067
710.067
710.067
710.067
710.067
710.067
711.167
711.167
711.167
711.167
711.167
711.167
711.167
711.167
712
712
712
712
712
712
712
712
712.767
712.767
712.767
712.767
712.767
712.767
712.767
712.767
713.433
713.433
713.433
713.433
713.433
713.433
713.433
713.433
714.133
714.133
714.133
714.133
714.133
714.133
714.133
714.133
714.933
714.933
714.933
714.933
714.933
714.933
714.933
714.933
715.6
715.6
715.6
715.6
715.6
715.6
715.6
715.6
716.5
716.5
716.5
716.5
716.5
716.5
716.5
716.5
717.3
717.3
717.3
717.3
717.3
717.3
717.3
717.3
718.267
718.267
718.267
718.267
718.267
718.267
718.267
718.267
718.633
718.633
718.633
718.633
718.633
718.633
718.633
718.633
719.267
719.267
719.267
719.267
719.267
719.267
719.267
719.267
720.3
720.3
720.3
720.3
720.3
720.3
720.3
720.3
720.933
720.933
720.933
720.933
720.933
720.933
720.933
720.933
721.667
721.667
721.667
721.667
721.667
721.667
721.667
721.667
722.567
722.567
722.567
722.567
722.567
722.567
722.567
722.567
723.5
723.5
723.5
723.5
723.5
723.5
723.5
723.5
724.2
724.2
724.2
724.2
724.2
724.2
724.2
724.2
725.033
725.033
725.033
725.033
725.033
725.033
725.033
725.033
725.7
725.7
725.7
725.7
725.7
725.7
725.7
725.7
726.333
726.333
726.333
726.333
726.333
726.333
726.333
726.333
726.933
726.933
726.933
726.933
726.933
726.933
726.933
726.933
727.767
727.767
727.767
727.767
727.767
727.767
727.767
727.767
728.8
728.8
728.8
728.8
728.8
728.8
728.8
728.8
729.433
729.433
729.433
729.433
729.433
729.433
729.433
729.433
730.033
730.033
730.033
730.033
730.033
730.033
730.033
730.033
730.867
730.867
730.867
730.867
730.867
730.867
730.867
730.867
731.7
731.7
731.7
731.7
731.7
731.7
731.7
731.7
732.633
732.633
732.633
732.633
732.633
732.633
732.633
732.633
733.367
733.367
733.367
733.367
733.367
733.367
733.367
733.367
734.2
734.2
734.2
734.2
734.2
734.2
734.2
734.2
734.867
734.867
734.867
734.867
734.867
734.867
734.867
734.867
735.6
735.6
735.6
735.6
735.6
735.6
735.6
735.6
736.433
736.433
736.433
736.433
736.433
736.433
736.433
736.433
737.367
737.367
737.367
737.367
737.367
737.367
737.367
737.367
738.033
738.033
738.033
738.033
738.033
738.033
738.033
738.033
738.7
738.7
738.7
738.7
738.7
738.7
738.7
738.7
739.367
739.367
739.367
739.367
739.367
739.367
739.367
739.367
739.967
739.967
739.967
739.967
739.967
739.967
739.967
739.967
740.8
740.8
740.8
740.8
740.8
740.8
740.8
740.8
741.5
741.5
741.5
741.5
741.5
741.5
741.5
741.5
742.367
742.367
742.367
742.367
742.367
742.367
742.367
742.367
743.133
743.133
743.133
743.133
743.133
743.133
743.133
743.133
743.667
743.667
743.667
743.667
743.667
743.667
743.667
743.667
744.3
744.3
744.3
744.3
744.3
744.3
744.3
744.3
745.1
745.1
745.1
745.1
745.1
745.1
745.1
745.1
745.733
745.733
745.733
745.733
745.733
745.733
745.733
745.733
746.533
746.533
746.533
746.533
746.533
746.533
746.533
746.533
747.3
747.3
747.3
747.3
747.3
747.3
747.3
747.3
747.967
747.967
747.967
747.967
747.967
747.967
747.967
747.967
748.567
748.567
748.567
748.567
748.567
748.567
748.567
748.567
749.433
749.433
749.433
749.433
749.433
749.433
749.433
749.433
749.933
749.933
749.933
749.933
749.933
749.933
749.933
749.933
750.733
750.733
750.733
750.733
750.733
750.733
750.733
750.733
751.3
751.3
751.3
751.3
751.3
751.3
751.3
751.3
751.9
751.9
751.9
751.9
751.9
751.9
751.9
751.9
752.567
752.567
752.567
752.567
752.567
752.567
752.567
752.567
753.167
753.167
753.167
753.167
753.167
753.167
753.167
753.167
753.867
753.867
753.867
753.867
753.867
753.867
753.867
753.867
754.533
754.533
754.533
754.533
754.533
754.533
754.533
754.533
755.1
755.1
755.1
755.1
755.1
755.1
755.1
755.1
755.733
755.733
755.733
755.733
755.733
755.733
755.733
755.733
756.533
756.533
756.533
756.533
756.533
756.533
756.533
756.533
757.033
757.033
757.033
757.033
757.033
757.033
757.033
757.033
757.633
757.633
757.633
757.633
757.633
757.633
757.633
757.633
758.267
758.267
758.267
758.267
758.267
758.267
758.267
758.267
759.033
759.033
759.033
759.033
759.033
759.033
759.033
759.033
759.7
759.7
759.7
759.7
759.7
759.7
759.7
759.7
760.533
760.533
760.533
760.533
760.533
760.533
760.533
760.533
761.1
761.1
761.1
761.1
761.1
761.1
761.1
761.1
761.767
761.767
761.767
761.767
761.767
761.767
761.767
761.767
762.6
762.6
762.6
762.6
762.6
762.6
762.6
762.6
763.267
763.267
763.267
763.267
763.267
763.267
763.267
763.267
764.067
764.067
764.067
764.067
764.067
764.067
764.067
764.067
764.8
764.8
764.8
764.8
764.8
764.8
764.8
764.8
765.5
765.5
765.5
765.5
765.5
765.5
765.5
765.5
766.033
766.033
766.033
766.033
766.033
766.033
766.033
766.033
766.767
766.767
766.767
766.767
766.767
766.767
766.767
766.767
767.367
767.367
767.367
767.367
767.367
767.367
767.367
767.367
768.033
768.033
768.033
768.033
768.033
768.033
768.033
768.033
768.533
768.533
768.533
768.533
768.533
768.533
768.533
768.533
769.133
769.133
769.133
769.133
769.133
769.133
769.133
769.133
769.9
769.9
769.9
769.9
769.9
769.9
769.9
769.9
770.4
770.4
770.4
770.4
770.4
770.4
770.4
770.4
771.1
771.1
771.1
771.1
771.1
771.1
771.1
771.1
771.867
771.867
771.867
771.867
771.867
771.867
771.867
771.867
772.567
772.567
772.567
772.567
772.567
772.567
772.567
772.567
773.067
773.067
773.067
773.067
773.067
773.067
773.067
773.067
773.667
773.667
773.667
773.667
773.667
773.667
773.667
773.667
774.367
774.367
774.367
774.367
774.367
774.367
774.367
774.367
775.133
775.133
775.133
775.133
775.133
775.133
775.133
775.133
775.7
775.7
775.7
775.7
775.7
775.7
775.7
775.7
776.333
776.333
776.333
776.333
776.333
776.333
776.333
776.333
776.833
776.833
776.833
776.833
776.833
776.833
776.833
776.833
777.633
777.633
777.633
777.633
777.633
777.633
777.633
777.633
778.233
778.233
778.233
778.233
778.233
778.233
778.233
778.233
778.833
778.833
778.833
778.833
778.833
778.833
778.833
778.833
779.5
779.5
779.5
779.5
779.5
779.5
779.5
779.5
780.167
780.167
780.167
780.167
780.167
780.167
780.167
780.167
780.767
780.767
780.767
780.767
780.767
780.767
780.767
780.767
781.433
781.433
781.433
781.433
781.433
781.433
781.433
781.433
782.1
782.1
782.1
782.1
782.1
782.1
782.1
782.1
782.633
782.633
782.633
782.633
782.633
782.633
782.633
782.633
783.267
783.267
783.267
783.267
783.267
783.267
783.267
783.267
784.067
784.067
784.067
784.067
784.067
784.067
784.067
784.067
784.8
784.8
784.8
784.8
784.8
784.8
784.8
784.8
785.333
785.333
785.333
785.333
785.333
785.333
785.333
785.333
786.1
786.1
786.1
786.1
786.1
786.1
786.1
786.1
786.667
786.667
786.667
786.667
786.667
786.667
786.667
786.667
787.233
787.233
787.233
787.233
787.233
787.233
787.233
787.233
787.833
787.833
787.833
787.833
787.833
787.833
787.833
787.833
788.333
788.333
788.333
788.333
788.333
788.333
788.333
788.333
789.033
789.033
789.033
789.033
789.033
789.033
789.033
789.033
789.8
789.8
789.8
789.8
789.8
789.8
789.8
789.8
790.3
790.3
790.3
790.3
790.3
790.3
790.3
790.3
791.067
791.067
791.067
791.067
791.067
791.067
791.067
791.067
791.667
791.667
791.667
791.667
791.667
791.667
791.667
791.667
792.167
792.167
792.167
792.167
792.167
792.167
792.167
792.167
792.7
792.7
792.7
792.7
792.7
792.7
792.7
792.7
793.433
793.433
793.433
793.433
793.433
793.433
793.433
793.433
794.133
794.133
794.133
794.133
794.133
794.133
794.133
794.133
794.767
794.767
794.767
794.767
794.767
794.767
794.767
794.767
795.367
795.367
795.367
795.367
795.367
795.367
795.367
795.367
795.967
795.967
795.967
795.967
795.967
795.967
795.967
795.967
796.6
796.6
796.6
796.6
796.6
796.6
796.6
796.6
797.2
797.2
797.2
797.2
797.2
797.2
797.2
797.2
797.667
797.667
797.667
797.667
797.667
797.667
797.667
797.667
798.367
798.367
798.367
798.367
798.367
798.367
798.367
798.367
798.933
798.933
798.933
798.933
798.933
798.933
798.933
798.933
799.533
799.533
799.533
799.533
799.533
799.533
799.533
799.533
800
800
800
800
800
800
800
800
800.633
800.633
800.633
800.633
800.633
800.633
800.633
800.633
801.067
801.067
801.067
801.067
801.067
801.067
801.067
801.067
801.6
801.6
801.6
801.6
801.6
801.6
801.6
801.6
802.4
802.4
802.4
802.4
802.4
802.4
802.4
802.4
803.1
803.1
803.1
803.1
803.1
803.1
803.1
803.1
803.733
803.733
803.733
803.733
803.733
803.733
803.733
803.733
804.367
804.367
804.367
804.367
804.367
804.367
804.367
804.367
805.033
805.033
805.033
805.033
805.033
805.033
805.033
805.033
805.633
805.633
805.633
805.633
805.633
805.633
805.633
805.633
806.367
806.367
806.367
806.367
806.367
806.367
806.367
806.367
806.933
806.933
806.933
806.933
806.933
806.933
806.933
806.933
807.667
807.667
807.667
807.667
807.667
807.667
807.667
807.667
808.367
808.367
808.367
808.367
808.367
808.367
808.367
808.367
808.967
808.967
808.967
808.967
808.967
808.967
808.967
808.967
809.3
809.3
809.3
809.3
809.3
809.3
809.3
809.3
809.933
809.933
809.933
809.933
809.933
809.933
809.933
809.933
810.567
810.567
810.567
810.567
810.567
810.567
810.567
810.567
811.233
811.233
811.233
811.233
811.233
811.233
811.233
811.233
811.9
811.9
811.9
811.9
811.9
811.9
811.9
811.9
812.467
812.467
812.467
812.467
812.467
812.467
812.467
812.467
813.2
813.2
813.2
813.2
813.2
813.2
813.2
813.2
813.833
813.833
813.833
813.833
813.833
813.833
813.833
813.833
814.3
814.3
814.3
814.3
814.3
814.3
814.3
814.3
814.767
814.767
814.767
814.767
814.767
814.767
814.767
814.767
815.267
815.267
815.267
815.267
815.267
815.267
815.267
815.267
815.667
815.667
815.667
815.667
815.667
815.667
815.667
815.667
816.033
816.033
816.033
816.033
816.033
816.033
816.033
816.033
816.5
816.5
816.5
816.5
816.5
816.5
816.5
816.5
817.067
817.067
817.067
817.067
817.067
817.067
817.067
817.067
817.733
817.733
817.733
817.733
817.733
817.733
817.733
817.733
818.2
818.2
818.2
818.2
818.2
818.2
818.2
818.2
818.733
818.733
818.733
818.733
818.733
818.733
818.733
818.733
819.267
819.267
819.267
819.267
819.267
819.267
819.267
819.267
819.933
819.933
819.933
819.933
819.933
819.933
819.933
819.933
820.667
820.667
820.667
820.667
820.667
820.667
820.667
820.667
821.233
821.233
821.233
821.233
821.233
821.233
821.233
821.233
821.667
821.667
821.667
821.667
821.667
821.667
821.667
821.667
822.333
822.333
822.333
822.333
822.333
822.333
822.333
822.333
822.833
822.833
822.833
822.833
822.833
822.833
822.833
822.833
823.167
823.167
823.167
823.167
823.167
823.167
823.167
823.167
823.9
823.9
823.9
823.9
823.9
823.9
823.9
823.9
824.433
824.433
824.433
824.433
824.433
824.433
824.433
824.433
825
825
825
825
825
825
825
825
825.7
825.7
825.7
825.7
825.7
825.7
825.7
825.7
826.1
826.1
826.1
826.1
826.1
826.1
826.1
826.1
826.467
826.467
826.467
826.467
826.467
826.467
826.467
826.467
827
827
827
827
827
827
827
827
827.733
827.733
827.733
827.733
827.733
827.733
827.733
827.733
828.133
828.133
828.133
828.133
828.133
828.133
828.133
828.133
828.733
828.733
828.733
828.733
828.733
828.733
828.733
828.733
829.333
829.333
829.333
829.333
829.333
829.333
829.333
829.333
829.667
829.667
829.667
829.667
829.667
829.667
829.667
829.667
830.2
830.2
830.2
830.2
830.2
830.2
830.2
830.2
831
831
831
831
831
831
831
831
831.667
831.667
831.667
831.667
831.667
831.667
831.667
831.667
832.1
832.1
832.1
832.1
832.1
832.1
832.1
832.1
832.4
832.4
832.4
832.4
832.4
832.4
832.4
832.4
832.9
832.9
832.9
832.9
832.9
832.9
832.9
832.9
833.533
833.533
833.533
833.533
833.533
833.533
833.533
833.533
834.067
834.067
834.067
834.067
834.067
834.067
834.067
834.067
834.367
834.367
834.367
834.367
834.367
834.367
834.367
834.367
835.033
835.033
835.033
835.033
835.033
835.033
835.033
835.033
835.533
835.533
835.533
835.533
835.533
835.533
835.533
835.533
836.1
836.1
836.1
836.1
836.1
836.1
836.1
836.1
836.633
836.633
836.633
836.633
836.633
836.633
836.633
836.633
837.133
837.133
837.133
837.133
837.133
837.133
837.133
837.133
837.567
837.567
837.567
837.567
837.567
837.567
837.567
837.567
838.033
838.033
838.033
838.033
838.033
838.033
838.033
838.033
838.633
838.633
838.633
838.633
838.633
838.633
838.633
838.633
838.967
838.967
838.967
838.967
838.967
838.967
838.967
838.967
839.3
839.3
839.3
839.3
839.3
839.3
839.3
839.3
839.667
839.667
839.667
839.667
839.667
839.667
839.667
839.667
840.033
840.033
840.033
840.033
840.033
840.033
840.033
840.033
840.5
840.5
840.5
840.5
840.5
840.5
840.5
840.5
841.167
841.167
841.167
841.167
841.167
841.167
841.167
841.167
841.467
841.467
841.467
841.467
841.467
841.467
841.467
841.467
842.2
842.2
842.2
842.2
842.2
842.2
842.2
842.2
842.9
842.9
842.9
842.9
842.9
842.9
842.9
842.9
843.567
843.567
843.567
843.567
843.567
843.567
843.567
843.567
844
844
844
844
844
844
844
844
844.467
844.467
844.467
844.467
844.467
844.467
844.467
844.467
844.933
844.933
844.933
844.933
844.933
844.933
844.933
844.933
845.233
845.233
845.233
845.233
845.233
845.233
845.233
845.233
845.833
845.833
845.833
845.833
845.833
845.833
845.833
845.833
846.433
846.433
846.433
846.433
846.433
846.433
846.433
846.433
847
847
847
847
847
847
847
847
847.433
847.433
847.433
847.433
847.433
847.433
847.433
847.433
847.967
847.967
847.967
847.967
847.967
847.967
847.967
847.967
848.3
848.3
848.3
848.3
848.3
848.3
848.3
848.3
848.833
848.833
848.833
848.833
848.833
848.833
848.833
848.833
849.4
849.4
849.4
849.4
849.4
849.4
849.4
849.4
849.767
849.767
849.767
849.767
849.767
849.767
849.767
849.767
850.2
850.2
850.2
850.2
850.2
850.2
850.2
850.2
850.667
850.667
850.667
850.667
850.667
850.667
850.667
850.667
851.133
851.133
851.133
851.133
851.133
851.133
851.133
851.133
851.667
851.667
851.667
851.667
851.667
851.667
851.667
851.667
852.1
852.1
852.1
852.1
852.1
852.1
852.1
852.1
852.6
852.6
852.6
852.6
852.6
852.6
852.6
852.6
853.067
853.067
853.067
853.067
853.067
853.067
853.067
853.067
853.6
853.6
853.6
853.6
853.6
853.6
853.6
853.6
854.1
854.1
854.1
854.1
854.1
854.1
854.1
854.1
854.733
854.733
854.733
854.733
854.733
854.733
854.733
854.733
855
855
855
855
855
855
855
855
855.6
855.6
855.6
855.6
855.6
855.6
855.6
855.6
856.1
856.1
856.1
856.1
856.1
856.1
856.1
856.1
856.7
856.7
856.7
856.7
856.7
856.7
856.7
856.7
857.2
857.2
857.2
857.2
857.2
857.2
857.2
857.2
857.6
857.6
857.6
857.6
857.6
857.6
857.6
857.6
858.133
858.133
858.133
858.133
858.133
858.133
858.133
858.133
858.533
858.533
858.533
858.533
858.533
858.533
858.533
858.533
859
859
859
859
859
859
859
859
859.6
859.6
859.6
859.6
859.6
859.6
859.6
859.6
860.1
860.1
860.1
860.1
860.1
860.1
860.1
860.1
860.5
860.5
860.5
860.5
860.5
860.5
860.5
860.5
860.9
860.9
860.9
860.9
860.9
860.9
860.9
860.9
861.433
861.433
861.433
861.433
861.433
861.433
861.433
861.433
861.967
861.967
861.967
861.967
861.967
861.967
861.967
861.967
862.467
862.467
862.467
862.467
862.467
862.467
862.467
862.467
862.967
862.967
862.967
862.967
862.967
862.967
862.967
862.967
863.467
863.467
863.467
863.467
863.467
863.467
863.467
863.467
863.833
863.833
863.833
863.833
863.833
863.833
863.833
863.833
864.167
864.167
864.167
864.167
864.167
864.167
864.167
864.167
864.633
864.633
864.633
864.633
864.633
864.633
864.633
864.633
865.133
865.133
865.133
865.133
865.133
865.133
865.133
865.133
865.667
865.667
865.667
865.667
865.667
865.667
865.667
865.667
866.267
866.267
866.267
866.267
866.267
866.267
866.267
866.267
866.467
866.467
866.467
866.467
866.467
866.467
866.467
866.467
866.967
866.967
866.967
866.967
866.967
866.967
866.967
866.967
867.4
867.4
867.4
867.4
867.4
867.4
867.4
867.4
868
868
868
868
868
868
868
868
868.4
868.4
868.4
868.4
868.4
868.4
868.4
868.4
868.867
868.867
868.867
868.867
868.867
868.867
868.867
868.867
869.4
869.4
869.4
869.4
869.4
869.4
869.4
869.4
869.967
869.967
869.967
869.967
869.967
869.967
869.967
869.967
870.333
870.333
870.333
870.333
870.333
870.333
870.333
870.333
870.733
870.733
870.733
870.733
870.733
870.733
870.733
870.733
871.067
871.067
871.067
871.067
871.067
871.067
871.067
871.067
871.5
871.5
871.5
871.5
871.5
871.5
871.5
871.5
871.8
871.8
871.8
871.8
871.8
871.8
871.8
871.8
872.267
872.267
872.267
872.267
872.267
872.267
872.267
872.267
872.667
872.667
872.667
872.667
872.667
872.667
872.667
872.667
873.167
873.167
873.167
873.167
873.167
873.167
873.167
873.167
873.533
873.533
873.533
873.533
873.533
873.533
873.533
873.533
874.1
874.1
874.1
874.1
874.1
874.1
874.1
874.1
874.6
874.6
874.6
874.6
874.6
874.6
874.6
874.6
875
875
875
875
875
875
875
875
875.6
875.6
875.6
875.6
875.6
875.6
875.6
875.6
876
876
876
876
876
876
876
876
876.4
876.4
876.4
876.4
876.4
876.4
876.4
876.4
876.667
876.667
876.667
876.667
876.667
876.667
876.667
876.667
877.1
877.1
877.1
877.1
877.1
877.1
877.1
877.1
877.533
877.533
877.533
877.533
877.533
877.533
877.533
877.533
877.833
877.833
877.833
877.833
877.833
877.833
877.833
877.833
878.267
878.267
878.267
878.267
878.267
878.267
878.267
878.267
878.7
878.7
878.7
878.7
878.7
878.7
878.7
878.7
879.033
879.033
879.033
879.033
879.033
879.033
879.033
879.033
879.733
879.733
879.733
879.733
879.733
879.733
879.733
879.733
880
880
880
880
880
880
880
880
880.233
880.233
880.233
880.233
880.233
880.233
880.233
880.233
880.367
880.367
880.367
880.367
880.367
880.367
880.367
880.367
880.833
880.833
880.833
880.833
880.833
880.833
880.833
880.833
881.267
881.267
881.267
881.267
881.267
881.267
881.267
881.267
881.767
881.767
881.767
881.767
881.767
881.767
881.767
881.767
882.2
882.2
882.2
882.2
882.2
882.2
882.2
882.2
882.633
882.633
882.633
882.633
882.633
882.633
882.633
882.633
882.9
882.9
882.9
882.9
882.9
882.9
882.9
882.9
883.133
883.133
883.133
883.133
883.133
883.133
883.133
883.133
883.433
883.433
883.433
883.433
883.433
883.433
883.433
883.433
883.8
883.8
883.8
883.8
883.8
883.8
883.8
883.8
884.267
884.267
884.267
884.267
884.267
884.267
884.267
884.267
884.633
884.633
884.633
884.633
884.633
884.633
884.633
884.633
884.967
884.967
884.967
884.967
884.967
884.967
884.967
884.967
885.4
885.4
885.4
885.4
885.4
885.4
885.4
885.4
885.733
885.733
885.733
885.733
885.733
885.733
885.733
885.733
886.167
886.167
886.167
886.167
886.167
886.167
886.167
886.167
886.6
886.6
886.6
886.6
886.6
886.6
886.6
886.6
886.867
886.867
886.867
886.867
886.867
886.867
886.867
886.867
887.133
887.133
887.133
887.133
887.133
887.133
887.133
887.133
887.433
887.433
887.433
887.433
887.433
887.433
887.433
887.433
887.867
887.867
887.867
887.867
887.867
887.867
887.867
887.867
888.3
888.3
888.3
888.3
888.3
888.3
888.3
888.3
888.7
888.7
888.7
888.7
888.7
888.7
888.7
888.7
889.067
889.067
889.067
889.067
889.067
889.067
889.067
889.067
889.333
889.333
889.333
889.333
889.333
889.333
889.333
889.333
889.767
889.767
889.767
889.767
889.767
889.767
889.767
889.767
890.167
890.167
890.167
890.167
890.167
890.167
890.167
890.167
890.3
890.3
890.3
890.3
890.3
890.3
890.3
890.3
890.633
890.633
890.633
890.633
890.633
890.633
890.633
890.633
891.033
891.033
891.033
891.033
891.033
891.033
891.033
891.033
891.533
891.533
891.533
891.533
891.533
891.533
891.533
891.533
891.9
891.9
891.9
891.9
891.9
891.9
891.9
891.9
892.167
892.167
892.167
892.167
892.167
892.167
892.167
892.167
892.4
892.4
892.4
892.4
892.4
892.4
892.4
892.4
892.833
892.833
892.833
892.833
892.833
892.833
892.833
892.833
893.267
893.267
893.267
893.267
893.267
893.267
893.267
893.267
893.6
893.6
893.6
893.6
893.6
893.6
893.6
893.6
893.867
893.867
893.867
893.867
893.867
893.867
893.867
893.867
894.267
894.267
894.267
894.267
894.267
894.267
894.267
894.267
894.667
894.667
894.667
894.667
894.667
894.667
894.667
894.667
895.1
895.1
895.1
895.1
895.1
895.1
895.1
895.1
895.4
895.4
895.4
895.4
895.4
895.4
895.4
895.4
895.733
895.733
895.733
895.733
895.733
895.733
895.733
895.733
896
896
896
896
896
896
896
896
896.333
896.333
896.333
896.333
896.333
896.333
896.333
896.333
896.8
896.8
896.8
896.8
896.8
896.8
896.8
896.8
897.3
897.3
897.3
897.3
897.3
897.3
897.3
897.3
897.767
897.767
897.767
897.767
897.767
897.767
897.767
897.767
898.1
898.1
898.1
898.1
898.1
898.1
898.1
898.1
898.4
898.4
898.4
898.4
898.4
898.4
898.4
898.4
898.7
898.7
898.7
898.7
898.7
898.7
898.7
898.7
899.2
899.2
899.2
899.2
899.2
899.2
899.2
899.2
899.533
899.533
899.533
899.533
899.533
899.533
899.533
899.533
899.933
899.933
899.933
899.933
899.933
899.933
899.933
899.933
900.233
900.233
900.233
900.233
900.233
900.233
900.233
900.233
900.5
900.5
900.5
900.5
900.5
900.5
900.5
900.5
900.8
900.8
900.8
900.8
900.8
900.8
900.8
900.8
901.133
901.133
901.133
901.133
901.133
901.133
901.133
901.133
901.733
901.733
901.733
901.733
901.733
901.733
901.733
901.733
902.2
902.2
902.2
902.2
902.2
902.2
902.2
902.2
902.6
902.6
902.6
902.6
902.6
902.6
902.6
902.6
902.833
902.833
902.833
902.833
902.833
902.833
902.833
902.833
903.133
903.133
903.133
903.133
903.133
903.133
903.133
903.133
903.4
903.4
903.4
903.4
903.4
903.4
903.4
903.4
903.633
903.633
903.633
903.633
903.633
903.633
903.633
903.633
904.267
904.267
904.267
904.267
904.267
904.267
904.267
904.267
904.767
904.767
904.767
904.767
904.767
904.767
904.767
904.767
905.033
905.033
905.033
905.033
905.033
905.033
905.033
905.033
905.333
905.333
905.333
905.333
905.333
905.333
905.333
905.333
905.533
905.533
905.533
905.533
905.533
905.533
905.533
905.533
906.233
906.233
906.233
906.233
906.233
906.233
906.233
906.233
906.667
906.667
906.667
906.667
906.667
906.667
906.667
906.667
906.967
906.967
906.967
906.967
906.967
906.967
906.967
906.967
907.167
907.167
907.167
907.167
907.167
907.167
907.167
907.167
907.367
907.367
907.367
907.367
907.367
907.367
907.367
907.367
907.733
907.733
907.733
907.733
907.733
907.733
907.733
907.733
908.033
908.033
908.033
908.033
908.033
908.033
908.033
908.033
908.467
908.467
908.467
908.467
908.467
908.467
908.467
908.467
908.867
908.867
908.867
908.867
908.867
908.867
908.867
908.867
909.167
909.167
909.167
909.167
909.167
909.167
909.167
909.167
909.533
909.533
909.533
909.533
909.533
909.533
909.533
909.533
909.867
909.867
909.867
909.867
909.867
909.867
909.867
909.867
910.2
910.2
910.2
910.2
910.2
910.2
910.2
910.2
910.333
910.333
910.333
910.333
910.333
910.333
910.333
910.333
910.567
910.567
910.567
910.567
910.567
910.567
910.567
910.567
910.833
910.833
910.833
910.833
910.833
910.833
910.833
910.833
911.067
911.067
911.067
911.067
911.067
911.067
911.067
911.067
911.467
911.467
911.467
911.467
911.467
911.467
911.467
911.467
911.8
911.8
911.8
911.8
911.8
911.8
911.8
911.8
912.067
912.067
912.067
912.067
912.067
912.067
912.067
912.067
912.367
912.367
912.367
912.367
912.367
912.367
912.367
912.367
912.7
912.7
912.7
912.7
912.7
912.7
912.7
912.7
913.067
913.067
913.067
913.067
913.067
913.067
913.067
913.067
913.367
913.367
913.367
913.367
913.367
913.367
913.367
913.367
913.733
913.733
913.733
913.733
913.733
913.733
913.733
913.733
914.033
914.033
914.033
914.033
914.033
914.033
914.033
914.033
914.4
914.4
914.4
914.4
914.4
914.4
914.4
914.4
914.7
914.7
914.7
914.7
914.7
914.7
914.7
914.7
915
915
915
915
915
915
915
915
915.333
915.333
915.333
915.333
915.333
915.333
915.333
915.333
915.667
915.667
915.667
915.667
915.667
915.667
915.667
915.667
915.9
915.9
915.9
915.9
915.9
915.9
915.9
915.9
916.267
916.267
916.267
916.267
916.267
916.267
916.267
916.267
916.433
916.433
916.433
916.433
916.433
916.433
916.433
916.433
916.767
916.767
916.767
916.767
916.767
916.767
916.767
916.767
916.833
916.833
916.833
916.833
916.833
916.833
916.833
916.833
917
917
917
917
917
917
917
917
917.233
917.233
917.233
917.233
917.233
917.233
917.233
917.233
917.7
917.7
917.7
917.7
917.7
917.7
917.7
917.7
917.867
917.867
917.867
917.867
917.867
917.867
917.867
917.867
918.033
918.033
918.033
918.033
918.033
918.033
918.033
918.033
918.433
918.433
918.433
918.433
918.433
918.433
918.433
918.433
918.667
918.667
918.667
918.667
918.667
918.667
918.667
918.667
918.933
918.933
918.933
918.933
918.933
918.933
918.933
918.933
919.167
919.167
919.167
919.167
919.167
919.167
919.167
919.167
919.633
919.633
919.633
919.633
919.633
919.633
919.633
919.633
919.8
919.8
919.8
919.8
919.8
919.8
919.8
919.8
920.1
920.1
920.1
920.1
920.1
920.1
920.1
920.1
920.467
920.467
920.467
920.467
920.467
920.467
920.467
920.467
920.767
920.767
920.767
920.767
920.767
920.767
920.767
920.767
921.067
921.067
921.067
921.067
921.067
921.067
921.067
921.067
921.433
921.433
921.433
921.433
921.433
921.433
921.433
921.433
921.733
921.733
921.733
921.733
921.733
921.733
921.733
921.733
922
922
922
922
922
922
922
922
922.2
922.2
922.2
922.2
922.2
922.2
922.2
922.2
922.5
922.5
922.5
922.5
922.5
922.5
922.5
922.5
922.8
922.8
922.8
922.8
922.8
922.8
922.8
922.8
923.1
923.1
923.1
923.1
923.1
923.1
923.1
923.1
923.333
923.333
923.333
923.333
923.333
923.333
923.333
923.333
923.467
923.467
923.467
923.467
923.467
923.467
923.467
923.467
923.833
923.833
923.833
923.833
923.833
923.833
923.833
923.833
924.1
924.1
924.1
924.1
924.1
924.1
924.1
924.1
924.333
924.333
924.333
924.333
924.333
924.333
924.333
924.333
924.633
924.633
924.633
924.633
924.633
924.633
924.633
924.633
924.867
924.867
924.867
924.867
924.867
924.867
924.867
924.867
925.333
925.333
925.333
925.333
925.333
925.333
925.333
925.333
925.767
925.767
925.767
925.767
925.767
925.767
925.767
925.767
925.967
925.967
925.967
925.967
925.967
925.967
925.967
925.967
926.233
926.233
926.233
926.233
926.233
926.233
926.233
926.233
926.467
926.467
926.467
926.467
926.467
926.467
926.467
926.467
926.767
926.767
926.767
926.767
926.767
926.767
926.767
926.767
926.967
926.967
926.967
926.967
926.967
926.967
926.967
926.967
927.167
927.167
927.167
927.167
927.167
927.167
927.167
927.167
927.533
927.533
927.533
927.533
927.533
927.533
927.533
927.533
927.8
927.8
927.8
927.8
927.8
927.8
927.8
927.8
928.2
928.2
928.2
928.2
928.2
928.2
928.2
928.2
928.433
928.433
928.433
928.433
928.433
928.433
928.433
928.433
928.767
928.767
928.767
928.767
928.767
928.767
928.767
928.767
928.967
928.967
928.967
928.967
928.967
928.967
928.967
928.967
929.367
929.367
929.367
929.367
929.367
929.367
929.367
929.367
929.533
929.533
929.533
929.533
929.533
929.533
929.533
929.533
929.733
929.733
929.733
929.733
929.733
929.733
929.733
929.733
929.933
929.933
929.933
929.933
929.933
929.933
929.933
929.933
930.267
930.267
930.267
930.267
930.267
930.267
930.267
930.267
930.567
930.567
930.567
930.567
930.567
930.567
930.567
930.567
930.933
930.933
930.933
930.933
930.933
930.933
930.933
930.933
931.2
931.2
931.2
931.2
931.2
931.2
931.2
931.2
931.533
931.533
931.533
931.533
931.533
931.533
931.533
931.533
931.733
931.733
931.733
931.733
931.733
931.733
931.733
931.733
931.933
931.933
931.933
931.933
931.933
931.933
931.933
931.933
932.233
932.233
932.233
932.233
932.233
932.233
932.233
932.233
932.467
932.467
932.467
932.467
932.467
932.467
932.467
932.467
932.633
932.633
932.633
932.633
932.633
932.633
932.633
932.633
932.733
932.733
932.733
932.733
932.733
932.733
932.733
932.733
932.967
932.967
932.967
932.967
932.967
932.967
932.967
932.967
933.367
933.367
933.367
933.367
933.367
933.367
933.367
933.367
933.767
933.767
933.767
933.767
933.767
933.767
933.767
933.767
933.9
933.9
933.9
933.9
933.9
933.9
933.9
933.9
934.133
934.133
934.133
934.133
934.133
934.133
934.133
934.133
934.333
934.333
934.333
934.333
934.333
934.333
934.333
934.333
934.667
934.667
934.667
934.667
934.667
934.667
934.667
934.667
934.933
934.933
934.933
934.933
934.933
934.933
934.933
934.933
935.267
935.267
935.267
935.267
935.267
935.267
935.267
935.267
935.6
935.6
935.6
935.6
935.6
935.6
935.6
935.6
935.9
935.9
935.9
935.9
935.9
935.9
935.9
935.9
936.3
936.3
936.3
936.3
936.3
936.3
936.3
936.3
936.467
936.467
936.467
936.467
936.467
936.467
936.467
936.467
936.7
936.7
936.7
936.7
936.7
936.7
936.7
936.7
936.9
936.9
936.9
936.9
936.9
936.9
936.9
936.9
937.067
937.067
937.067
937.067
937.067
937.067
937.067
937.067
937.3
937.3
937.3
937.3
937.3
937.3
937.3
937.3
937.567
937.567
937.567
937.567
937.567
937.567
937.567
937.567
937.867
937.867
937.867
937.867
937.867
937.867
937.867
937.867
938.133
938.133
938.133
938.133
938.133
938.133
938.133
938.133
938.3
938.3
938.3
938.3
938.3
938.3
938.3
938.3
938.533
938.533
938.533
938.533
938.533
938.533
938.533
938.533
938.767
938.767
938.767
938.767
938.767
938.767
938.767
938.767
939.133
939.133
939.133
939.133
939.133
939.133
939.133
939.133
939.267
939.267
939.267
939.267
939.267
939.267
939.267
939.267
939.367
939.367
939.367
939.367
939.367
939.367
939.367
939.367
939.5
939.5
939.5
939.5
939.5
939.5
939.5
939.5
939.867
939.867
939.867
939.867
939.867
939.867
939.867
939.867
939.933
939.933
939.933
939.933
939.933
939.933
939.933
939.933
940.233
940.233
940.233
940.233
940.233
940.233
940.233
940.233
940.4
940.4
940.4
940.4
940.4
940.4
940.4
940.4
940.6
940.6
940.6
940.6
940.6
940.6
940.6
940.6
940.9
940.9
940.9
940.9
940.9
940.9
940.9
940.9
941.233
941.233
941.233
941.233
941.233
941.233
941.233
941.233
941.4
941.4
941.4
941.4
941.4
941.4
941.4
941.4
941.633
941.633
941.633
941.633
941.633
941.633
941.633
941.633
941.833
941.833
941.833
941.833
941.833
941.833
941.833
941.833
942.1
942.1
942.1
942.1
942.1
942.1
942.1
942.1
942.367
942.367
942.367
942.367
942.367
942.367
942.367
942.367
942.667
942.667
942.667
942.667
942.667
942.667
942.667
942.667
942.967
942.967
942.967
942.967
942.967
942.967
942.967
942.967
943.4
943.4
943.4
943.4
943.4
943.4
943.4
943.4
943.633
943.633
943.633
943.633
943.633
943.633
943.633
943.633
943.767
943.767
943.767
943.767
943.767
943.767
943.767
943.767
943.867
943.867
943.867
943.867
943.867
943.867
943.867
943.867
944.033
944.033
944.033
944.033
944.033
944.033
944.033
944.033
944.3
944.3
944.3
944.3
944.3
944.3
944.3
944.3
944.467
944.467
944.467
944.467
944.467
944.467
944.467
944.467
944.633
944.633
944.633
944.633
944.633
944.633
944.633
944.633
944.833
944.833
944.833
944.833
944.833
944.833
944.833
944.833
944.933
944.933
944.933
944.933
944.933
944.933
944.933
944.933
945.2
945.2
945.2
945.2
945.2
945.2
945.2
945.2
945.433
945.433
945.433
945.433
945.433
945.433
945.433
945.433
945.667
945.667
945.667
945.667
945.667
945.667
945.667
945.667
945.867
945.867
945.867
945.867
945.867
945.867
945.867
945.867
946.033
946.033
946.033
946.033
946.033
946.033
946.033
946.033
946.133
946.133
946.133
946.133
946.133
946.133
946.133
946.133
946.333
946.333
946.333
946.333
946.333
946.333
946.333
946.333
946.533
946.533
946.533
946.533
946.533
946.533
946.533
946.533
946.767
946.767
946.767
946.767
946.767
946.767
946.767
946.767
946.9
946.9
946.9
946.9
946.9
946.9
946.9
946.9
947.033
947.033
947.033
947.033
947.033
947.033
947.033
947.033
947.233
947.233
947.233
947.233
947.233
947.233
947.233
947.233
947.533
947.533
947.533
947.533
947.533
947.533
947.533
947.533
947.6
947.6
947.6
947.6
947.6
947.6
947.6
947.6
947.833
947.833
947.833
947.833
947.833
947.833
947.833
947.833
948.067
948.067
948.067
948.067
948.067
948.067
948.067
948.067
948.367
948.367
948.367
948.367
948.367
948.367
948.367
948.367
948.533
948.533
948.533
948.533
948.533
948.533
948.533
948.533
948.733
948.733
948.733
948.733
948.733
948.733
948.733
948.733
949.033
949.033
949.033
949.033
949.033
949.033
949.033
949.033
949.167
949.167
949.167
949.167
949.167
949.167
949.167
949.167
949.367
949.367
949.367
949.367
949.367
949.367
949.367
949.367
949.433
949.433
949.433
949.433
949.433
949.433
949.433
949.433
949.633
949.633
949.633
949.633
949.633
949.633
949.633
949.633
949.8
949.8
949.8
949.8
949.8
949.8
949.8
949.8
950.033
950.033
950.033
950.033
950.033
950.033
950.033
950.033
950.233
950.233
950.233
950.233
950.233
950.233
950.233
950.233
950.4
950.4
950.4
950.4
950.4
950.4
950.4
950.4
950.667
950.667
950.667
950.667
950.667
950.667
950.667
950.667
950.8
950.8
950.8
950.8
950.8
950.8
950.8
950.8
950.933
950.933
950.933
950.933
950.933
950.933
950.933
950.933
951.233
951.233
951.233
951.233
951.233
951.233
951.233
951.233
951.4
951.4
951.4
951.4
951.4
951.4
951.4
951.4
951.567
951.567
951.567
951.567
951.567
951.567
951.567
951.567
951.767
951.767
951.767
951.767
951.767
951.767
951.767
951.767
951.933
951.933
951.933
951.933
951.933
951.933
951.933
951.933
952.2
952.2
952.2
952.2
952.2
952.2
952.2
952.2
952.4
952.4
952.4
952.4
952.4
952.4
952.4
952.4
952.467
952.467
952.467
952.467
952.467
952.467
952.467
952.467
952.6
952.6
952.6
952.6
952.6
952.6
952.6
952.6
952.733
952.733
952.733
952.733
952.733
952.733
952.733
952.733
952.8
952.8
952.8
952.8
952.8
952.8
952.8
952.8
953.133
953.133
953.133
953.133
953.133
953.133
953.133
953.133
953.4
953.4
953.4
953.4
953.4
953.4
953.4
953.4
953.7
953.7
953.7
953.7
953.7
953.7
953.7
953.7
953.933
953.933
953.933
953.933
953.933
953.933
953.933
953.933
954.033
954.033
954.033
954.033
954.033
954.033
954.033
954.033
954.267
954.267
954.267
954.267
954.267
954.267
954.267
954.267
954.333
954.333
954.333
954.333
954.333
954.333
954.333
954.333
954.5
954.5
954.5
954.5
954.5
954.5
954.5
954.5
954.567
954.567
954.567
954.567
954.567
954.567
954.567
954.567
954.9
954.9
954.9
954.9
954.9
954.9
954.9
954.9
955.1
955.1
955.1
955.1
955.1
955.1
955.1
955.1
955.3
955.3
955.3
955.3
955.3
955.3
955.3
955.3
955.633
955.633
955.633
955.633
955.633
955.633
955.633
955.633
955.7
955.7
955.7
955.7
955.7
955.7
955.7
955.7
955.867
955.867
955.867
955.867
955.867
955.867
955.867
955.867
955.967
955.967
955.967
955.967
955.967
955.967
955.967
955.967
956.033
956.033
956.033
956.033
956.033
956.033
956.033
956.033
956.233
956.233
956.233
956.233
956.233
956.233
956.233
956.233
956.5
956.5
956.5
956.5
956.5
956.5
956.5
956.5
956.767
956.767
956.767
956.767
956.767
956.767
956.767
956.767
956.967
956.967
956.967
956.967
956.967
956.967
956.967
956.967
957.2
957.2
957.2
957.2
957.2
957.2
957.2
957.2
957.3
957.3
957.3
957.3
957.3
957.3
957.3
957.3
957.5
957.5
957.5
957.5
957.5
957.5
957.5
957.5
957.667
957.667
957.667
957.667
957.667
957.667
957.667
957.667
957.7
957.7
957.7
957.7
957.7
957.7
957.7
957.7
957.833
957.833
957.833
957.833
957.833
957.833
957.833
957.833
958
958
958
958
958
958
958
958
958.267
958.267
958.267
958.267
958.267
958.267
958.267
958.267
958.4
958.4
958.4
958.4
958.4
958.4
958.4
958.4
958.533
958.533
958.533
958.533
958.533
958.533
958.533
958.533
958.7
958.7
958.7
958.7
958.7
958.7
958.7
958.7
958.967
958.967
958.967
958.967
958.967
958.967
958.967
958.967
959.167
959.167
959.167
959.167
959.167
959.167
959.167
959.167
959.233
959.233
959.233
959.233
959.233
959.233
959.233
959.233
959.4
959.4
959.4
959.4
959.4
959.4
959.4
959.4
959.5
959.5
959.5
959.5
959.5
959.5
959.5
959.5
959.567
959.567
959.567
959.567
959.567
959.567
959.567
959.567
959.767
959.767
959.767
959.767
959.767
959.767
959.767
959.767
959.9
959.9
959.9
959.9
959.9
959.9
959.9
959.9
960
960
960
960
960
960
960
960
960.133
960.133
960.133
960.133
960.133
960.133
960.133
960.133
960.267
960.267
960.267
960.267
960.267
960.267
960.267
960.267
960.433
960.433
960.433
960.433
960.433
960.433
960.433
960.433
960.7
960.7
960.7
960.7
960.7
960.7
960.7
960.7
960.867
960.867
960.867
960.867
960.867
960.867
960.867
960.867
961.067
961.067
961.067
961.067
961.067
961.067
961.067
961.067
961.433
961.433
961.433
961.433
961.433
961.433
961.433
961.433
961.5
961.5
961.5
961.5
961.5
961.5
961.5
961.5
961.7
961.7
961.7
961.7
961.7
961.7
961.7
961.7
961.9
961.9
961.9
961.9
961.9
961.9
961.9
961.9
961.933
961.933
961.933
961.933
961.933
961.933
961.933
961.933
962.033
962.033
962.033
962.033
962.033
962.033
962.033
962.033
962.133
962.133
962.133
962.133
962.133
962.133
962.133
962.133
962.3
962.3
962.3
962.3
962.3
962.3
962.3
962.3
962.533
962.533
962.533
962.533
962.533
962.533
962.533
962.533
962.667
962.667
962.667
962.667
962.667
962.667
962.667
962.667
962.733
962.733
962.733
962.733
962.733
962.733
962.733
962.733
962.967
962.967
962.967
962.967
962.967
962.967
962.967
962.967
963.133
963.133
963.133
963.133
963.133
963.133
963.133
963.133
963.233
963.233
963.233
963.233
963.233
963.233
963.233
963.233
963.333
963.333
963.333
963.333
963.333
963.333
963.333
963.333
963.5
963.5
963.5
963.5
963.5
963.5
963.5
963.5
963.667
963.667
963.667
963.667
963.667
963.667
963.667
963.667
963.8
963.8
963.8
963.8
963.8
963.8
963.8
963.8
963.967
963.967
963.967
963.967
963.967
963.967
963.967
963.967
964.133
964.133
964.133
964.133
964.133
964.133
964.133
964.133
964.267
964.267
964.267
964.267
964.267
964.267
964.267
964.267
964.3
964.3
964.3
964.3
964.3
964.3
964.3
964.3
964.5
964.5
964.5
964.5
964.5
964.5
964.5
964.5
964.533
964.533
964.533
964.533
964.533
964.533
964.533
964.533
964.767
964.767
964.767
964.767
964.767
964.767
964.767
964.767
964.933
964.933
964.933
964.933
964.933
964.933
964.933
964.933
965.067
965.067
965.067
965.067
965.067
965.067
965.067
965.067
965.233
965.233
965.233
965.233
965.233
965.233
965.233
965.233
965.367
965.367
965.367
965.367
965.367
965.367
965.367
965.367
965.5
965.5
965.5
965.5
965.5
965.5
965.5
965.5
965.7
965.7
965.7
965.7
965.7
965.7
965.7
965.7
965.833
965.833
965.833
965.833
965.833
965.833
965.833
965.833
966.067
966.067
966.067
966.067
966.067
966.067
966.067
966.067
966.233
966.233
966.233
966.233
966.233
966.233
966.233
966.233
966.3
966.3
966.3
966.3
966.3
966.3
966.3
966.3
966.5
966.5
966.5
966.5
966.5
966.5
966.5
966.5
966.567
966.567
966.567
966.567
966.567
966.567
966.567
966.567
966.767
966.767
966.767
966.767
966.767
966.767
966.767
966.767
966.9
966.9
966.9
966.9
966.9
966.9
966.9
966.9
967
967
967
967
967
967
967
967
967.2
967.2
967.2
967.2
967.2
967.2
967.2
967.2
967.233
967.233
967.233
967.233
967.233
967.233
967.233
967.233
967.467
967.467
967.467
967.467
967.467
967.467
967.467
967.467
967.567
967.567
967.567
967.567
967.567
967.567
967.567
967.567
967.667
967.667
967.667
967.667
967.667
967.667
967.667
967.667
967.9
967.9
967.9
967.9
967.9
967.9
967.9
967.9
968.067
968.067
968.067
968.067
968.067
968.067
968.067
968.067
968.2
968.2
968.2
968.2
968.2
968.2
968.2
968.2
968.333
968.333
968.333
968.333
968.333
968.333
968.333
968.333
968.367
968.367
968.367
968.367
968.367
968.367
968.367
968.367
968.567
968.567
968.567
968.567
968.567
968.567
968.567
968.567
968.767
968.767
968.767
968.767
968.767
968.767
968.767
968.767
968.867
968.867
968.867
968.867
968.867
968.867
968.867
968.867
969.033
969.033
969.033
969.033
969.033
969.033
969.033
969.033
969.133
969.133
969.133
969.133
969.133
969.133
969.133
969.133
969.167
969.167
969.167
969.167
969.167
969.167
969.167
969.167
969.3
969.3
969.3
969.3
969.3
969.3
969.3
969.3
969.367
969.367
969.367
969.367
969.367
969.367
969.367
969.367
969.4
969.4
969.4
969.4
969.4
969.4
969.4
969.4
969.533
969.533
969.533
969.533
969.533
969.533
969.533
969.533
969.733
969.733
969.733
969.733
969.733
969.733
969.733
969.733
969.833
969.833
969.833
969.833
969.833
969.833
969.833
969.833
969.9
969.9
969.9
969.9
969.9
969.9
969.9
969.9
970.067
970.067
970.067
970.067
970.067
970.067
970.067
970.067
970.3
970.3
970.3
970.3
970.3
970.3
970.3
970.3
970.5
970.5
970.5
970.5
970.5
970.5
970.5
970.5
970.567
970.567
970.567
970.567
970.567
970.567
970.567
970.567
970.667
970.667
970.667
970.667
970.667
970.667
970.667
970.667
970.867
970.867
970.867
970.867
970.867
970.867
970.867
970.867
971.033
971.033
971.033
971.033
971.033
971.033
971.033
971.033
971.1
971.1
971.1
971.1
971.1
971.1
971.1
971.1
971.233
971.233
971.233
971.233
971.233
971.233
971.233
971.233
971.433
971.433
971.433
971.433
971.433
971.433
971.433
971.433
971.533
971.533
971.533
971.533
971.533
971.533
971.533
971.533
971.633
971.633
971.633
971.633
971.633
971.633
971.633
971.633
971.733
971.733
971.733
971.733
971.733
971.733
971.733
971.733
971.933
971.933
971.933
971.933
971.933
971.933
971.933
971.933
972.133
972.133
972.133
972.133
972.133
972.133
972.133
972.133
972.233
972.233
972.233
972.233
972.233
972.233
972.233
972.233
972.367
972.367
972.367
972.367
972.367
972.367
972.367
972.367
972.4
972.4
972.4
972.4
972.4
972.4
972.4
972.4
972.467
972.467
972.467
972.467
972.467
972.467
972.467
972.467
972.6
972.6
972.6
972.6
972.6
972.6
972.6
972.6
972.7
972.7
972.7
972.7
972.7
972.7
972.7
972.7
972.967
972.967
972.967
972.967
972.967
972.967
972.967
972.967
973.133
973.133
973.133
973.133
973.133
973.133
973.133
973.133
973.2
973.2
973.2
973.2
973.2
973.2
973.2
973.2
973.233
973.233
973.233
973.233
973.233
973.233
973.233
973.233
973.333
973.333
973.333
973.333
973.333
973.333
973.333
973.333
973.5
973.5
973.5
973.5
973.5
973.5
973.5
973.5
973.633
973.633
973.633
973.633
973.633
973.633
973.633
973.633
973.767
973.767
973.767
973.767
973.767
973.767
973.767
973.767
974
974
974
974
974
974
974
974
974.1
974.1
974.1
974.1
974.1
974.1
974.1
974.1
974.133
974.133
974.133
974.133
974.133
974.133
974.133
974.133
974.333
974.333
974.333
974.333
974.333
974.333
974.333
974.333
974.433
974.433
974.433
974.433
974.433
974.433
974.433
974.433
974.6
974.6
974.6
974.6
974.6
974.6
974.6
974.6
974.8
974.8
974.8
974.8
974.8
974.8
974.8
974.8
974.9
974.9
974.9
974.9
974.9
974.9
974.9
974.9
975
975
975
975
975
975
975
975
975.067
975.067
975.067
975.067
975.067
975.067
975.067
975.067
975.167
975.167
975.167
975.167
975.167
975.167
975.167
975.167
975.267
975.267
975.267
975.267
975.267
975.267
975.267
975.267
975.467
975.467
975.467
975.467
975.467
975.467
975.467
975.467
975.6
975.6
975.6
975.6
975.6
975.6
975.6
975.6
975.7
975.7
975.7
975.7
975.7
975.7
975.7
975.7
975.833
975.833
975.833
975.833
975.833
975.833
975.833
975.833
975.867
975.867
975.867
975.867
975.867
975.867
975.867
975.867
975.967
975.967
975.967
975.967
975.967
975.967
975.967
975.967
976.033
976.033
976.033
976.033
976.033
976.033
976.033
976.033
976.067
976.067
976.067
976.067
976.067
976.067
976.067
976.067
976.133
976.133
976.133
976.133
976.133
976.133
976.133
976.133
976.2
976.2
976.2
976.2
976.2
976.2
976.2
976.2
976.267
976.267
976.267
976.267
976.267
976.267
976.267
976.267
976.433
976.433
976.433
976.433
976.433
976.433
976.433
976.433
976.5
976.5
976.5
976.5
976.5
976.5
976.5
976.5
976.533
976.533
976.533
976.533
976.533
976.533
976.533
976.533
976.633
976.633
976.633
976.633
976.633
976.633
976.633
976.633
976.733
976.733
976.733
976.733
976.733
976.733
976.733
976.733
976.8
976.8
976.8
976.8
976.8
976.8
976.8
976.8
976.9
976.9
976.9
976.9
976.9
976.9
976.9
976.9
977.1
977.1
977.1
977.1
977.1
977.1
977.1
977.1
977.233
977.233
977.233
977.233
977.233
977.233
977.233
977.233
977.267
977.267
977.267
977.267
977.267
977.267
977.267
977.267
977.433
977.433
977.433
977.433
977.433
977.433
977.433
977.433
977.533
977.533
977.533
977.533
977.533
977.533
977.533
977.533
977.7
977.7
977.7
977.7
977.7
977.7
977.7
977.7
977.7
977.7
977.7
977.7
977.7
977.7
977.7
977.7
977.8
977.8
977.8
977.8
977.8
977.8
977.8
977.8
977.833
977.833
977.833
977.833
977.833
977.833
977.833
977.833
977.9
977.9
977.9
977.9
977.9
977.9
977.9
977.9
977.967
977.967
977.967
977.967
977.967
977.967
977.967
977.967
978.033
978.033
978.033
978.033
978.033
978.033
978.033
978.033
978.133
978.133
978.133
978.133
978.133
978.133
978.133
978.133
978.2
978.2
978.2
978.2
978.2
978.2
978.2
978.2
978.233
978.233
978.233
978.233
978.233
978.233
978.233
978.233
978.333
978.333
978.333
978.333
978.333
978.333
978.333
978.333
978.433
978.433
978.433
978.433
978.433
978.433
978.433
978.433
978.567
978.567
978.567
978.567
978.567
978.567
978.567
978.567
978.7
978.7
978.7
978.7
978.7
978.7
978.7
978.7
978.733
978.733
978.733
978.733
978.733
978.733
978.733
978.733
978.933
978.933
978.933
978.933
978.933
978.933
978.933
978.933
979.033
979.033
979.033
979.033
979.033
979.033
979.033
979.033
979.1
979.1
979.1
979.1
979.1
979.1
979.1
979.1
979.3
979.3
979.3
979.3
979.3
979.3
979.3
979.3
979.367
979.367
979.367
979.367
979.367
979.367
979.367
979.367
979.367
979.367
979.367
979.367
979.367
979.367
979.367
979.367
979.533
979.533
979.533
979.533
979.533
979.533
979.533
979.533
979.667
979.667
979.667
979.667
979.667
979.667
979.667
979.667
979.7
979.7
979.7
979.7
979.7
979.7
979.7
979.7
979.767
979.767
979.767
979.767
979.767
979.767
979.767
979.767
979.933
979.933
979.933
979.933
979.933
979.933
979.933
979.933
980.033
980.033
980.033
980.033
980.033
980.033
980.033
980.033
980.133
980.133
980.133
980.133
980.133
980.133
980.133
980.133
980.267
980.267
980.267
980.267
980.267
980.267
980.267
980.267
980.433
980.433
980.433
980.433
980.433
980.433
980.433
980.433
980.5
980.5
980.5
980.5
980.5
980.5
980.5
980.5
980.567
980.567
980.567
980.567
980.567
980.567
980.567
980.567
980.6
980.6
980.6
980.6
980.6
980.6
980.6
980.6
980.767
980.767
980.767
980.767
980.767
980.767
980.767
980.767
980.9
980.9
980.9
980.9
980.9
980.9
980.9
980.9
981.033
981.033
981.033
981.033
981.033
981.033
981.033
981.033
981.167
981.167
981.167
981.167
981.167
981.167
981.167
981.167
981.233
981.233
981.233
981.233
981.233
981.233
981.233
981.233
981.367
981.367
981.367
981.367
981.367
981.367
981.367
981.367
981.367
981.367
981.367
981.367
981.367
981.367
981.367
981.367
981.433
981.433
981.433
981.433
981.433
981.433
981.433
981.433
981.433
981.433
981.433
981.433
981.433
981.433
981.433
981.433
981.433
981.433
981.433
981.433
981.433
981.433
981.433
981.433
981.5
981.5
981.5
981.5
981.5
981.5
981.5
981.5
981.567
981.567
981.567
981.567
981.567
981.567
981.567
981.567
981.7
981.7
981.7
981.7
981.7
981.7
981.7
981.7
981.733
981.733
981.733
981.733
981.733
981.733
981.733
981.733
981.8
981.8
981.8
981.8
981.8
981.8
981.8
981.8
981.867
981.867
981.867
981.867
981.867
981.867
981.867
981.867
981.9
981.9
981.9
981.9
981.9
981.9
981.9
981.9
981.967
981.967
981.967
981.967
981.967
981.967
981.967
981.967
981.967
981.967
981.967
981.967
981.967
981.967
981.967
981.967
982
982
982
982
982
982
982
982
982.067
982.067
982.067
982.067
982.067
982.067
982.067
982.067
982.067
982.067
982.067
982.067
982.067
982.067
982.067
982.067
982.167
982.167
982.167
982.167
982.167
982.167
982.167
982.167
982.267
982.267
982.267
982.267
982.267
982.267
982.267
982.267
982.433
982.433
982.433
982.433
982.433
982.433
982.433
982.433
982.433
982.433
982.433
982.433
982.433
982.433
982.433
982.433
982.5
982.5
982.5
982.5
982.5
982.5
982.5
982.5
982.6
982.6
982.6
982.6
982.6
982.6
982.6
982.6
982.733
982.733
982.733
982.733
982.733
982.733
982.733
982.733
982.833
982.833
982.833
982.833
982.833
982.833
982.833
982.833
982.967
982.967
982.967
982.967
982.967
982.967
982.967
982.967
983.1
983.1
983.1
983.1
983.1
983.1
983.1
983.1
983.2
983.2
983.2
983.2
983.2
983.2
983.2
983.2
983.333
983.333
983.333
983.333
983.333
983.333
983.333
983.333
983.4
983.4
983.4
983.4
983.4
983.4
983.4
983.4
983.4
983.4
983.4
983.4
983.4
983.4
983.4
983.4
983.5
983.5
983.5
983.5
983.5
983.5
983.5
983.5
983.633
983.633
983.633
983.633
983.633
983.633
983.633
983.633
983.733
983.733
983.733
983.733
983.733
983.733
983.733
983.733
983.833
983.833
983.833
983.833
983.833
983.833
983.833
983.833
983.933
983.933
983.933
983.933
983.933
983.933
983.933
983.933
983.967
983.967
983.967
983.967
983.967
983.967
983.967
983.967
984.033
984.033
984.033
984.033
984.033
984.033
984.033
984.033
984.167
984.167
984.167
984.167
984.167
984.167
984.167
984.167
984.267
984.267
984.267
984.267
984.267
984.267
984.267
984.267
984.333
984.333
984.333
984.333
984.333
984.333
984.333
984.333
984.333
984.333
984.333
984.333
984.333
984.333
984.333
984.333
984.433
984.433
984.433
984.433
984.433
984.433
984.433
984.433
984.533
984.533
984.533
984.533
984.533
984.533
984.533
984.533
984.6
984.6
984.6
984.6
984.6
984.6
984.6
984.6
984.667
984.667
984.667
984.667
984.667
984.667
984.667
984.667
984.733
984.733
984.733
984.733
984.733
984.733
984.733
984.733
984.767
984.767
984.767
984.767
984.767
984.767
984.767
984.767
984.867
984.867
984.867
984.867
984.867
984.867
984.867
984.867
984.967
984.967
984.967
984.967
984.967
984.967
984.967
984.967
985
985
985
985
985
985
985
985
985.033
985.033
985.033
985.033
985.033
985.033
985.033
Run 30, std dev: 2.58822
