0
9.23333
9.23333
9.23333
9.23333
9.23333
9.23333
9.23333
9.23333
267.767
267.767
267.767
267.767
269.867
269.867
269.867
269.867
271.3
271.3
271.3
271.3
272.033
272.033
272.033
272.033
273.1
273.1
273.1
273.1
273.933
273.933
273.933
273.933
274.733
274.733
274.733
274.733
276
276
276
276
276.7
276.7
276.7
276.7
277.7
277.7
277.7
277.7
278.567
278.567
278.567
278.567
279.4
279.4
279.4
279.4
279.867
279.867
279.867
279.867
280.533
280.533
280.533
280.533
281.3
281.3
281.3
281.3
282.167
282.167
282.167
282.167
283.167
283.167
283.167
283.167
284
284
284
284
284.967
284.967
284.967
284.967
285.833
285.833
285.833
285.833
286.667
286.667
286.667
286.667
287.733
287.733
287.733
287.733
288.433
288.433
288.433
288.433
289.433
289.433
289.433
289.433
290.333
290.333
290.333
290.333
291
291
291
291
291.933
291.933
291.933
291.933
292.8
292.8
292.8
292.8
293.733
293.733
293.733
293.733
294.6
294.6
294.6
294.6
295.4
295.4
295.4
295.4
296.2
296.2
296.2
296.2
297.1
297.1
297.1
297.1
297.733
297.733
297.733
297.733
298.4
298.4
298.4
298.4
299.467
299.467
299.467
299.467
300.267
300.267
300.267
300.267
301.033
301.033
301.033
301.033
301.9
301.9
301.9
301.9
302.667
302.667
302.667
302.667
303.6
303.6
303.6
303.6
304.2
304.2
304.2
304.2
304.867
304.867
304.867
304.867
305.767
305.767
305.767
305.767
306.467
306.467
306.467
306.467
307.3
307.3
307.3
307.3
308.067
308.067
308.067
308.067
308.8
308.8
308.8
308.8
309.4
309.4
309.4
309.4
310.1
310.1
310.1
310.1
310.867
310.867
310.867
310.867
311.567
311.567
311.567
311.567
312.333
312.333
312.333
312.333
313.1
313.1
313.1
313.1
313.9
313.9
313.9
313.9
314.533
314.533
314.533
314.533
315.167
315.167
315.167
315.167
316
316
316
316
316.667
316.667
316.667
316.667
317.267
317.267
317.267
317.267
317.967
317.967
317.967
317.967
318.733
318.733
318.733
318.733
319.367
319.367
319.367
319.367
320.033
320.033
320.033
320.033
320.7
320.7
320.7
320.7
321.367
321.367
321.367
321.367
322.133
322.133
322.133
322.133
322.733
322.733
322.733
322.733
323.3
323.3
323.3
323.3
324
324
324
324
324.8
324.8
324.8
324.8
325.5
325.5
325.5
325.5
326.133
326.133
326.133
326.133
326.967
326.967
326.967
326.967
327.7
327.7
327.7
327.7
328.167
328.167
328.167
328.167
328.933
328.933
328.933
328.933
329.433
329.433
329.433
329.433
330.267
330.267
330.267
330.267
330.8
330.8
330.8
330.8
331.533
331.533
331.533
331.533
332.1
332.1
332.1
332.1
332.933
332.933
332.933
332.933
333.467
333.467
333.467
333.467
334.2
334.2
334.2
334.2
334.867
334.867
334.867
334.867
335.3
335.3
335.3
335.3
335.967
335.967
335.967
335.967
336.5
336.5
336.5
336.5
337.167
337.167
337.167
337.167
337.7
337.7
337.7
337.7
338.533
338.533
338.533
338.533
339.3
339.3
339.3
339.3
339.733
339.733
339.733
339.733
340.5
340.5
340.5
340.5
341.167
341.167
341.167
341.167
341.767
341.767
341.767
341.767
342.533
342.533
342.533
342.533
343.1
343.1
343.1
343.1
343.7
343.7
343.7
343.7
344.367
344.367
344.367
344.367
345
345
345
345
345.6
345.6
345.6
345.6
346.3
346.3
346.3
346.3
346.967
346.967
346.967
346.967
347.633
347.633
347.633
347.633
348.167
348.167
348.167
348.167
348.867
348.867
348.867
348.867
349.467
349.467
349.467
349.467
350.133
350.133
350.133
350.133
351
351
351
351
351.667
351.667
351.667
351.667
352.167
352.167
352.167
352.167
352.833
352.833
352.833
352.833
353.433
353.433
353.433
353.433
353.867
353.867
353.867
353.867
354.467
354.467
354.467
354.467
355.167
355.167
355.167
355.167
355.733
355.733
355.733
355.733
356.267
356.267
356.267
356.267
357
357
357
357
357.767
357.767
357.767
357.767
358.167
358.167
358.167
358.167
358.8
358.8
358.8
358.8
359.267
359.267
359.267
359.267
359.9
359.9
359.9
359.9
360.5
360.5
360.5
360.5
361.133
361.133
361.133
361.133
361.567
361.567
361.567
361.567
362.133
362.133
362.133
362.133
362.9
362.9
362.9
362.9
363.533
363.533
363.533
363.533
364.2
364.2
364.2
364.2
364.767
364.767
364.767
364.767
365.167
365.167
365.167
365.167
365.7
365.7
365.7
365.7
366.333
366.333
366.333
366.333
366.933
366.933
366.933
366.933
367.5
367.5
367.5
367.5
368.3
368.3
368.3
368.3
368.733
368.733
368.733
368.733
369.433
369.433
369.433
369.433
370.033
370.033
370.033
370.033
370.567
370.567
370.567
370.567
371.067
371.067
371.067
371.067
371.567
371.567
371.567
371.567
372.067
372.067
372.067
372.067
372.633
372.633
372.633
372.633
373.133
373.133
373.133
373.133
373.633
373.633
373.633
373.633
374.333
374.333
374.333
374.333
375.133
375.133
375.133
375.133
375.733
375.733
375.733
375.733
376.133
376.133
376.133
376.133
376.567
376.567
376.567
376.567
377.367
377.367
377.367
377.367
377.833
377.833
377.833
377.833
378.333
378.333
378.333
378.333
378.933
378.933
378.933
378.933
379.3
379.3
379.3
379.3
379.667
379.667
379.667
379.667
380.067
380.067
380.067
380.067
380.467
380.467
380.467
380.467
380.967
380.967
380.967
380.967
381.4
381.4
381.4
381.4
381.9
381.9
381.9
381.9
382.533
382.533
382.533
382.533
383
383
383
383
383.533
383.533
383.533
383.533
384.133
384.133
384.133
384.133
384.6
384.6
384.6
384.6
385
385
385
385
385.467
385.467
385.467
385.467
386.067
386.067
386.067
386.067
386.433
386.433
386.433
386.433
386.8
386.8
386.8
386.8
387.4
387.4
387.4
387.4
387.733
387.733
387.733
387.733
388.467
388.467
388.467
388.467
388.833
388.833
388.833
388.833
389.3
389.3
389.3
389.3
389.7
389.7
389.7
389.7
390
390
390
390
390.567
390.567
390.567
390.567
390.933
390.933
390.933
390.933
391.433
391.433
391.433
391.433
391.867
391.867
391.867
391.867
392.467
392.467
392.467
392.467
393
393
393
393
393.5
393.5
393.5
393.5
393.967
393.967
393.967
393.967
394.4
394.4
394.4
394.4
394.9
394.9
394.9
394.9
395.433
395.433
395.433
395.433
396
396
396
396
396.333
396.333
396.333
396.333
396.7
396.7
396.7
396.7
397.1
397.1
397.1
397.1
397.567
397.567
397.567
397.567
397.967
397.967
397.967
397.967
398.533
398.533
398.533
398.533
398.967
398.967
398.967
398.967
399.4
399.4
399.4
399.4
399.667
399.667
399.667
399.667
400.167
400.167
400.167
400.167
400.733
400.733
400.733
400.733
401.167
401.167
401.167
401.167
401.567
401.567
401.567
401.567
401.9
401.9
401.9
401.9
402.5
402.5
402.5
402.5
403.067
403.067
403.067
403.067
403.533
403.533
403.533
403.533
404.033
404.033
404.033
404.033
404.367
404.367
404.367
404.367
404.633
404.633
404.633
404.633
405.167
405.167
405.167
405.167
405.5
405.5
405.5
405.5
406
406
406
406
406.367
406.367
406.367
406.367
406.533
406.533
406.533
406.533
407.033
407.033
407.033
407.033
407.467
407.467
407.467
407.467
407.833
407.833
407.833
407.833
408.433
408.433
408.433
408.433
408.7
408.7
408.7
408.7
409.067
409.067
409.067
409.067
409.367
409.367
409.367
409.367
410
410
410
410
410.467
410.467
410.467
410.467
410.9
410.9
410.9
410.9
411.367
411.367
411.367
411.367
411.933
411.933
411.933
411.933
412.133
412.133
412.133
412.133
412.5
412.5
412.5
412.5
412.867
412.867
412.867
412.867
413.167
413.167
413.167
413.167
413.467
413.467
413.467
413.467
413.833
413.833
413.833
413.833
414.4
414.4
414.4
414.4
414.767
414.767
414.767
414.767
415.3
415.3
415.3
415.3
415.767
415.767
415.767
415.767
416.133
416.133
416.133
416.133
416.4
416.4
416.4
416.4
417
417
417
417
417.367
417.367
417.367
417.367
417.867
417.867
417.867
417.867
418.167
418.167
418.167
