0.266667
0.266667
0.266667
0.266667
0.266667
0.266667
0.266667
0.266667
0.266667
0.266667
0.266667
0.266667
0.266667
7.83333
7.83333
7.83333
7.83333
7.83333
7.83333
7.83333
7.83333
8.06667
8.06667
8.06667
8.06667
8.06667
8.06667
8.06667
8.06667
8.43333
8.43333
8.43333
8.43333
8.43333
8.43333
8.43333
8.43333
8.76667
8.76667
8.76667
8.76667
8.76667
8.76667
8.76667
8.76667
8.93333
8.93333
8.93333
8.93333
8.93333
8.93333
8.93333
8.93333
9.03333
9.03333
9.03333
9.03333
9.03333
9.03333
9.03333
9.03333
9.13333
9.13333
9.13333
9.13333
9.13333
9.13333
9.13333
9.13333
9.33333
9.33333
9.33333
9.33333
9.33333
9.33333
9.33333
9.33333
9.4
9.4
9.4
9.4
9.4
9.4
9.4
Run 30, std dev: 0.61101
