8.4
8.4
8.4
8.4
8.4
8.4
8.4
8.4
8.4
268.167
268.167
268.167
268.167
268.567
268.567
268.567
268.567
269.133
269.133
269.133
269.133
269.967
269.967
269.967
269.967
270.933
270.933
270.933
270.933
272
272
272
272
272.967
272.967
272.967
272.967
273.767
273.767
273.767
273.767
274.533
274.533
274.533
274.533
275.3
275.3
275.3
275.3
276.233
276.233
276.233
276.233
277
277
277
277
277.633
277.633
277.633
277.633
278.3
278.3
278.3
278.3
279.067
279.067
279.067
279.067
279.7
279.7
279.7
279.7
280.5
280.5
280.5
280.5
281.3
281.3
281.3
281.3
282.1
282.1
282.1
282.1
282.967
282.967
282.967
282.967
283.767
283.767
283.767
283.767
284.633
284.633
284.633
284.633
285.4
285.4
285.4
285.4
286.067
286.067
286.067
286.067
286.833
286.833
286.833
286.833
287.733
287.733
287.733
287.733
288.567
288.567
288.567
288.567
289.267
289.267
289.267
289.267
290.067
290.067
290.067
290.067
290.967
290.967
290.967
290.967
291.8
291.8
291.8
291.8
292.5
292.5
292.5
292.5
293.3
293.3
293.3
293.3
293.967
293.967
293.967
293.967
294.933
294.933
294.933
294.933
295.567
295.567
295.567
295.567
296.3
296.3
296.3
296.3
296.933
296.933
296.933
296.933
297.5
297.5
297.5
297.5
298.367
298.367
298.367
298.367
299.033
299.033
299.033
299.033
299.833
299.833
299.833
299.833
300.867
300.867
300.867
300.867
301.7
301.7
301.7
301.7
302.433
302.433
302.433
302.433
303.3
303.3
303.3
303.3
304.133
304.133
304.133
304.133
304.967
304.967
304.967
304.967
305.633
305.633
305.633
305.633
306.5
306.5
306.5
306.5
307.3
307.3
307.3
307.3
308.167
308.167
308.167
308.167
308.867
308.867
308.867
308.867
309.5
309.5
309.5
309.5
310.467
310.467
310.467
310.467
311.2
311.2
311.2
311.2
311.9
311.9
311.9
311.9
312.567
312.567
312.567
312.567
313.167
313.167
313.167
313.167
313.8
313.8
313.8
313.8
314.533
314.533
314.533
314.533
315.033
315.033
315.033
315.033
315.867
315.867
315.867
315.867
316.633
316.633
316.633
316.633
317.533
317.533
317.533
317.533
318.233
318.233
318.233
318.233
319.1
319.1
319.1
319.1
320
320
320
320
320.833
320.833
320.833
320.833
321.6
321.6
321.6
321.6
322.167
322.167
322.167
322.167
323
323
323
323
323.867
323.867
323.867
323.867
324.333
324.333
324.333
324.333
325.067
325.067
325.067
325.067
325.833
325.833
325.833
325.833
326.533
326.533
326.533
326.533
327.167
327.167
327.167
327.167
327.9
327.9
327.9
327.9
328.767
328.767
328.767
328.767
329.4
329.4
329.4
329.4
330.1
330.1
330.1
330.1
330.767
330.767
330.767
330.767
331.633
331.633
331.633
331.633
332.333
332.333
332.333
332.333
333.2
333.2
333.2
333.2
334
334
334
334
334.833
334.833
334.833
334.833
335.467
335.467
335.467
335.467
336
336
336
336
336.667
336.667
336.667
336.667
337.333
337.333
337.333
337.333
338.067
338.067
338.067
338.067
338.867
338.867
338.867
338.867
339.467
339.467
339.467
339.467
340.1
340.1
340.1
340.1
340.7
340.7
340.7
340.7
341.267
341.267
341.267
341.267
341.7
341.7
341.7
341.7
342.367
342.367
342.367
342.367
342.967
342.967
342.967
342.967
343.567
343.567
343.567
343.567
344.267
344.267
344.267
344.267
344.9
344.9
344.9
344.9
345.333
345.333
345.333
345.333
346.067
346.067
346.067
346.067
346.733
346.733
346.733
346.733
347.267
347.267
347.267
347.267
347.933
347.933
347.933
347.933
348.5
348.5
348.5
348.5
349.1
349.1
349.1
349.1
349.8
349.8
349.8
349.8
350.233
350.233
350.233
350.233
350.767
350.767
350.767
350.767
351.4
351.4
351.4
351.4
352.067
352.067
352.067
352.067
352.633
352.633
352.633
352.633
353.5
353.5
353.5
353.5
354
354
354
354
354.767
354.767
354.767
354.767
355.333
355.333
355.333
355.333
355.8
355.8
355.8
355.8
356.367
356.367
356.367
356.367
357.067
357.067
357.067
357.067
357.767
357.767
357.767
357.767
358.2
358.2
358.2
358.2
358.533
358.533
358.533
358.533
359.067
359.067
359.067
359.067
359.733
359.733
359.733
359.733
360.433
360.433
360.433
360.433
361
361
361
361
361.767
361.767
361.767
361.767
362.3
362.3
362.3
362.3
362.733
362.733
362.733
362.733
363.2
363.2
363.2
363.2
363.833
363.833
363.833
363.833
364.467
364.467
364.467
364.467
364.967
364.967
364.967
364.967
365.633
365.633
365.633
365.633
366.133
366.133
366.133
366.133
366.7
366.7
366.7
366.7
367.267
367.267
367.267
367.267
367.8
367.8
367.8
367.8
368.267
368.267
368.267
368.267
368.767
368.767
368.767
368.767
369.367
369.367
369.367
369.367
370
370
370
370
370.5
370.5
370.5
370.5
371.167
371.167
371.167
371.167
371.733
371.733
371.733
371.733
372.267
372.267
372.267
372.267
372.633
372.633
372.633
372.633
373.133
373.133
373.133
373.133
373.667
373.667
373.667
373.667
374.133
374.133
374.133
374.133
374.733
374.733
374.733
374.733
375.2
375.2
375.2
375.2
375.733
375.733
375.733
375.733
376.233
376.233
376.233
376.233
376.7
376.7
376.7
376.7
377.233
377.233
377.233
377.233
377.867
377.867
377.867
377.867
378.3
378.3
378.3
378.3
378.733
378.733
378.733
378.733
379.233
379.233
379.233
379.233
379.7
379.7
379.7
379.7
380.233
380.233
380.233
380.233
380.767
380.767
380.767
380.767
381.2
381.2
381.2
381.2
381.8
381.8
381.8
381.8
382.433
382.433
382.433
382.433
382.833
382.833
382.833
382.833
383.233
383.233
383.233
383.233
383.667
383.667
383.667
383.667
384.2
384.2
384.2
384.2
384.733
384.733
384.733
384.733
385.233
385.233
385.233
385.233
385.8
385.8
385.8
385.8
386.1
386.1
386.1
386.1
386.5
386.5
386.5
386.5
386.767
386.767
386.767
386.767
387.167
387.167
387.167
387.167
387.767
387.767
387.767
387.767
388.233
388.233
388.233
388.233
388.633
388.633
388.633
388.633
389.133
389.133
389.133
389.133
389.533
389.533
389.533
389.533
390.033
390.033
390.033
390.033
390.4
390.4
390.4
390.4
390.967
390.967
390.967
390.967
391.5
391.5
391.5
391.5
391.933
391.933
391.933
391.933
392.4
392.4
392.4
392.4
392.967
392.967
392.967
392.967
393.367
393.367
393.367
393.367
393.833
393.833
393.833
393.833
394.367
394.367
394.367
394.367
394.833
394.833
394.833
394.833
395.333
395.333
395.333
395.333
395.867
395.867
395.867
395.867
396.433
396.433
396.433
396.433
396.833
396.833
396.833
396.833
397.4
397.4
397.4
397.4
397.833
397.833
397.833
397.833
398.267
398.267
398.267
398.267
398.933
398.933
398.933
398.933
399.333
399.333
399.333
399.333
399.8
399.8
399.8
399.8
400.067
400.067
400.067
400.067
400.533
400.533
400.533
400.533
400.967
400.967
400.967
400.967
401.4
401.4
401.4
401.4
401.733
401.733
401.733
401.733
402
402
402
402
402.567
402.567
402.567
402.567
403
403
403
403
403.4
403.4
403.4
403.4
403.667
403.667
403.667
403.667
404.167
404.167
404.167
404.167
404.667
404.667
404.667
404.667
405.1
405.1
405.1
405.1
405.4
405.4
405.4
405.4
405.967
405.967
405.967
405.967
406.3
406.3
406.3
406.3
406.667
406.667
406.667
406.667
407.133
407.133
407.133
407.133
407.367
407.367
407.367
407.367
407.667
407.667
407.667
407.667
408.233
408.233
408.233
408.233
408.733
408.733
408.733
408.733
409.233
409.233
409.233
409.233
409.567
409.567
409.567
409.567
409.933
409.933
409.933
409.933
410.367
410.367
410.367
410.367
410.9
410.9
410.9
410.9
411.233
411.233
411.233
411.233
411.567
411.567
411.567
411.567
412.067
412.067
412.067
412.067
412.6
412.6
412.6
412.6
413
413
413
413
413.433
413.433
413.433
413.433
413.833
413.833
413.833
413.833
414.167
414.167
414.167
414.167
414.733
414.733
414.733
414.733
415.3
415.3
415.3
415.3
415.6
415.6
415.6
415.6
416.133
416.133
416.133
416.133
416.367
416.367
416.367
416.367
416.7
416.7
416.7
416.7
416.8
416.8
416.8
416.8
417.1
417.1
417.1
417.1
417.3
417.3
417.3
417.3
417.533
417.533
417.533
417.533
417.933
417.933
417.933
417.933
418.3
418.3
418.3
418.3
418.833
418.833
418.833
418.833
419.067
419.067
419.067
419.067
419.267
419.267
419.267
419.267
419.533
419.533
419.533
419.533
419.867
419.867
419.867
419.867
420.2
420.2
420.2
420.2
420.6
420.6
420.6
420.6
421
421
421
421
421.267
421.267
421.267
421.267
421.6
421.6
421.6
421.6
422.067
422.067
422.067
422.067
422.367
422.367
422.367
422.367
422.667
422.667
422.667
422.667
423.1
423.1
423.1
423.1
423.633
423.633
423.633
423.633
424.033
424.033
424.033
424.033
424.233
424.233
424.233
424.233
424.7
424.7
424.7
424.7
425.033
425.033
425.033
425.033
425.3
425.3
425.3
425.3
425.733
425.733
425.733
425.733
426.067
426.067
426.067
426.067
426.467
426.467
426.467
426.467
427.067
427.067
427.067
427.067
427.467
427.467
427.467
427.467
427.8
427.8
427.8
427.8
428.133
428.133
428.133
428.133
428.367
428.367
428.367
428.367
428.6
428.6
428.6
428.6
428.967
428.967
428.967
428.967
429.333
429.333
429.333
429.333
429.567
429.567
429.567
429.567
429.867
429.867
429.867
429.867
430.367
430.367
430.367
430.367
430.667
430.667
430.667
430.667
431
431
431
431
431.367
431.367
431.367
431.367
431.7
431.7
431.7
431.7
432.067
432.067
432.067
432.067
432.367
432.367
432.367
432.367
432.6
432.6
432.6
432.6
433.1
433.1
433.1
433.1
433.5
433.5
433.5
433.5
433.8
433.8
433.8
433.8
433.967
433.967
433.967
433.967
434.3
434.3
434.3
434.3
434.467
434.467
434.467
434.467
434.8
434.8
434.8
434.8
434.967
434.967
434.967
434.967
435.367
435.367
435.367
435.367
435.533
435.533
435.533
435.533
436
436
436
436
436.267
436.267
436.267
436.267
436.567
436.567
436.567
436.567
436.7
436.7
436.7
436.7
436.9
436.9
436.9
436.9
437.2
437.2
437.2
437.2
437.533
437.533
437.533
437.533
437.733
437.733
437.733
437.733
437.867
437.867
437.867
437.867
438.167
438.167
438.167
438.167
438.533
438.533
438.533
438.533
439
439
439
439
439.2
439.2
439.2
439.2
439.433
439.433
439.433
439.433
439.7
439.7
439.7
439.7
440.067
440.067
440.067
440.067
440.233
440.233
440.233
440.233
440.533
440.533
440.533
440.533
440.833
440.833
440.833
440.833
441
441
441
441
441.3
441.3
441.3
441.3
441.6
441.6
441.6
441.6
441.967
441.967
441.967
441.967
442.2
442.2
442.2
442.2
442.4
442.4
442.4
442.4
442.7
442.7
442.7
442.7
442.933
442.933
442.933
442.933
443.133
443.133
443.133
443.133
443.4
443.4
443.4
443.4
443.567
443.567
443.567
443.567
444.067
444.067
444.067
444.067
444.3
444.3
444.3
444.3
444.533
444.533
444.533
444.533
444.9
444.9
444.9
444.9
445.233
445.233
445.233
445.233
445.667
445.667
445.667
445.667
445.867
445.867
445.867
445.867
446.133
446.133
446.133
446.133
446.433
446.433
446.433
446.433
446.833
446.833
446.833
446.833
447.167
447.167
447.167
447.167
447.467
447.467
447.467
447.467
447.7
447.7
447.7
447.7
447.9
447.9
447.9
447.9
448.067
448.067
448.067
448.067
448.167
448.167
448.167
448.167
448.5
448.5
448.5
448.5
448.733
448.733
448.733
448.733
449
449
449
449
449.233
449.233
449.233
449.233
449.467
449.467
449.467
449.467
449.667
449.667
449.667
449.667
450.1
450.1
450.1
450.1
450.3
450.3
450.3
450.3
450.5
450.5
450.5
450.5
450.633
450.633
450.633
450.633
450.733
450.733
450.733
450.733
451.1
451.1
451.1
451.1
451.467
451.467
451.467
451.467
451.767
451.767
451.767
451.767
452.1
452.1
452.1
452.1
452.3
452.3
452.3
452.3
452.533
452.533
452.533
452.533
452.7
452.7
452.7
452.7
453.067
453.067
453.067
453.067
453.333
453.333
453.333
453.333
453.567
453.567
453.567
453.567
453.733
453.733
453.733
453.733
453.833
453.833
453.833
453.833
454.2
454.2
454.2
454.2
454.4
454.4
454.4
454.4
454.567
454.567
454.567
454.567
454.767
454.767
454.767
454.767
454.967
454.967
454.967
454.967
455.267
455.267
455.267
455.267
455.433
455.433
455.433
455.433
455.633
455.633
455.633
455.633
455.833
455.833
455.833
455.833
456.067
456.067
456.067
456.067
456.333
456.333
456.333
456.333
456.667
456.667
456.667
456.667
456.9
456.9
456.9
456.9
457.233
457.233
457.233
457.233
457.433
457.433
457.433
457.433
457.633
457.633
457.633
457.633
457.733
457.733
457.733
457.733
458
458
458
458
458.167
458.167
458.167
458.167
458.4
458.4
458.4
458.4
458.6
458.6
458.6
458.6
458.833
458.833
458.833
458.833
458.967
458.967
458.967
458.967
459.233
459.233
459.233
459.233
459.433
459.433
459.433
459.433
459.567
459.567
459.567
459.567
459.733
459.733
459.733
459.733
459.933
459.933
459.933
459.933
460.133
460.133
460.133
460.133
460.433
460.433
460.433
460.433
460.6
460.6
460.6
460.6
460.833
460.833
460.833
460.833
461.133
461.133
461.133
461.133
461.367
461.367
461.367
461.367
461.667
461.667
461.667
461.667
461.867
461.867
461.867
461.867
462.033
462.033
462.033
462.033
462.167
462.167
462.167
462.167
462.3
462.3
462.3
462.3
462.4
462.4
462.4
462.4
462.567
462.567
462.567
462.567
462.733
462.733
462.733
462.733
462.833
462.833
462.833
462.833
462.967
462.967
462.967
462.967
463.267
463.267
463.267
463.267
463.5
463.5
463.5
463.5
463.667
463.667
463.667
463.667
463.833
463.833
463.833
463.833
464
464
464
464
464.1
464.1
464.1
464.1
464.233
464.233
464.233
464.233
464.433
464.433
464.433
464.433
464.633
464.633
464.633
464.633
464.833
464.833
464.833
464.833
464.967
464.967
464.967
464.967
465.1
465.1
465.1
465.1
465.267
465.267
465.267
465.267
465.467
465.467
465.467
465.467
465.667
465.667
465.667
465.667
465.9
465.9
465.9
465.9
466.067
466.067
466.067
466.067
466.167
466.167
466.167
466.167
466.267
466.267
466.267
466.267
466.5
466.5
466.5
466.5
466.633
466.633
466.633
466.633
466.767
466.767
466.767
466.767
466.9
466.9
466.9
466.9
466.967
466.967
466.967
466.967
467.067
467.067
467.067
467.067
467.233
467.233
467.233
467.233
467.467
467.467
467.467
467.467
467.5
467.5
467.5
467.5
467.667
467.667
467.667
467.667
467.767
467.767
467.767
467.767
468
468
468
468
468.2
468.2
468.2
468.2
468.367
468.367
468.367
468.367
468.667
468.667
468.667
468.667
468.733
468.733
468.733
468.733
469
469
469
469
469.167
469.167
469.167
469.167
469.233
469.233
469.233
469.233
469.433
469.433
469.433
469.433
469.667
469.667
469.667
469.667
469.767
469.767
469.767
469.767
469.8
469.8
469.8
469.8
470
470
470
470
470.067
470.067
470.067
470.067
470.3
470.3
470.3
470.3
470.433
470.433
470.433
470.433
470.567
470.567
470.567
470.567
470.733
470.733
470.733
470.733
470.9
470.9
470.9
470.9
471.033
471.033
471.033
471.033
471.133
471.133
471.133
471.133
471.4
471.4
471.4
471.4
471.533
471.533
471.533
471.533
471.733
471.733
471.733
471.733
471.933
471.933
471.933
471.933
472.033
472.033
472.033
472.033
472.2
472.2
472.2
472.2
472.3
472.3
472.3
472.3
472.433
472.433
472.433
472.433
472.7
472.7
472.7
472.7
472.8
472.8
472.8
472.8
472.933
472.933
472.933
472.933
473.1
473.1
473.1
473.1
473.267
473.267
473.267
473.267
473.567
473.567
473.567
473.567
473.8
473.8
473.8
473.8
473.933
473.933
473.933
473.933
474.133
474.133
474.133
474.133
474.367
474.367
474.367
474.367
474.567
474.567
474.567
474.567
474.667
474.667
474.667
474.667
474.733
474.733
474.733
474.733
474.867
474.867
474.867
474.867
474.967
474.967
474.967
474.967
475.033
475.033
475.033
475.033
475.133
475.133
475.133
475.133
475.233
475.233
475.233
475.233
475.4
475.4
475.4
475.4
475.433
475.433
475.433
475.433
475.6
475.6
475.6
Run 30, std dev: 4.23163
