0
1.06667
1.06667
1.06667
1.06667
1.06667
1.06667
1.06667
1.06667
30.8333
30.8333
30.8333
30.8333
31.3333
31.3333
31.3333
31.3333
31.6667
31.6667
31.6667
31.6667
32.1667
32.1667
32.1667
32.1667
32.5667
32.5667
32.5667
32.5667
33.0667
33.0667
33.0667
33.0667
33.6
33.6
33.6
33.6
34.3
34.3
34.3
34.3
34.8
34.8
34.8
34.8
35.3
35.3
35.3
35.3
35.9333
35.9333
35.9333
35.9333
36.2333
36.2333
36.2333
36.2333
36.8667
36.8667
36.8667
36.8667
37.4667
37.4667
37.4667
37.4667
37.8333
37.8333
37.8333
37.8333
38.2667
38.2667
38.2667
38.2667
38.7667
38.7667
38.7667
38.7667
39.0333
39.0333
39.0333
39.0333
39.4
39.4
39.4
39.4
39.8333
39.8333
39.8333
39.8333
40.0333
40.0333
40.0333
40.0333
40.3667
40.3667
40.3667
40.3667
40.5667
40.5667
40.5667
40.5667
40.8333
40.8333
40.8333
40.8333
41.0667
41.0667
41.0667
41.0667
41.4667
41.4667
41.4667
41.4667
41.6667
41.6667
41.6667
41.6667
41.9
41.9
41.9
41.9
42.1333
42.1333
42.1333
42.1333
42.5
42.5
42.5
42.5
42.5667
42.5667
42.5667
42.5667
42.7333
42.7333
42.7333
42.7333
42.8333
42.8333
42.8333
42.8333
43.0667
43.0667
43.0667
43.0667
43.3667
43.3667
43.3667
43.3667
43.6667
43.6667
43.6667
43.6667
43.8
43.8
43.8
43.8
44
44
44
44
44.4
44.4
44.4
44.4
44.5
44.5
44.5
44.5
44.6667
44.6667
44.6667
44.6667
44.7333
44.7333
44.7333
44.7333
44.9
44.9
44.9
44.9
45.0333
45.0333
45.0333
45.0333
45.1333
45.1333
45.1333
45.1333
45.2667
45.2667
45.2667
45.2667
45.3333
45.3333
45.3333
45.3333
45.5
45.5
45.5
45.5
45.6
45.6
45.6
Run 30, std dev: 1.68523
