1.83333
1.83333
1.83333
1.83333
1.83333
1.83333
1.83333
1.83333
1.83333
57.5
57.5
57.5
57.5
58.1667
58.1667
58.1667
58.1667
58.7
58.7
58.7
58.7
59.4333
59.4333
59.4333
59.4333
59.9667
59.9667
59.9667
59.9667
60.8
60.8
60.8
60.8
61.9333
61.9333
61.9333
61.9333
62.6333
62.6333
62.6333
62.6333
63.3667
63.3667
63.3667
63.3667
64.5333
64.5333
64.5333
64.5333
65.1333
65.1333
65.1333
65.1333
65.7333
65.7333
65.7333
65.7333
66.3667
66.3667
66.3667
66.3667
66.9
66.9
66.9
66.9
67.7333
67.7333
67.7333
67.7333
68.2333
68.2333
68.2333
68.2333
68.8333
68.8333
68.8333
68.8333
69.3667
69.3667
69.3667
69.3667
70.1
70.1
70.1
70.1
70.5667
70.5667
70.5667
70.5667
71.1
71.1
71.1
71.1
71.6667
71.6667
71.6667
71.6667
72.2667
72.2667
72.2667
72.2667
72.7333
72.7333
72.7333
72.7333
73.3
73.3
73.3
73.3
73.7667
73.7667
73.7667
73.7667
74.0333
74.0333
74.0333
74.0333
74.4333
74.4333
74.4333
74.4333
74.9
74.9
74.9
74.9
75.4667
75.4667
75.4667
75.4667
75.8667
75.8667
75.8667
75.8667
76.2667
76.2667
76.2667
76.2667
76.6
76.6
76.6
76.6
77.2
77.2
77.2
77.2
77.7667
77.7667
77.7667
77.7667
78.2667
78.2667
78.2667
78.2667
78.6333
78.6333
78.6333
78.6333
79
79
79
79
79.5333
79.5333
79.5333
79.5333
80.1333
80.1333
80.1333
80.1333
80.5333
80.5333
80.5333
80.5333
80.8667
80.8667
80.8667
80.8667
81.4
81.4
81.4
81.4
81.8
81.8
81.8
81.8
82.1333
82.1333
82.1333
82.1333
82.4667
82.4667
82.4667
82.4667
82.7
82.7
82.7
82.7
82.9667
82.9667
82.9667
82.9667
83.4333
83.4333
83.4333
83.4333
83.7333
83.7333
83.7333
83.7333
84.1333
84.1333
84.1333
84.1333
84.5
84.5
84.5
84.5
84.7333
84.7333
84.7333
84.7333
85.0667
85.0667
85.0667
85.0667
85.3
85.3
85.3
85.3
85.5
85.5
85.5
85.5
85.8
85.8
85.8
85.8
86.2
86.2
86.2
86.2
86.4333
86.4333
86.4333
86.4333
86.7333
86.7333
86.7333
86.7333
86.9667
86.9667
86.9667
86.9667
87.2
87.2
87.2
87.2
87.4
87.4
87.4
87.4
87.5667
87.5667
87.5667
87.5667
87.8
87.8
87.8
87.8
87.9667
87.9667
87.9667
87.9667
88.2
88.2
88.2
88.2
88.5667
88.5667
88.5667
88.5667
88.9333
88.9333
88.9333
88.9333
89.1
89.1
89.1
89.1
89.2333
89.2333
89.2333
89.2333
89.4667
89.4667
89.4667
89.4667
89.7
89.7
89.7
89.7
89.8667
89.8667
89.8667
89.8667
90.0667
90.0667
90.0667
90.0667
90.2
90.2
90.2
90.2
90.3333
90.3333
90.3333
90.3333
90.5667
90.5667
90.5667
90.5667
90.7333
90.7333
90.7333
90.7333
90.9
90.9
90.9
90.9
91.1
91.1
91.1
91.1
91.3667
91.3667
91.3667
91.3667
91.6333
91.6333
91.6333
91.6333
91.7667
91.7667
91.7667
91.7667
91.8667
91.8667
91.8667
91.8667
91.9667
91.9667
91.9667
91.9667
92.0667
92.0667
92.0667
92.0667
92.3667
92.3667
92.3667
92.3667
92.6
92.6
92.6
92.6
92.9
92.9
92.9
92.9
93.0333
93.0333
93.0333
93.0333
93.3
93.3
93.3
93.3
93.5
93.5
93.5
93.5
93.6333
93.6333
93.6333
93.6333
93.6667
93.6667
93.6667
93.6667
93.7
93.7
93.7
93.7
93.8
93.8
93.8
93.8
94
94
94
94
94.2333
94.2333
94.2333
Run 30, std dev: 2.24623
