1.86667
1.86667
1.86667
1.86667
1.86667
1.86667
1.86667
1.86667
1.86667
1.86667
1.86667
1.86667
1.86667
58.0667
58.0667
58.0667
58.0667
58.0667
58.0667
58.0667
58.0667
59.3667
59.3667
59.3667
59.3667
59.3667
59.3667
59.3667
59.3667
60.3333
60.3333
60.3333
60.3333
60.3333
60.3333
60.3333
60.3333
61.3
61.3
61.3
61.3
61.3
61.3
61.3
61.3
62.8333
62.8333
62.8333
62.8333
62.8333
62.8333
62.8333
62.8333
63.7667
63.7667
63.7667
63.7667
63.7667
63.7667
63.7667
63.7667
64.6333
64.6333
64.6333
64.6333
64.6333
64.6333
64.6333
64.6333
65.4
65.4
65.4
65.4
65.4
65.4
65.4
65.4
66.1667
66.1667
66.1667
66.1667
66.1667
66.1667
66.1667
66.1667
66.9
66.9
66.9
66.9
66.9
66.9
66.9
66.9
67.5667
67.5667
67.5667
67.5667
67.5667
67.5667
67.5667
67.5667
68.3333
68.3333
68.3333
68.3333
68.3333
68.3333
68.3333
68.3333
69.1
69.1
69.1
69.1
69.1
69.1
69.1
69.1
69.6333
69.6333
69.6333
69.6333
69.6333
69.6333
69.6333
69.6333
70.3
70.3
70.3
70.3
70.3
70.3
70.3
70.3
70.7
70.7
70.7
70.7
70.7
70.7
70.7
70.7
71.6
71.6
71.6
71.6
71.6
71.6
71.6
71.6
72.2
72.2
72.2
72.2
72.2
72.2
72.2
72.2
72.7667
72.7667
72.7667
72.7667
72.7667
72.7667
72.7667
72.7667
73.3
73.3
73.3
73.3
73.3
73.3
73.3
73.3
73.8333
73.8333
73.8333
73.8333
73.8333
73.8333
73.8333
73.8333
74.4333
74.4333
74.4333
74.4333
74.4333
74.4333
74.4333
74.4333
75.1667
75.1667
75.1667
75.1667
75.1667
75.1667
75.1667
75.1667
75.7667
75.7667
75.7667
75.7667
75.7667
75.7667
75.7667
75.7667
76.2
76.2
76.2
76.2
76.2
76.2
76.2
76.2
76.8667
76.8667
76.8667
76.8667
76.8667
76.8667
76.8667
76.8667
77.1667
77.1667
77.1667
77.1667
77.1667
77.1667
77.1667
77.1667
77.5
77.5
77.5
77.5
77.5
77.5
77.5
77.5
78.1
78.1
78.1
78.1
78.1
78.1
78.1
78.1
78.6667
78.6667
78.6667
78.6667
78.6667
78.6667
78.6667
78.6667
79.1
79.1
79.1
79.1
79.1
79.1
79.1
79.1
79.8333
79.8333
79.8333
79.8333
79.8333
79.8333
79.8333
79.8333
80.2333
80.2333
80.2333
80.2333
80.2333
80.2333
80.2333
80.2333
80.9333
80.9333
80.9333
80.9333
80.9333
80.9333
80.9333
80.9333
81.4
81.4
81.4
81.4
81.4
81.4
81.4
81.4
81.7
81.7
81.7
81.7
81.7
81.7
81.7
81.7
82.2
82.2
82.2
82.2
82.2
82.2
82.2
82.2
82.6333
82.6333
82.6333
82.6333
82.6333
82.6333
82.6333
82.6333
83.1
83.1
83.1
83.1
83.1
83.1
83.1
83.1
83.4
83.4
83.4
83.4
83.4
83.4
83.4
83.4
83.8
83.8
83.8
83.8
83.8
83.8
83.8
83.8
84.1333
84.1333
84.1333
84.1333
84.1333
84.1333
84.1333
84.1333
84.4333
84.4333
84.4333
84.4333
84.4333
84.4333
84.4333
84.4333
84.8667
84.8667
84.8667
84.8667
84.8667
84.8667
84.8667
84.8667
85.1667
85.1667
85.1667
85.1667
85.1667
85.1667
85.1667
85.1667
85.5333
85.5333
85.5333
85.5333
85.5333
85.5333
85.5333
85.5333
85.8667
85.8667
85.8667
85.8667
85.8667
85.8667
85.8667
85.8667
86.2
86.2
86.2
86.2
86.2
86.2
86.2
86.2
86.5
86.5
86.5
86.5
86.5
86.5
86.5
86.5
86.8333
86.8333
86.8333
86.8333
86.8333
86.8333
86.8333
86.8333
87.2333
87.2333
87.2333
87.2333
87.2333
87.2333
87.2333
87.2333
87.6
87.6
87.6
87.6
87.6
87.6
87.6
87.6
87.7
87.7
87.7
87.7
87.7
87.7
87.7
87.7
87.9333
87.9333
87.9333
87.9333
87.9333
87.9333
87.9333
87.9333
88.3667
88.3667
88.3667
88.3667
88.3667
88.3667
88.3667
88.3667
88.6333
88.6333
88.6333
88.6333
88.6333
88.6333
88.6333
88.6333
89.0667
89.0667
89.0667
89.0667
89.0667
89.0667
89.0667
89.0667
89.4
89.4
89.4
89.4
89.4
89.4
89.4
89.4
89.6667
89.6667
89.6667
89.6667
89.6667
89.6667
89.6667
89.6667
90.1333
90.1333
90.1333
90.1333
90.1333
90.1333
90.1333
90.1333
90.4
90.4
90.4
90.4
90.4
90.4
90.4
90.4
90.7333
90.7333
90.7333
90.7333
90.7333
90.7333
90.7333
90.7333
90.9667
90.9667
90.9667
90.9667
90.9667
90.9667
90.9667
90.9667
91.2333
91.2333
91.2333
91.2333
91.2333
91.2333
91.2333
91.2333
91.5
91.5
91.5
91.5
91.5
91.5
91.5
91.5
91.7667
91.7667
91.7667
91.7667
91.7667
91.7667
91.7667
91.7667
92.0333
92.0333
92.0333
92.0333
92.0333
92.0333
92.0333
92.0333
92.4333
92.4333
92.4333
92.4333
92.4333
92.4333
92.4333
92.4333
92.5667
92.5667
92.5667
92.5667
92.5667
92.5667
92.5667
92.5667
92.8
92.8
92.8
92.8
92.8
92.8
92.8
92.8
92.9333
92.9333
92.9333
92.9333
92.9333
92.9333
92.9333
92.9333
93.1667
93.1667
93.1667
93.1667
93.1667
93.1667
93.1667
93.1667
93.3333
93.3333
93.3333
93.3333
93.3333
93.3333
93.3333
93.3333
93.5667
93.5667
93.5667
93.5667
93.5667
93.5667
93.5667
93.5667
93.7333
93.7333
93.7333
93.7333
93.7333
93.7333
93.7333
93.7333
94
94
94
94
94
94
94
94
94.2333
94.2333
94.2333
94.2333
94.2333
94.2333
94.2333
94.2333
94.3667
94.3667
94.3667
94.3667
94.3667
94.3667
94.3667
94.3667
94.5333
94.5333
94.5333
94.5333
94.5333
94.5333
94.5333
94.5333
94.6
94.6
94.6
94.6
94.6
94.6
94.6
94.6
94.7
94.7
94.7
94.7
94.7
94.7
94.7
94.7
94.8667
94.8667
94.8667
94.8667
94.8667
94.8667
94.8667
94.8667
95.0667
95.0667
95.0667
95.0667
95.0667
95.0667
95.0667
95.0667
95.1667
95.1667
95.1667
95.1667
95.1667
95.1667
95.1667
95.1667
95.3
95.3
95.3
95.3
95.3
95.3
95.3
95.3
95.4333
95.4333
95.4333
95.4333
95.4333
95.4333
95.4333
95.4333
95.5667
95.5667
95.5667
95.5667
95.5667
95.5667
95.5667
95.5667
95.6
95.6
95.6
95.6
95.6
95.6
95.6
95.6
95.6667
95.6667
95.6667
95.6667
95.6667
95.6667
95.6667
95.6667
95.8
95.8
95.8
95.8
95.8
95.8
95.8
95.8
95.9
95.9
95.9
95.9
95.9
95.9
95.9
95.9
95.9333
95.9333
95.9333
95.9333
95.9333
95.9333
95.9333
95.9333
96.1667
96.1667
96.1667
96.1667
96.1667
96.1667
96.1667
96.1667
96.2
96.2
96.2
96.2
96.2
96.2
96.2
96.2
96.3
96.3
96.3
96.3
96.3
96.3
96.3
96.3
96.3667
96.3667
96.3667
96.3667
96.3667
96.3667
96.3667
96.3667
96.4333
96.4333
96.4333
96.4333
96.4333
96.4333
96.4333
96.4333
96.6
96.6
96.6
96.6
96.6
96.6
96.6
96.6
96.7333
96.7333
96.7333
96.7333
96.7333
96.7333
96.7333
96.7333
96.9333
96.9333
96.9333
96.9333
96.9333
96.9333
96.9333
96.9333
96.9333
96.9333
96.9333
96.9333
96.9333
96.9333
96.9333
96.9333
96.9667
96.9667
96.9667
96.9667
96.9667
96.9667
96.9667
96.9667
97
97
97
97
97
97
97
97
97.0667
97.0667
97.0667
97.0667
97.0667
97.0667
97.0667
97.0667
97.1667
97.1667
97.1667
97.1667
97.1667
97.1667
97.1667
97.1667
97.1667
97.1667
97.1667
97.1667
97.1667
97.1667
97.1667
97.1667
97.2667
97.2667
97.2667
97.2667
97.2667
97.2667
97.2667
97.2667
97.3333
97.3333
97.3333
97.3333
97.3333
97.3333
97.3333
97.3333
97.4333
97.4333
97.4333
97.4333
97.4333
97.4333
97.4333
97.4333
97.5333
97.5333
97.5333
97.5333
97.5333
97.5333
97.5333
97.5333
97.5333
97.5333
97.5333
97.5333
97.5333
97.5333
97.5333
97.5333
97.6
97.6
97.6
97.6
97.6
97.6
97.6
97.6
97.6
97.6
97.6
97.6
97.6
97.6
97.6
97.6
97.7667
97.7667
97.7667
97.7667
97.7667
97.7667
97.7667
97.7667
97.8
97.8
97.8
97.8
97.8
97.8
97.8
97.8
97.8
97.8
97.8
97.8
97.8
97.8
97.8
97.8
97.8333
97.8333
97.8333
97.8333
97.8333
97.8333
97.8333
97.8333
97.9
97.9
97.9
97.9
97.9
97.9
97.9
97.9
97.9
97.9
97.9
97.9
97.9
97.9
97.9
97.9
98.0333
98.0333
98.0333
98.0333
98.0333
98.0333
98.0333
98.0333
98.0667
98.0667
98.0667
98.0667
98.0667
98.0667
98.0667
98.0667
98.1
98.1
98.1
98.1
98.1
98.1
98.1
98.1
98.1667
98.1667
98.1667
98.1667
98.1667
98.1667
98.1667
98.1667
98.1667
98.1667
98.1667
98.1667
98.1667
98.1667
98.1667
98.1667
98.2
98.2
98.2
98.2
98.2
98.2
98.2
98.2
98.2
98.2
98.2
98.2
98.2
98.2
98.2
98.2
98.2667
98.2667
98.2667
98.2667
98.2667
98.2667
98.2667
98.2667
98.2667
98.2667
98.2667
98.2667
98.2667
98.2667
98.2667
98.2667
98.2667
98.2667
98.2667
98.2667
98.2667
98.2667
98.2667
98.2667
98.3
98.3
98.3
98.3
98.3
98.3
98.3
98.3
98.3333
98.3333
98.3333
98.3333
98.3333
98.3333
98.3333
98.3333
98.3667
98.3667
98.3667
98.3667
98.3667
98.3667
98.3667
98.3667
98.3667
98.3667
98.3667
98.3667
98.3667
98.3667
98.3667
98.3667
98.4
98.4
98.4
98.4
98.4
98.4
98.4
98.4
98.4
98.4
98.4
98.4
98.4
98.4
98.4
98.4
98.4333
98.4333
98.4333
98.4333
98.4333
98.4333
98.4333
98.4333
98.4667
98.4667
98.4667
98.4667
98.4667
98.4667
98.4667
98.4667
98.5
98.5
98.5
98.5
98.5
98.5
98.5
98.5
98.5
98.5
98.5
98.5
98.5
98.5
98.5
98.5
98.5333
98.5333
98.5333
98.5333
98.5333
98.5333
98.5333
98.5333
98.6
98.6
98.6
98.6
98.6
98.6
98.6
98.6
98.6333
98.6333
98.6333
98.6333
98.6333
98.6333
98.6333
98.6333
98.6667
98.6667
98.6667
98.6667
98.6667
98.6667
98.6667
98.6667
98.6667
98.6667
98.6667
98.6667
98.6667
98.6667
98.6667
98.6667
98.6667
98.6667
98.6667
98.6667
98.6667
98.6667
98.6667
98.6667
98.7
98.7
98.7
98.7
98.7
98.7
98.7
98.7
98.7
98.7
98.7
98.7
98.7
98.7
98.7
98.7
98.7333
98.7333
98.7333
98.7333
98.7333
98.7333
98.7333
98.7333
98.7667
98.7667
98.7667
98.7667
98.7667
98.7667
98.7667
98.7667
98.8
98.8
98.8
98.8
98.8
98.8
98.8
98.8
98.8333
98.8333
98.8333
98.8333
98.8333
98.8333
98.8333
98.8333
98.9
98.9
98.9
98.9
98.9
98.9
98.9
98.9
98.9
98.9
98.9
98.9
98.9
98.9
98.9
98.9
98.9
98.9
98.9
98.9
98.9
98.9
98.9
98.9
98.9
98.9
98.9
98.9
98.9
98.9
98.9
98.9
98.9333
98.9333
98.9333
98.9333
98.9333
98.9333
98.9333
98.9333
98.9333
98.9333
98.9333
98.9333
98.9333
98.9333
98.9333
98.9333
98.9667
98.9667
98.9667
98.9667
98.9667
98.9667
98.9667
98.9667
99
99
99
99
99
99
99
99
99.0333
99.0333
99.0333
99.0333
99.0333
99.0333
99.0333
99.0333
99.0667
99.0667
99.0667
99.0667
99.0667
99.0667
99.0667
99.0667
99.1
99.1
99.1
99.1
99.1
99.1
99.1
99.1
99.1
99.1
99.1
99.1
99.1
99.1
99.1
99.1
99.1333
99.1333
99.1333
99.1333
99.1333
99.1333
99.1333
99.1333
99.1667
99.1667
99.1667
99.1667
99.1667
99.1667
99.1667
99.1667
99.1667
99.1667
99.1667
99.1667
99.1667
99.1667
99.1667
99.1667
99.2
99.2
99.2
99.2
99.2
99.2
99.2
99.2
99.2333
99.2333
99.2333
99.2333
99.2333
99.2333
99.2333
99.2333
99.2333
99.2333
99.2333
99.2333
99.2333
99.2333
99.2333
99.2333
99.2333
99.2333
99.2333
99.2333
99.2333
99.2333
99.2333
99.2333
99.2333
99.2333
99.2333
99.2333
99.2333
99.2333
99.2333
99.2333
99.2667
99.2667
99.2667
99.2667
99.2667
99.2667
99.2667
99.2667
99.2667
99.2667
99.2667
99.2667
99.2667
99.2667
99.2667
99.2667
99.2667
99.2667
99.2667
99.2667
99.2667
99.2667
99.2667
99.2667
99.2667
99.2667
99.2667
99.2667
99.2667
99.2667
99.2667
99.2667
99.3333
99.3333
99.3333
99.3333
99.3333
99.3333
99.3333
99.3333
99.3667
99.3667
99.3667
99.3667
99.3667
99.3667
99.3667
99.3667
99.3667
99.3667
99.3667
99.3667
99.3667
99.3667
99.3667
99.3667
99.3667
99.3667
99.3667
99.3667
99.3667
99.3667
99.3667
99.3667
99.3667
99.3667
99.3667
99.3667
99.3667
99.3667
99.3667
99.3667
99.3667
99.3667
99.3667
99.3667
99.3667
99.3667
99.3667
99.3667
99.4
99.4
99.4
99.4
99.4
99.4
99.4
99.4
99.4333
99.4333
99.4333
99.4333
99.4333
99.4333
99.4333
99.4333
99.4333
99.4333
99.4333
99.4333
99.4333
99.4333
99.4333
99.4333
99.4333
99.4333
99.4333
99.4333
99.4333
99.4333
99.4333
99.4333
99.4333
99.4333
99.4333
99.4333
99.4333
99.4333
99.4333
99.4333
99.4333
99.4333
99.4333
99.4333
99.4333
99.4333
99.4333
99.4333
99.4333
99.4333
99.4333
99.4333
99.4333
99.4333
99.4333
99.4333
99.4333
99.4333
99.4333
99.4333
99.4333
99.4333
99.4333
99.4333
99.4333
99.4333
99.4333
99.4333
99.4333
99.4333
99.4333
99.4333
99.4333
99.4333
99.4333
99.4333
99.4333
99.4333
99.4333
99.4333
99.4333
99.4333
99.4333
99.4333
99.4333
99.4333
99.4333
99.4333
99.4333
99.4333
99.4333
99.4333
99.4333
99.4333
99.4333
99.4333
99.4333
99.4333
99.4333
99.4333
99.4333
99.4333
99.4333
99.4333
99.4667
99.4667
99.4667
99.4667
99.4667
99.4667
99.4667
99.4667
99.5
99.5
99.5
99.5
99.5
99.5
99.5
99.5
99.5
99.5
99.5
99.5
99.5
99.5
99.5
99.5
99.5
99.5
99.5
99.5
99.5
99.5
99.5
99.5
99.5
99.5
99.5
99.5
99.5
99.5
99.5
99.5
99.5
99.5
99.5
99.5
99.5
99.5
99.5
99.5
99.5333
99.5333
99.5333
99.5333
99.5333
99.5333
99.5333
99.5333
99.5333
99.5333
99.5333
99.5333
99.5333
99.5333
99.5333
99.5333
99.5667
99.5667
99.5667
99.5667
99.5667
99.5667
99.5667
99.5667
99.5667
99.5667
99.5667
99.5667
99.5667
99.5667
99.5667
99.5667
99.5667
99.5667
99.5667
99.5667
99.5667
99.5667
99.5667
99.5667
99.5667
99.5667
99.5667
99.5667
99.5667
99.5667
99.5667
99.5667
99.5667
99.5667
99.5667
99.5667
99.5667
99.5667
99.5667
99.5667
99.5667
99.5667
99.5667
99.5667
99.5667
99.5667
99.5667
99.5667
99.5667
99.5667
99.5667
99.5667
99.5667
99.5667
99.5667
99.5667
99.6
99.6
99.6
99.6
99.6
99.6
99.6
99.6
99.6
99.6
99.6
99.6
99.6
99.6
99.6
99.6
99.6
99.6
99.6
99.6
99.6
99.6
99.6
99.6
99.6333
99.6333
99.6333
99.6333
99.6333
99.6333
99.6333
99.6333
99.6333
99.6333
99.6333
99.6333
99.6333
99.6333
99.6333
99.6333
99.6333
99.6333
99.6333
99.6333
99.6333
99.6333
99.6333
99.6333
99.6333
99.6333
99.6333
99.6333
99.6333
99.6333
99.6333
99.6333
99.6333
99.6333
99.6333
99.6333
99.6333
99.6333
99.6333
99.6333
99.6333
99.6333
99.6333
99.6333
99.6333
99.6333
99.6333
99.6333
99.6333
99.6333
99.6333
99.6333
99.6333
99.6333
99.6333
99.6333
99.6333
99.6333
99.6333
99.6333
99.6333
99.6333
99.6333
99.6333
99.6333
99.6333
99.6333
99.6333
99.6333
99.6333
99.6333
99.6333
99.6333
99.6333
99.6333
99.6333
99.6333
99.6333
99.6333
99.6333
99.6333
99.6333
99.6333
99.6333
99.6333
99.6333
99.6333
99.6333
99.6333
99.6333
99.6333
99.6333
99.6333
99.6333
99.6333
99.6333
99.6333
99.6333
99.6333
99.6333
99.6333
99.6333
99.6333
99.6333
99.6333
99.6333
99.6333
99.6333
99.6333
99.6333
99.6333
99.6333
99.6333
99.6333
99.6333
99.6333
99.6333
99.6333
99.6333
99.6333
99.6667
99.6667
99.6667
99.6667
99.6667
99.6667
99.6667
99.6667
99.6667
99.6667
99.6667
99.6667
99.6667
99.6667
99.6667
99.6667
99.6667
99.6667
99.6667
99.6667
99.6667
99.6667
99.6667
99.6667
99.6667
99.6667
99.6667
99.6667
99.6667
99.6667
99.6667
99.6667
99.6667
99.6667
99.6667
99.6667
99.6667
99.6667
99.6667
99.6667
99.6667
99.6667
99.6667
99.6667
99.6667
99.6667
99.6667
99.6667
99.6667
99.6667
99.6667
99.6667
99.6667
99.6667
99.6667
99.6667
99.6667
99.6667
99.6667
99.6667
99.6667
99.6667
99.6667
99.6667
99.7333
99.7333
99.7333
99.7333
99.7333
99.7333
99.7333
99.7333
99.8333
99.8333
99.8333
99.8333
99.8333
99.8333
99.8333
99.8333
99.8333
99.8333
99.8333
99.8333
99.8333
99.8333
99.8333
99.8333
99.8333
99.8333
99.8333
99.8333
99.8333
99.8333
99.8333
99.8333
99.8667
99.8667
99.8667
99.8667
99.8667
99.8667
99.8667
99.8667
99.8667
99.8667
99.8667
99.8667
99.8667
99.8667
99.8667
99.8667
99.8667
99.8667
99.8667
99.8667
99.8667
99.8667
99.8667
99.8667
99.8667
99.8667
99.8667
99.8667
99.8667
99.8667
99.8667
99.8667
99.8667
99.8667
99.8667
99.8667
99.8667
99.8667
99.8667
99.8667
99.8667
99.8667
99.8667
99.8667
99.8667
99.8667
99.8667
99.8667
99.8667
99.8667
99.8667
99.8667
99.8667
99.8667
99.8667
99.8667
99.8667
99.8667
99.8667
99.8667
99.8667
99.8667
99.8667
99.8667
99.8667
99.8667
99.8667
99.8667
99.8667
99.8667
99.8667
99.8667
99.8667
99.8667
99.8667
99.8667
99.8667
99.8667
99.8667
99.8667
99.8667
99.8667
99.8667
99.8667
99.8667
99.8667
99.8667
99.8667
99.8667
99.8667
99.8667
99.8667
99.8667
99.8667
99.8667
99.8667
99.8667
99.8667
99.8667
99.8667
99.8667
99.8667
99.8667
99.8667
99.8667
99.8667
99.8667
99.8667
99.8667
99.8667
99.8667
99.8667
99.8667
99.8667
99.8667
99.8667
99.8667
99.8667
99.8667
99.8667
99.8667
99.8667
99.8667
99.8667
99.8667
99.8667
99.8667
99.8667
99.8667
99.8667
99.8667
99.8667
99.8667
99.8667
99.8667
99.8667
99.8667
99.8667
99.8667
99.8667
99.8667
99.8667
99.8667
99.8667
99.8667
99.8667
99.8667
99.8667
99.8667
99.8667
99.8667
99.8667
99.8667
99.8667
99.8667
99.8667
99.8667
99.8667
99.8667
99.8667
99.8667
99.8667
99.8667
99.8667
99.8667
99.8667
99.8667
99.8667
99.8667
99.8667
99.8667
99.8667
99.8667
99.8667
99.8667
99.8667
99.8667
99.8667
99.8667
99.8667
99.8667
99.8667
99.8667
99.8667
99.8667
99.8667
99.8667
99.8667
99.8667
99.8667
99.8667
99.8667
99.8667
99.8667
99.8667
99.8667
99.8667
99.8667
99.8667
99.8667
99.8667
99.8667
99.8667
99.8667
99.8667
99.8667
99.8667
99.8667
99.8667
99.8667
99.8667
99.8667
99.8667
99.8667
99.8667
99.8667
99.8667
99.8667
99.8667
99.8667
99.8667
99.8667
99.8667
99.8667
99.8667
99.8667
99.8667
99.8667
99.8667
99.8667
99.8667
99.8667
99.8667
99.8667
99.8667
99.8667
99.8667
99.8667
99.8667
99.8667
99.8667
99.8667
99.8667
99.8667
99.8667
99.8667
99.8667
99.8667
99.8667
99.8667
99.8667
99.8667
99.8667
99.8667
99.8667
99.8667
99.8667
99.8667
99.8667
99.8667
99.8667
99.8667
99.8667
99.8667
99.8667
99.8667
99.8667
99.8667
99.8667
99.8667
99.8667
99.8667
99.8667
99.8667
99.8667
99.8667
99.8667
99.8667
99.8667
99.8667
99.8667
99.8667
99.8667
99.8667
99.8667
99.8667
99.8667
99.8667
99.9333
99.9333
99.9333
99.9333
99.9333
99.9333
99.9333
99.9333
99.9333
99.9333
99.9333
99.9333
99.9333
99.9333
99.9333
99.9333
99.9333
99.9333
99.9333
99.9333
99.9333
99.9333
99.9333
99.9333
99.9333
99.9333
99.9333
99.9333
99.9333
99.9333
99.9333
99.9333
99.9333
99.9333
99.9333
99.9333
99.9333
99.9333
99.9333
99.9333
99.9333
99.9333
99.9333
99.9333
99.9333
99.9333
99.9333
99.9333
99.9333
99.9333
99.9333
99.9333
99.9333
99.9333
99.9333
99.9333
99.9333
99.9333
99.9333
99.9333
99.9333
99.9333
99.9333
99.9333
99.9333
99.9333
99.9333
99.9333
99.9333
99.9333
99.9333
99.9333
99.9333
99.9333
99.9333
99.9333
99.9333
99.9333
99.9333
99.9333
99.9333
99.9333
99.9333
99.9333
99.9333
99.9333
99.9333
99.9333
99.9333
99.9333
99.9333
99.9333
99.9333
99.9333
99.9333
99.9333
99.9333
99.9333
99.9333
99.9333
99.9333
99.9333
99.9333
99.9333
99.9333
99.9333
99.9333
99.9333
99.9333
99.9333
99.9333
99.9333
99.9333
99.9333
99.9333
99.9333
99.9333
99.9333
99.9333
99.9333
99.9333
99.9333
99.9333
99.9333
99.9333
99.9333
99.9333
99.9333
99.9333
99.9333
99.9333
99.9333
99.9333
99.9333
99.9333
99.9333
99.9333
99.9333
99.9333
99.9333
99.9333
99.9333
99.9333
99.9333
99.9333
99.9333
99.9333
99.9333
99.9333
99.9333
99.9333
99.9333
99.9333
99.9333
99.9333
99.9333
99.9333
99.9333
99.9333
99.9333
99.9333
99.9333
99.9333
99.9333
99.9333
99.9333
99.9333
99.9333
99.9333
99.9333
99.9333
99.9333
99.9333
99.9333
99.9333
99.9333
99.9333
99.9333
99.9333
99.9333
99.9333
99.9333
99.9333
99.9333
99.9333
99.9333
99.9333
99.9333
99.9333
99.9333
99.9333
99.9333
99.9333
99.9333
99.9333
99.9333
99.9333
99.9333
99.9333
99.9333
99.9333
99.9333
99.9333
99.9333
99.9333
99.9333
99.9333
99.9333
99.9333
99.9333
99.9333
99.9333
99.9333
99.9333
99.9333
99.9333
99.9333
99.9333
99.9333
99.9333
99.9333
99.9333
99.9333
99.9333
99.9333
99.9333
99.9333
99.9333
99.9333
99.9333
99.9333
99.9333
99.9333
99.9333
99.9333
99.9333
99.9333
99.9333
99.9333
99.9333
99.9333
99.9333
99.9333
99.9333
99.9333
99.9333
99.9333
99.9333
99.9333
99.9333
99.9333
99.9333
99.9333
99.9333
99.9333
99.9333
99.9333
99.9333
99.9333
99.9333
99.9333
99.9333
99.9333
99.9333
99.9333
99.9333
99.9333
99.9333
99.9333
99.9333
99.9333
99.9333
99.9333
99.9333
99.9333
99.9333
99.9333
99.9333
99.9333
99.9333
99.9333
99.9333
99.9333
99.9333
99.9333
99.9333
99.9333
99.9333
99.9333
99.9333
99.9333
99.9333
99.9333
99.9333
99.9333
99.9333
99.9333
99.9333
99.9333
99.9333
99.9333
99.9333
99.9333
99.9333
99.9333
99.9333
99.9333
99.9333
99.9333
99.9333
99.9333
99.9333
99.9333
99.9333
99.9333
99.9333
99.9333
99.9333
99.9333
99.9333
99.9333
99.9333
99.9333
99.9333
99.9333
99.9333
99.9333
99.9333
99.9333
99.9333
99.9333
99.9333
99.9333
99.9333
99.9333
99.9333
99.9333
99.9333
99.9333
99.9333
99.9333
99.9333
99.9333
99.9333
99.9333
99.9333
99.9333
99.9333
99.9333
99.9333
99.9333
99.9333
99.9333
99.9333
99.9333
99.9333
99.9333
99.9333
99.9333
99.9333
99.9333
99.9333
99.9333
99.9333
99.9333
99.9333
99.9333
99.9333
99.9333
99.9333
99.9333
99.9333
99.9333
99.9333
99.9333
99.9333
99.9667
99.9667
99.9667
99.9667
99.9667
99.9667
99.9667
99.9667
99.9667
99.9667
99.9667
99.9667
99.9667
99.9667
99.9667
99.9667
99.9667
99.9667
99.9667
99.9667
99.9667
99.9667
99.9667
99.9667
99.9667
99.9667
99.9667
99.9667
99.9667
99.9667
99.9667
99.9667
99.9667
99.9667
99.9667
99.9667
99.9667
99.9667
99.9667
99.9667
99.9667
99.9667
99.9667
99.9667
99.9667
99.9667
99.9667
99.9667
99.9667
99.9667
99.9667
99.9667
99.9667
99.9667
99.9667
99.9667
99.9667
99.9667
99.9667
99.9667
99.9667
99.9667
99.9667
99.9667
99.9667
99.9667
99.9667
99.9667
99.9667
99.9667
99.9667
99.9667
99.9667
99.9667
99.9667
99.9667
99.9667
99.9667
99.9667
99.9667
99.9667
99.9667
99.9667
99.9667
99.9667
99.9667
99.9667
99.9667
99.9667
99.9667
99.9667
99.9667
99.9667
99.9667
99.9667
99.9667
99.9667
99.9667
99.9667
99.9667
99.9667
99.9667
99.9667
99.9667
99.9667
99.9667
99.9667
99.9667
99.9667
99.9667
99.9667
99.9667
99.9667
99.9667
99.9667
99.9667
99.9667
99.9667
99.9667
99.9667
99.9667
99.9667
99.9667
99.9667
99.9667
99.9667
99.9667
99.9667
99.9667
99.9667
99.9667
99.9667
99.9667
99.9667
99.9667
99.9667
99.9667
99.9667
99.9667
99.9667
99.9667
99.9667
99.9667
99.9667
99.9667
99.9667
99.9667
99.9667
99.9667
99.9667
99.9667
99.9667
99.9667
99.9667
99.9667
99.9667
99.9667
99.9667
99.9667
99.9667
99.9667
99.9667
99.9667
99.9667
99.9667
99.9667
99.9667
99.9667
99.9667
99.9667
99.9667
99.9667
99.9667
99.9667
99.9667
99.9667
99.9667
99.9667
99.9667
99.9667
99.9667
99.9667
99.9667
99.9667
99.9667
99.9667
99.9667
99.9667
99.9667
99.9667
99.9667
99.9667
99.9667
99.9667
99.9667
99.9667
99.9667
99.9667
99.9667
99.9667
99.9667
99.9667
99.9667
99.9667
99.9667
99.9667
99.9667
99.9667
99.9667
99.9667
99.9667
99.9667
99.9667
99.9667
99.9667
99.9667
99.9667
99.9667
99.9667
99.9667
99.9667
99.9667
99.9667
99.9667
99.9667
99.9667
99.9667
99.9667
99.9667
99.9667
99.9667
99.9667
99.9667
99.9667
99.9667
99.9667
99.9667
99.9667
99.9667
99.9667
99.9667
99.9667
99.9667
99.9667
99.9667
99.9667
99.9667
99.9667
99.9667
99.9667
99.9667
99.9667
99.9667
99.9667
99.9667
99.9667
99.9667
99.9667
99.9667
99.9667
99.9667
99.9667
99.9667
99.9667
99.9667
99.9667
99.9667
99.9667
99.9667
99.9667
99.9667
99.9667
99.9667
99.9667
99.9667
99.9667
99.9667
99.9667
99.9667
99.9667
99.9667
99.9667
99.9667
99.9667
99.9667
99.9667
99.9667
99.9667
99.9667
99.9667
99.9667
99.9667
99.9667
99.9667
99.9667
99.9667
99.9667
99.9667
99.9667
99.9667
99.9667
99.9667
99.9667
99.9667
99.9667
99.9667
99.9667
99.9667
99.9667
99.9667
99.9667
99.9667
99.9667
99.9667
99.9667
99.9667
99.9667
99.9667
99.9667
99.9667
99.9667
99.9667
99.9667
99.9667
99.9667
99.9667
99.9667
99.9667
99.9667
99.9667
99.9667
99.9667
99.9667
99.9667
99.9667
99.9667
99.9667
99.9667
99.9667
99.9667
99.9667
99.9667
99.9667
99.9667
99.9667
99.9667
99.9667
99.9667
99.9667
99.9667
99.9667
99.9667
99.9667
99.9667
99.9667
99.9667
99.9667
99.9667
99.9667
99.9667
99.9667
99.9667
99.9667
99.9667
99.9667
99.9667
99.9667
99.9667
100
100
100
100
100
100
100
100
100
100
100
100
100
100
100
100
100
100
100
100
100
100
100
100
100
100
100
100
100
100
100
100
100
100
100
100
100
100
100
100
100
100
100
100
100
100
100
100
100
100
100
100
100
100
100
100
100
100
100
100
100
100
100
100
100
100
100
100
100
100
100
100
100
100
100
100
100
100
100
100
100
100
100
100
100
100
100
100
100
100
100
100
100
100
100
100
100
100
100
100
100
100
100
100
100
100
100
100
100
100
100
100
100
100
100
100
100
100
100
100
100
100
100
100
100
100
100
100
100
100
100
100
100
100
100
100
100
100
100
100
100
100
100
100
100
100
100
100
100
100
100
100
100
100
100
100
100
100
100
100
100
100
100
100
100
100
100
100
100
100
100
100
100
100
100
100
100
100
100
100
100
100
100
100
100
100
100
100
100
100
100
100
100
100
100
100
100
100
100
100
100
100
100
100
100
100
100
100
100
100
100
100
100
100
100
100
100
100
100
100
100
100
100
100
100
100
100
100
100
100
100
100
100
100
100
100
100
100
100
100
100
100
100
100
100
100
100
100
100
100
100
100
100
100
100
100
100
100
100
100
100
100
100
100
100
100
100
100
100
100
100
100
100
100
100
100
100
100
100
100
100
100
100
100
100
100
100
100
100
100
100
100
100
100
100
100
100
100
100
100
100
100
100
100
100
100
100
100
100
100
100
100
100
100
100
100
100
100
100
100
100
100
100
100
100
100
100
100
100
100
100
100
100
100
100
100
100
100
100
100
100
100
100
100
100
100
100
100
100
100
100
100
100
100
100
100
100
100
100
100
100
100
100
100
100
100
100
100
100
100
100
100
100
100
100
100
100
100
100
100
100
100
100
100
100
100
100
100
100
100
100
100
100
100
100
100
100
100
100
100
100
100
100
100
100
100
100
100
100
100
100
100
100
100
100
100
100
100
100
100
100
100
100
100
100
100
100
100
100
100
100
100
100
100
100
100
100
100
100
100
100
100
100
100
100
100
100
100
100
100
100
100
100
100
100
100
100
100
100
100
100
100
100
100
100
100
100
100
100
100
100
100
100
100
100
100
100
100
100
100
100
100
100
100
100
100
100
100
100
100
100
100
100
100
100
100
100
100
100
100
100
100
100
100
100
100
100
100
100
100
100
100
100
100
100
100
100
100
100
100
100
100
100
100
100
100
100
100
100
100
100
100
100
100
100
100
100
100
100
100
100
100
100
100
100
100
100
100
100
100
100
100
100
100
100
100
100
100
100
100
100
100
100
100
100
100
100
100
100
100
100
100
100
100
100
100
100
100
100
100
100
100
100
100
100
100
100
100
100
100
100
100
100
100
100
100
100
100
100
100
100
100
100
100
100
100
100
100
100
100
100
100
100
100
100
100
100
100
100
100
100
100
100
100
100
100
100
100
100
100
100
100
100
100
100
100
100
100
100
100
100
100
100
100
100
100
100
100
100
100
100
100
100
100
100
100
100
100
100
100
100
100
100
100
100
100
100
100
100
100
100
100
100
100
100
100
100
100
100
100
100
100
100
100
100
100
100
100
100
100
100
100
100
100
100
100
100
100
100
100
100
100
100
100
100
100
100
100
100
100
100
100
100
100
100
100
100
100
100
100
100
100
100
100
100
100
100
100
100
100
100
100
100
100
100
100
100
100
100
100
100
100
100
100
100
100
100
100
100
100
100
100
100
100
100
100
100
100
100
100
100
100
100
100
100
100
100
100
100
100
100
100
100
100
100
100
100
100
100
100
100
100
100
100
100
100
100
100
100
100
100
100
100
100
100
100
100
100
100
100
100
100
100
100
100
100
100
100
100
100
100
100
100
100
100
100
100
100
100
100
100
100
100
100
100
100
100
100
100
100
100
100
100
100
100
100
100
100
100
100
100
100
100
100
100
100
100
100
100
100
100
100
100
100
100
100
100
100
100
100
100
100
100
100
100
100
100
100
100
100
100
100
100
100
100
100
100
100
100
100
100
100
100
100
100
100
100
100
100
100
100
100
100
100
100
100
100
100
100
100
100
100
100
100
100
100
100
100
100
100
100
100
100
100
100
100
100
100
100
100
100
100
100
100
100
100
100
100
100
100
100
100
100
100
100
100
100
100
100
100
100
100
100
100
100
100
100
100
100
100
100
100
100
100
100
100
100
100
100
100
100
100
100
100
100
100
100
100
100
100
100
100
100
100
100
100
100
100
100
100
100
100
100
100
100
100
100
100
100
100
100
100
100
100
100
100
100
100
100
100
100
100
100
100
100
100
100
100
100
100
100
100
100
100
100
100
100
100
100
100
100
100
100
100
100
100
100
100
100
100
100
100
100
100
100
100
100
100
100
100
100
100
100
100
100
100
100
100
100
100
100
100
100
100
100
100
100
100
100
100
100
100
100
100
100
100
100
100
100
100
100
100
100
100
100
100
100
100
100
100
100
100
100
100
100
100
100
100
100
100
100
100
100
100
100
100
100
100
100
100
100
100
100
100
100
100
100
100
100
100
100
100
100
100
100
100
100
100
100
100
100
100
100
100
100
100
100
100
100
100
100
100
100
100
100
100
100
100
100
100
100
100
100
100
100
100
100
100
100
100
100
100
100
100
100
100
100
100
100
100
100
100
100
100
100
100
100
100
100
100
100
100
100
100
100
100
100
100
100
100
100
100
100
100
100
100
100
100
100
100
100
100
100
100
100
100
100
100
100
100
100
100
100
100
100
100
100
100
100
100
100
100
100
100
100
100
100
100
100
100
100
100
100
100
100
100
100
100
100
100
100
100
100
100
100
100
100
100
100
100
100
100
100
100
100
100
100
100
100
100
100
100
100
100
100
100
100
100
100
100
100
100
100
100
100
100
100
100
100
100
100
100
100
100
100
100
100
100
100
100
100
100
100
100
100
100
100
100
100
100
100
100
100
100
100
100
100
100
100
100
100
100
100
100
100
100
100
100
100
100
100
100
100
100
100
100
100
100
100
100
100
100
100
100
100
100
100
100
100
100
100
100
100
100
100
100
100
100
100
100
100
100
100
100
100
100
100
100
100
100
100
100
100
100
100
100
100
100
100
100
100
100
100
100
100
100
100
100
100
100
100
100
100
100
100
100
100
100
100
100
100
100
100
100
100
100
100
100
100
100
100
100
100
100
100
100
100
100
100
100
100
100
100
100
100
100
100
100
100
100
100
100
100
100
100
100
100
100
100
100
100
100
100
100
100
100
100
100
100
100
100
100
100
100
100
100
100
100
100
100
100
100
100
100
100
100
100
100
100
100
100
100
100
100
100
100
100
100
100
100
100
100
100
100
100
100
100
100
100
100
100
100
100
100
100
100
100
100
100
100
100
100
100
100
100
100
100
100
100
100
100
100
100
100
100
100
100
100
100
100
100
100
100
100
100
100
100
100
100
100
100
100
100
100
100
100
100
100
100
100
100
100
100
100
100
100
100
100
100
100
100
100
100
100
100
100
100
100
100
100
100
100
100
100
100
100
100
100
100
100
100
100
100
100
100
100
100
100
100
100
100
100
100
100
100
100
100
100
100
100
100
100
100
100
100
100
100
100
100
100
100
100
100
100
100
100
100
100
100
100
100
100
100
100
100
100
100
100
100
100
100
100
100
100
100
100
100
100
100
100
100
100
100
100
100
100
100
100
100
100
100
100
100
100
100
100
100
100
100
100
100
100
100
100
100
100
100
100
100
100
100
100
100
100
100
100
100
100
100
100
100
100
100
100
100
100
100
100
100
100
100
100
100
100
100
100
100
100
100
100
100
100
100
100
100
100
100
100
100
100
100
100
100
100
100
100
100
100
100
100
100
100
100
100
100
100
100
100
100
100
100
100
100
100
100
100
100
100
100
100
100
100
100
100
100
100
100
100
100
100
100
100
100
100
100
100
100
100
100
100
100
100
100
100
100
100
100
100
100
100
100
100
100
100
100
100
100
100
100
100
100
100
100
100
100
100
100
100
100
100
100
100
100
100
100
100
100
100
100
100
100
100
100
100
100
100
100
100
100
100
100
100
100
100
100
100
100
100
100
100
100
100
100
100
100
100
100
100
100
100
100
100
100
100
100
100
100
100
100
100
100
100
100
100
100
100
100
100
100
100
100
100
100
100
100
100
100
100
100
100
100
100
100
100
100
100
100
100
100
100
100
100
100
100
100
100
100
100
100
100
100
100
100
100
100
100
100
100
100
100
100
100
100
100
100
100
100
100
100
100
100
100
100
100
100
100
100
100
100
100
100
100
100
100
100
100
100
100
100
100
100
100
100
100
100
100
100
100
100
100
100
100
100
100
100
100
100
100
100
100
100
100
100
100
100
100
100
100
100
100
100
100
100
100
100
100
100
100
100
100
100
100
100
100
100
100
100
100
100
100
100
100
100
100
100
100
100
100
100
100
100
100
100
100
100
100
100
100
100
100
100
100
100
100
100
100
100
100
100
100
100
100
100
100
100
100
100
100
100
100
100
100
100
100
100
100
100
100
100
100
100
100
100
100
100
100
100
100
100
100
100
100
100
100
100
100
100
100
100
100
100
100
100
100
100
100
100
100
100
100
100
100
100
100
100
100
100
100
100
100
100
100
100
100
100
100
100
100
100
100
100
100
100
100
100
100
100
100
100
100
100
100
100
100
100
100
100
100
100
100
100
100
100
100
100
100
100
100
100
100
100
100
100
100
100
100
100
100
100
100
100
100
100
100
100
100
100
100
100
100
100
100
100
100
100
100
100
100
100
100
100
100
100
100
100
100
100
100
100
100
100
100
100
100
100
100
100
100
100
100
100
100
100
100
100
100
100
100
100
100
100
100
100
100
100
100
100
100
100
100
100
100
100
100
100
100
100
100
100
100
100
100
100
100
100
100
100
100
100
100
100
100
100
100
100
100
100
100
100
100
100
100
100
100
100
100
100
100
100
100
100
100
100
100
100
100
100
100
100
100
100
100
100
100
100
100
100
100
100
100
100
100
100
100
100
100
100
100
100
100
100
100
100
100
100
100
100
100
100
100
100
100
100
100
100
100
100
100
100
100
100
100
100
100
100
100
100
100
100
100
100
100
100
100
100
100
100
100
100
100
100
100
100
100
100
100
100
100
100
100
100
100
100
100
100
100
100
100
100
100
100
100
100
100
100
100
100
100
100
100
100
100
100
100
100
100
100
100
100
100
100
100
100
100
100
100
100
100
100
100
100
100
100
100
100
100
100
100
100
100
100
100
100
100
100
100
100
100
100
100
100
100
100
100
100
100
100
100
100
100
100
100
100
100
100
100
100
100
100
100
100
100
100
100
100
100
100
100
100
100
100
100
100
100
100
100
100
100
100
100
100
100
100
100
100
100
100
100
100
100
100
100
100
100
100
100
100
100
100
100
100
100
100
100
100
100
100
100
100
100
100
100
100
100
100
100
100
100
100
100
100
100
100
100
100
100
100
100
100
100
100
100
100
100
100
100
100
100
100
100
100
100
100
100
100
100
100
100
100
100
100
100
100
100
100
100
100
100
100
100
100
100
100
100
100
100
100
100
100
100
100
100
100
100
100
100
100
100
100
100
100
100
100
100
100
100
100
100
100
100
100
100
100
100
100
100
100
100
100
100
100
100
100
100
100
100
100
100
100
100
100
100
100
100
100
100
100
100
100
100
100
100
100
100
100
100
100
100
100
100
100
100
100
100
100
100
100
100
100
100
100
100
100
100
100
100
100
100
100
100
100
100
100
100
100
100
100
100
100
100
100
100
100
100
100
100
100
100
100
100
100
100
100
100
100
100
100
100
100
100
100
100
100
100
100
100
100
100
100
100
100
100
100
100
100
100
100
100
100
100
100
100
100
100
100
100
100
100
100
100
100
100
100
100
100
100
100
100
100
100
100
100
100
100
100
100
100
100
100
100
100
100
100
100
100
100
100
100
100
100
100
100
100
100
100
100
100
100
100
100
100
100
100
100
100
100
100
100
100
100
100
100
100
100
100
100
100
100
100
100
100
100
100
100
100
100
100
100
100
100
100
100
100
100
100
100
100
100
100
100
100
100
100
100
100
100
100
100
100
100
100
100
100
100
100
100
100
100
100
100
100
100
100
100
100
100
100
100
100
100
100
100
100
100
100
100
100
100
100
100
100
100
100
100
100
100
100
100
100
100
100
100
100
100
100
100
100
100
100
100
100
100
100
100
100
100
100
100
100
100
100
100
100
100
100
100
100
100
100
100
100
100
100
100
100
100
100
100
100
100
100
100
100
100
100
100
100
100
100
100
100
100
100
100
100
100
100
100
100
100
100
100
100
100
100
100
100
100
100
100
100
100
100
100
100
100
100
100
100
100
100
100
100
100
100
100
100
100
100
100
100
100
100
100
100
100
100
100
100
100
100
100
100
100
100
100
100
100
100
100
100
100
100
100
100
100
100
100
100
100
100
100
100
100
100
100
100
100
100
100
100
100
100
100
100
100
100
100
100
100
100
100
100
100
100
100
100
100
100
100
100
100
100
100
100
100
100
100
100
100
100
100
100
100
100
100
100
100
100
100
100
100
100
100
100
100
100
100
100
100
100
100
100
100
100
100
100
100
100
100
100
100
100
100
100
100
100
100
100
100
100
100
100
100
100
100
100
100
100
100
100
100
100
100
100
100
100
100
100
100
100
100
100
100
100
100
100
100
100
100
100
100
100
100
100
100
100
100
100
100
100
100
100
100
100
100
100
100
100
100
100
100
100
100
100
100
100
100
100
100
100
100
100
100
100
100
100
100
100
100
100
100
100
100
100
100
100
100
100
100
100
100
100
100
100
100
100
100
100
100
100
100
100
100
100
100
100
100
100
100
100
100
100
100
100
100
100
100
100
100
100
100
100
100
100
100
100
100
100
100
100
100
100
100
100
100
100
100
100
100
100
100
100
100
100
100
100
100
100
100
100
100
100
100
100
100
100
100
100
100
100
100
100
100
100
100
100
100
100
100
100
100
100
100
100
100
100
100
100
100
100
100
100
100
100
100
100
100
100
100
100
100
100
100
100
100
100
100
100
100
100
100
100
100
100
100
100
100
100
100
100
100
100
100
100
100
100
100
100
100
100
100
100
100
100
100
100
100
100
100
100
100
100
100
100
100
100
100
100
100
100
100
100
100
100
100
100
100
100
100
100
100
100
100
100
100
100
100
100
100
100
100
100
100
100
100
100
100
100
100
100
100
100
100
100
100
100
100
100
100
100
100
100
100
100
100
100
100
100
100
100
100
100
100
100
100
100
100
100
100
100
100
100
100
100
100
100
100
100
100
100
100
100
100
100
100
100
100
100
100
100
100
100
100
100
100
100
100
100
100
100
100
100
100
100
100
100
100
100
100
100
100
100
100
100
100
100
100
100
100
100
100
100
100
100
100
100
100
100
100
100
100
100
100
100
100
100
100
100
100
100
100
100
100
100
100
100
100
100
100
100
100
100
100
100
100
100
100
100
100
100
100
100
100
100
100
100
100
100
100
100
100
100
100
100
100
100
100
100
100
100
100
100
100
100
100
100
100
100
100
100
100
100
100
100
100
100
100
100
100
100
100
100
100
100
100
100
100
100
100
100
100
100
100
100
100
100
100
100
100
100
100
100
100
100
100
100
100
100
100
100
100
100
100
100
100
100
100
100
100
100
100
100
100
100
100
100
100
100
100
100
100
100
100
100
100
100
100
100
100
100
100
100
100
100
100
100
100
100
100
100
100
100
100
100
100
100
100
100
100
100
100
100
100
100
100
100
100
100
100
100
100
100
100
100
100
100
100
100
100
100
100
100
100
100
100
100
100
100
100
100
100
100
100
100
100
100
100
100
100
100
100
100
100
100
100
100
100
100
100
100
100
100
100
100
100
100
100
100
100
100
100
100
100
100
100
100
100
100
100
100
100
100
100
100
100
100
100
100
100
100
100
100
100
100
100
100
100
100
100
100
100
100
100
100
100
100
100
100
100
100
100
100
100
100
100
100
100
100
100
100
100
100
100
100
100
100
100
100
100
100
100
100
100
100
100
100
100
100
100
100
100
100
100
100
100
100
100
100
100
100
100
100
100
100
100
100
100
100
100
100
100
100
100
100
100
100
100
100
100
100
100
100
100
100
100
100
100
100
100
100
100
100
100
100
100
100
100
100
100
100
100
100
100
100
100
100
100
100
100
100
100
100
100
100
100
100
100
100
100
100
100
100
100
100
100
100
100
100
100
100
100
100
100
100
100
100
100
100
100
100
100
100
100
100
100
100
100
100
100
100
100
100
100
100
100
100
100
100
100
100
100
100
100
100
100
100
100
100
100
100
100
100
100
100
100
100
100
100
100
100
100
100
100
100
100
100
100
100
100
100
100
100
100
100
100
100
100
100
100
100
100
100
100
100
100
100
100
100
100
100
100
100
100
100
100
100
100
100
100
100
100
100
100
100
100
100
100
100
100
100
100
100
100
100
100
100
100
100
100
100
100
100
100
100
100
100
100
100
100
100
100
100
100
100
100
100
100
100
100
100
100
100
100
100
100
100
100
100
100
100
100
100
100
100
100
100
100
100
100
100
100
100
100
100
100
100
100
100
100
100
100
100
100
100
100
100
100
100
100
100
100
100
100
100
100
100
100
100
100
100
100
100
100
100
100
100
100
100
100
100
100
100
100
100
100
100
100
100
100
100
100
100
100
100
100
100
100
100
100
100
100
100
100
100
100
100
100
100
100
100
100
100
100
100
100
100
100
100
100
100
100
100
100
100
100
100
100
100
100
100
100
100
100
100
100
100
100
100
100
100
100
100
100
100
100
100
100
100
100
100
100
100
100
100
100
100
100
100
100
100
100
100
100
100
100
100
100
100
100
100
100
100
100
100
100
100
100
100
100
100
100
100
100
100
100
100
100
100
100
100
100
100
100
100
100
100
100
100
100
100
100
100
100
100
100
100
100
100
100
100
100
100
100
100
100
100
100
100
100
100
100
100
100
100
100
100
100
100
100
100
100
100
100
100
100
100
100
100
100
100
100
100
100
100
100
100
100
100
100
100
100
100
100
100
100
100
100
100
100
100
100
100
100
100
100
100
100
100
100
100
100
100
100
100
100
100
100
100
100
100
100
100
100
100
100
100
100
100
100
100
100
100
100
100
100
100
100
100
100
100
100
100
100
100
100
100
100
100
100
100
100
100
100
100
100
100
100
100
100
100
100
100
100
100
100
100
100
100
100
100
100
100
100
100
100
100
100
100
100
100
100
100
100
100
100
100
100
100
100
100
100
100
100
100
100
100
100
100
100
100
100
100
100
100
100
100
100
100
100
100
100
100
100
100
100
100
100
100
100
100
100
100
100
100
100
100
100
100
100
100
100
100
100
100
100
100
100
100
100
100
100
100
100
100
100
100
100
100
100
100
100
100
100
100
100
100
100
100
100
100
100
100
100
100
100
100
100
100
100
100
100
100
100
100
100
100
100
100
100
100
100
100
100
100
100
100
100
100
100
100
100
100
100
100
100
100
100
100
100
100
100
100
100
100
100
100
100
100
100
100
100
100
100
100
100
100
100
100
100
100
100
100
100
100
100
100
100
100
100
100
100
100
100
100
100
100
100
100
100
100
100
100
100
100
100
100
100
100
100
100
100
100
100
100
100
100
100
100
100
100
100
100
100
100
100
100
100
100
100
100
100
100
100
100
100
100
100
100
100
100
100
100
100
100
100
100
100
100
100
100
100
100
100
100
100
100
100
100
100
100
100
100
100
100
100
100
100
100
100
100
100
100
100
100
100
100
100
100
100
100
100
100
100
100
100
100
100
100
100
100
100
100
100
100
100
100
100
100
100
100
100
100
100
100
100
100
100
100
100
100
100
100
100
100
100
100
100
100
100
100
100
100
100
100
100
100
100
100
100
100
100
100
100
100
100
100
100
100
100
100
100
100
100
100
100
100
100
100
100
100
100
100
100
100
100
100
100
100
100
100
100
100
100
100
100
100
100
100
100
100
100
100
100
100
100
100
100
100
100
100
100
100
100
100
100
100
100
100
100
100
100
100
100
100
100
100
100
100
100
100
100
100
100
100
100
100
100
100
100
100
100
100
100
100
100
100
100
100
100
100
100
100
100
100
100
100
100
100
100
100
100
100
100
100
100
100
100
100
100
100
100
100
100
100
100
100
100
100
100
100
100
100
100
100
100
100
100
100
100
100
100
100
100
100
100
100
100
100
100
100
100
100
100
100
100
100
100
100
100
100
100
100
100
100
100
100
100
100
100
100
100
100
100
100
100
100
100
100
100
100
100
100
100
100
100
100
100
100
100
100
100
100
100
100
100
100
100
100
100
100
100
100
100
100
100
100
100
100
100
100
100
100
100
100
100
100
100
100
100
100
100
100
100
100
100
100
100
100
100
100
100
100
100
100
100
100
100
100
100
100
100
100
100
100
100
100
100
100
100
100
100
100
100
100
100
100
100
100
100
100
100
100
100
100
100
100
100
100
100
100
100
100
100
100
100
100
100
100
100
100
100
100
100
100
100
100
100
100
100
100
100
100
100
100
100
100
100
100
100
100
100
100
100
100
100
100
100
100
100
100
100
100
100
100
100
100
100
100
100
100
100
100
100
100
100
100
100
100
100
100
100
100
100
100
100
100
100
100
100
100
100
100
100
100
100
100
100
100
100
100
100
100
100
100
100
100
100
100
100
100
100
100
100
100
100
100
100
100
100
100
100
100
100
100
100
100
100
100
100
100
100
100
100
100
100
100
100
100
100
100
100
100
100
100
100
100
100
100
100
100
100
100
100
100
100
100
100
100
100
100
100
100
100
100
100
100
100
100
100
100
100
100
100
100
100
100
100
100
100
100
100
100
100
100
100
100
100
100
100
100
100
100
100
100
100
100
100
100
100
100
100
100
100
100
100
100
100
100
100
100
100
100
100
100
100
100
100
100
100
100
100
100
100
100
100
100
100
100
100
100
100
100
100
100
100
100
100
100
100
100
100
100
100
100
100
100
100
100
100
100
100
100
100
100
100
100
100
100
100
100
100
100
100
100
100
100
100
100
100
100
100
100
100
100
100
100
100
100
100
100
100
100
100
100
100
100
100
100
100
100
100
100
100
100
100
100
100
100
100
100
100
100
100
100
100
100
100
100
100
100
100
100
100
100
100
100
100
100
100
100
100
100
100
100
100
100
100
100
100
100
100
100
100
100
100
100
100
100
100
100
100
100
100
100
100
100
100
100
100
100
100
100
100
100
100
100
100
100
100
100
100
100
100
100
100
100
100
100
100
100
100
100
100
100
100
100
100
100
100
100
100
100
100
100
100
100
100
100
100
100
100
100
100
100
100
100
100
100
100
100
100
100
100
100
100
100
100
100
100
100
100
100
100
100
100
100
100
100
100
100
100
100
100
100
100
100
100
100
100
100
100
100
100
100
100
100
Run 30, std dev: 0
