0
1.8
1.8
1.8
1.8
1.8
1.8
1.8
1.8
57.3333
57.3333
57.3333
57.3333
58
58
58
58
58.4667
58.4667
58.4667
58.4667
59.4
59.4
59.4
59.4
60.3667
60.3667
60.3667
60.3667
61.2
61.2
61.2
61.2
61.8333
61.8333
61.8333
61.8333
62.5333
62.5333
62.5333
62.5333
63.1333
63.1333
63.1333
63.1333
63.9
63.9
63.9
63.9
64.6333
64.6333
64.6333
64.6333
65.3
65.3
65.3
65.3
65.8
65.8
65.8
65.8
66.4333
66.4333
66.4333
66.4333
67
67
67
67
67.6333
67.6333
67.6333
67.6333
68.4
68.4
68.4
68.4
68.8333
68.8333
68.8333
68.8333
69.6333
69.6333
69.6333
69.6333
70.1
70.1
70.1
70.1
70.5333
70.5333
70.5333
70.5333
70.9667
70.9667
70.9667
70.9667
71.7333
71.7333
71.7333
71.7333
72.1333
72.1333
72.1333
72.1333
72.6333
72.6333
72.6333
72.6333
73.0333
73.0333
73.0333
73.0333
73.5667
73.5667
73.5667
73.5667
74.1
74.1
74.1
74.1
74.5333
74.5333
74.5333
74.5333
75
75
75
75
75.5333
75.5333
75.5333
75.5333
76.1667
76.1667
76.1667
76.1667
76.6
76.6
76.6
76.6
77.1667
77.1667
77.1667
77.1667
77.5
77.5
77.5
77.5
77.7
77.7
77.7
77.7
78.0333
78.0333
78.0333
78.0333
78.3
78.3
78.3
78.3
78.7
78.7
78.7
78.7
79.0333
79.0333
79.0333
79.0333
79.4
79.4
79.4
79.4
79.7333
79.7333
79.7333
79.7333
79.9667
79.9667
79.9667
79.9667
80.5333
80.5333
80.5333
80.5333
81.0667
81.0667
81.0667
81.0667
81.5
81.5
81.5
81.5
82.0333
82.0333
82.0333
82.0333
82.2333
82.2333
82.2333
82.2333
82.5
82.5
82.5
82.5
82.7
82.7
82.7
82.7
83.0667
83.0667
83.0667
83.0667
83.6667
83.6667
83.6667
83.6667
83.9333
83.9333
83.9333
83.9333
84.2333
84.2333
84.2333
84.2333
84.5
84.5
84.5
84.5
84.6667
84.6667
84.6667
84.6667
84.8667
84.8667
84.8667
84.8667
85.1667
85.1667
85.1667
85.1667
85.4
85.4
85.4
85.4
85.7
85.7
85.7
85.7
85.8667
85.8667
85.8667
85.8667
86.0667
86.0667
86.0667
86.0667
86.3333
86.3333
86.3333
86.3333
86.6
86.6
86.6
86.6
86.9
86.9
86.9
86.9
87.1
87.1
87.1
87.1
87.3
87.3
87.3
87.3
87.5
87.5
87.5
87.5
87.8667
87.8667
87.8667
87.8667
88.1333
88.1333
88.1333
88.1333
88.4667
88.4667
88.4667
88.4667
88.8
88.8
88.8
88.8
88.9333
88.9333
88.9333
88.9333
89.3
89.3
89.3
89.3
89.5333
89.5333
89.5333
89.5333
89.8667
89.8667
89.8667
89.8667
90.2667
90.2667
90.2667
90.2667
90.3
90.3
90.3
90.3
90.5
90.5
90.5
90.5
90.6
90.6
90.6
90.6
90.9
90.9
90.9
90.9
91.1
91.1
91.1
91.1
91.2333
91.2333
91.2333
91.2333
91.4333
91.4333
91.4333
91.4333
91.5667
91.5667
91.5667
91.5667
91.7667
91.7667
91.7667
91.7667
91.9333
91.9333
91.9333
91.9333
92.1
92.1
92.1
92.1
92.2333
92.2333
92.2333
92.2333
92.3333
92.3333
92.3333
92.3333
92.4333
92.4333
92.4333
92.4333
92.5333
92.5333
92.5333
92.5333
92.6667
92.6667
92.6667
92.6667
92.9
92.9
92.9
92.9
93
93
93
93
93.0333
93.0333
93.0333
93.0333
93.1333
93.1333
93.1333
93.1333
93.2667
93.2667
93.2667
93.2667
93.4
93.4
93.4
93.4
93.6
93.6
93.6
93.6
93.6333
93.6333
93.6333
93.6333
93.7333
93.7333
93.7333
93.7333
93.8667
93.8667
93.8667
93.8667
94.1333
94.1333
94.1333
94.1333
94.2667
94.2667
94.2667
94.2667
94.5333
94.5333
94.5333
94.5333
94.7333
94.7333
94.7333
94.7333
94.9333
94.9333
94.9333
94.9333
95.0667
95.0667
95.0667
95.0667
95.1333
95.1333
95.1333
95.1333
95.1667
95.1667
95.1667
95.1667
95.2333
95.2333
95.2333
95.2333
95.4333
95.4333
95.4333
95.4333
95.4333
95.4333
95.4333
95.4333
95.5333
95.5333
95.5333
95.5333
95.6333
95.6333
95.6333
95.6333
95.8
95.8
95.8
95.8
95.8667
95.8667
95.8667
95.8667
96
96
96
96
96.0333
96.0333
96.0333
96.0333
96.0333
96.0333
96.0333
96.0333
96.0667
96.0667
96.0667
96.0667
96.1
96.1
96.1
96.1
96.1667
96.1667
96.1667
96.1667
96.3
96.3
96.3
96.3
96.3333
96.3333
96.3333
96.3333
96.3333
96.3333
96.3333
96.3333
96.3333
96.3333
96.3333
96.3333
96.4333
96.4333
96.4333
96.4333
96.5
96.5
96.5
96.5
96.6667
96.6667
96.6667
96.6667
96.7667
96.7667
96.7667
96.7667
96.7667
96.7667
96.7667
96.7667
96.8
96.8
96.8
96.8
96.9667
96.9667
96.9667
96.9667
97.1667
97.1667
97.1667
97.1667
97.1667
97.1667
97.1667
97.1667
97.2333
97.2333
97.2333
97.2333
97.3667
97.3667
97.3667
97.3667
97.4
97.4
97.4
97.4
97.4667
97.4667
97.4667
97.4667
97.5667
97.5667
97.5667
97.5667
97.6333
97.6333
97.6333
97.6333
97.7
97.7
97.7
97.7
97.7667
97.7667
97.7667
97.7667
97.9333
97.9333
97.9333
97.9333
98
98
98
98
98.0333
98.0333
98.0333
98.0333
98.0667
98.0667
98.0667
98.0667
98.0667
98.0667
98.0667
98.0667
98.0667
98.0667
98.0667
98.0667
98.1333
98.1333
98.1333
98.1333
98.1333
98.1333
98.1333
98.1333
98.1667
98.1667
98.1667
98.1667
98.1667
98.1667
98.1667
98.1667
98.2333
98.2333
98.2333
98.2333
98.2667
98.2667
98.2667
98.2667
98.2667
98.2667
98.2667
98.2667
98.2667
98.2667
98.2667
98.2667
98.2667
98.2667
98.2667
98.2667
98.3
98.3
98.3
98.3
98.3
98.3
98.3
98.3
98.3
98.3
98.3
98.3
98.3333
98.3333
98.3333
98.3333
98.3333
98.3333
98.3333
98.3333
98.3333
98.3333
98.3333
98.3333
98.3667
98.3667
98.3667
98.3667
98.4333
98.4333
98.4333
98.4333
98.4333
98.4333
98.4333
98.4333
98.5333
98.5333
98.5333
98.5333
98.5667
98.5667
98.5667
98.5667
98.5667
98.5667
98.5667
98.5667
98.5667
98.5667
98.5667
98.5667
98.6333
98.6333
98.6333
98.6333
98.6333
98.6333
98.6333
98.6333
98.6667
98.6667
98.6667
98.6667
98.6667
98.6667
98.6667
98.6667
98.6667
98.6667
98.6667
98.6667
98.7
98.7
98.7
98.7
98.7
98.7
98.7
98.7
98.7333
98.7333
98.7333
98.7333
98.7333
98.7333
98.7333
98.7333
98.7333
98.7333
98.7333
98.7333
98.7667
98.7667
98.7667
98.7667
98.8333
98.8333
98.8333
98.8333
98.8333
98.8333
98.8333
98.8333
98.8333
98.8333
98.8333
98.8333
98.8333
98.8333
98.8333
98.8333
98.8333
98.8333
98.8333
98.8333
98.8333
98.8333
98.8333
98.8333
98.8333
98.8333
98.8333
98.8333
98.8333
98.8333
98.8333
98.8333
98.8333
98.8333
98.8333
98.8333
98.8333
98.8333
98.8333
98.8333
98.8333
98.8333
98.8333
98.8333
98.8333
98.8333
98.8333
98.8333
98.8333
98.8333
98.8333
98.8333
98.8333
98.8333
98.8333
98.8333
98.8333
98.8333
98.8333
98.8333
98.8667
98.8667
98.8667
98.8667
98.8667
98.8667
98.8667
98.8667
98.8667
98.8667
98.8667
98.8667
98.8667
98.8667
98.8667
98.8667
98.9
98.9
98.9
98.9
98.9
98.9
98.9
98.9
98.9667
98.9667
98.9667
98.9667
98.9667
98.9667
98.9667
98.9667
98.9667
98.9667
98.9667
98.9667
98.9667
98.9667
98.9667
98.9667
98.9667
98.9667
98.9667
98.9667
98.9667
98.9667
98.9667
98.9667
98.9667
98.9667
98.9667
98.9667
99
99
99
99
99
99
99
99
99
99
99
99
99
99
99
99
99
99
99
99
99
99
99
99
99
99
99
99
99
99
99
99
99
99
99
99
99
99
99
99
99.0333
99.0333
99.0333
99.0333
99.0667
99.0667
99.0667
99.0667
99.1
99.1
99.1
99.1
99.1
99.1
99.1
99.1
99.1
99.1
99.1
99.1
99.1
99.1
99.1
99.1
99.1
99.1
99.1
99.1
99.1
99.1
99.1
99.1
99.1
99.1
99.1
99.1
99.1
99.1
99.1
99.1
99.1333
99.1333
99.1333
99.1333
99.1333
99.1333
99.1333
99.1333
99.1333
99.1333
99.1333
99.1333
99.1333
99.1333
99.1333
99.1333
99.1333
99.1333
99.1333
99.1333
99.1333
99.1333
99.1333
99.1333
99.1333
99.1333
99.1333
99.1333
99.1333
99.1333
99.1333
99.1333
99.1333
99.1333
99.1333
99.1333
99.1333
99.1333
99.1333
99.1333
99.1333
99.1333
99.1333
99.1333
99.1333
99.1333
99.1333
99.1333
99.1333
99.1333
99.1333
99.1333
99.1333
99.1333
99.1333
99.1333
99.1333
99.1333
99.1333
99.1333
99.1333
99.1333
99.1333
