0
16.6667
16.6667
16.6667
16.6667
16.6667
16.6667
16.6667
16.6667
524.567
524.567
524.567
524.567
526.233
526.233
526.233
526.233
527.733
527.733
527.733
527.733
528.967
528.967
528.967
528.967
530.533
530.533
530.533
530.533
531.233
531.233
531.233
531.233
532.2
532.2
532.2
532.2
533.333
533.333
533.333
533.333
534.367
534.367
534.367
534.367
535.1
535.1
535.1
535.1
536.4
536.4
536.4
536.4
537.267
537.267
537.267
537.267
538
538
538
538
538.733
538.733
538.733
538.733
539.433
539.433
539.433
539.433
540.133
540.133
540.133
540.133
540.933
540.933
540.933
540.933
541.633
541.633
541.633
541.633
542.4
542.4
542.4
542.4
543.1
543.1
543.1
543.1
543.9
543.9
543.9
543.9
544.567
544.567
544.567
544.567
545.367
545.367
545.367
545.367
546.1
546.1
546.1
546.1
546.933
546.933
546.933
546.933
547.733
547.733
547.733
547.733
548.6
548.6
548.6
548.6
549.4
549.4
549.4
549.4
550.033
550.033
550.033
550.033
550.767
550.767
550.767
550.767
551.833
551.833
551.833
551.833
552.633
552.633
552.633
552.633
553.5
553.5
553.5
553.5
554.467
554.467
554.467
554.467
555.433
555.433
555.433
555.433
556.2
556.2
556.2
556.2
557.167
557.167
557.167
557.167
558.067
558.067
558.067
558.067
558.867
558.867
558.867
558.867
559.833
559.833
559.833
559.833
560.733
560.733
560.733
560.733
561.533
561.533
561.533
561.533
562.267
562.267
562.267
562.267
562.967
562.967
562.967
562.967
563.8
563.8
563.8
563.8
564.467
564.467
564.467
564.467
565.167
565.167
565.167
565.167
566.067
566.067
566.067
566.067
566.767
566.767
566.767
566.767
567.6
567.6
567.6
567.6
568.4
568.4
568.4
568.4
569.167
569.167
569.167
569.167
569.9
569.9
569.9
569.9
570.8
570.8
570.8
570.8
571.8
571.8
571.8
571.8
572.567
572.567
572.567
572.567
573.267
573.267
573.267
573.267
573.9
573.9
573.9
573.9
574.8
574.8
574.8
574.8
575.733
575.733
575.733
575.733
576.5
576.5
576.5
576.5
577.3
577.3
577.3
577.3
577.967
577.967
577.967
577.967
578.767
578.767
578.767
578.767
579.6
579.6
579.6
579.6
580.333
580.333
580.333
580.333
581.067
581.067
581.067
581.067
581.933
581.933
581.933
581.933
582.7
582.7
582.7
582.7
583.3
583.3
583.3
583.3
584.067
584.067
584.067
584.067
584.933
584.933
584.933
584.933
585.9
585.9
585.9
585.9
586.6
586.6
586.6
586.6
587.433
587.433
587.433
587.433
588.267
588.267
588.267
588.267
589.1
589.1
589.1
589.1
589.9
589.9
589.9
589.9
590.633
590.633
590.633
590.633
591.4
591.4
591.4
591.4
592.1
592.1
592.1
592.1
592.7
592.7
592.7
592.7
593.433
593.433
593.433
593.433
594.033
594.033
594.033
594.033
594.833
594.833
594.833
594.833
595.5
595.5
595.5
595.5
596.4
596.4
596.4
596.4
597.067
597.067
597.067
597.067
597.867
597.867
597.867
597.867
598.533
598.533
598.533
598.533
599.333
599.333
599.333
599.333
600.433
600.433
600.433
600.433
601.2
601.2
601.2
601.2
601.933
601.933
601.933
601.933
602.633
602.633
602.633
602.633
603.6
603.6
603.6
603.6
604.467
604.467
604.467
604.467
605.367
605.367
605.367
605.367
606.133
606.133
606.133
606.133
606.833
606.833
606.833
606.833
607.633
607.633
607.633
607.633
608.567
608.567
608.567
608.567
609.2
609.2
609.2
609.2
610.067
610.067
610.067
610.067
610.9
610.9
610.9
610.9
611.633
611.633
611.633
611.633
612.4
612.4
612.4
612.4
613.1
613.1
613.1
613.1
613.867
613.867
613.867
613.867
614.6
614.6
614.6
614.6
615.3
615.3
615.3
615.3
616.167
616.167
616.167
616.167
616.867
616.867
616.867
616.867
617.6
617.6
617.6
617.6
618.3
618.3
618.3
618.3
619
619
619
619
619.7
619.7
619.7
619.7
620.433
620.433
620.433
620.433
621.267
621.267
621.267
621.267
622.1
622.1
622.1
622.1
623.067
623.067
623.067
623.067
623.8
623.8
623.8
623.8
624.633
624.633
624.633
624.633
625.5
625.5
625.5
625.5
626.2
626.2
626.2
626.2
626.967
626.967
626.967
626.967
627.667
627.667
627.667
627.667
628.633
628.633
628.633
628.633
629.467
629.467
629.467
629.467
630.067
630.067
630.067
630.067
630.767
630.767
630.767
630.767
631.333
631.333
631.333
631.333
632.2
632.2
632.2
632.2
633.133
633.133
633.133
633.133
633.767
633.767
633.767
633.767
634.3
634.3
634.3
634.3
635.133
635.133
635.133
635.133
635.667
635.667
635.667
635.667
636.367
636.367
636.367
636.367
637.1
637.1
637.1
637.1
637.9
637.9
637.9
637.9
638.6
638.6
638.6
638.6
639.167
639.167
639.167
639.167
640
640
640
640
640.867
640.867
640.867
640.867
641.6
641.6
641.6
641.6
642.267
642.267
642.267
642.267
642.9
642.9
642.9
642.9
643.6
643.6
643.6
643.6
644.333
644.333
644.333
644.333
645.033
645.033
645.033
645.033
645.8
645.8
645.8
645.8
646.5
646.5
646.5
646.5
647.267
647.267
647.267
647.267
648
648
648
648
648.5
648.5
648.5
648.5
649.233
649.233
649.233
649.233
649.8
649.8
649.8
649.8
650.6
650.6
650.6
650.6
651.233
651.233
651.233
651.233
651.967
651.967
651.967
651.967
652.4
652.4
652.4
652.4
653
653
653
653
653.9
653.9
653.9
653.9
654.6
654.6
654.6
654.6
655.267
655.267
655.267
655.267
655.833
655.833
655.833
655.833
656.367
656.367
656.367
656.367
657.067
657.067
657.067
657.067
657.767
657.767
657.767
657.767
658.767
658.767
658.767
658.767
659.4
659.4
659.4
659.4
659.967
659.967
659.967
659.967
660.567
660.567
660.567
660.567
661.233
661.233
661.233
661.233
662
662
662
662
662.733
662.733
662.733
662.733
663.433
663.433
663.433
663.433
664.2
664.2
664.2
664.2
664.833
664.833
664.833
664.833
665.767
665.767
665.767
665.767
666.333
666.333
666.333
666.333
666.967
666.967
666.967
666.967
667.633
667.633
667.633
667.633
668.3
668.3
668.3
668.3
669
669
669
669
669.8
669.8
669.8
669.8
670.367
670.367
670.367
670.367
671
671
671
671
671.667
671.667
671.667
671.667
672.333
672.333
672.333
672.333
673
673
673
673
673.633
673.633
673.633
673.633
674.367
674.367
674.367
674.367
675.067
675.067
675.067
675.067
675.667
675.667
675.667
675.667
676.467
676.467
676.467
676.467
677.133
677.133
677.133
677.133
677.833
677.833
677.833
677.833
678.333
678.333
678.333
678.333
678.767
678.767
678.767
678.767
679.433
679.433
679.433
679.433
680.2
680.2
680.2
680.2
680.6
680.6
680.6
680.6
681.433
681.433
681.433
681.433
682.167
682.167
682.167
682.167
682.633
682.633
682.633
682.633
683.333
683.333
683.333
683.333
683.967
683.967
683.967
683.967
684.533
684.533
684.533
684.533
685.233
685.233
685.233
685.233
686
686
686
686
686.567
686.567
686.567
686.567
687.333
687.333
687.333
687.333
688
688
688
688
688.567
688.567
688.567
688.567
689.233
689.233
689.233
689.233
689.833
689.833
689.833
689.833
690.4
690.4
690.4
690.4
690.9
690.9
690.9
690.9
691.7
691.7
691.7
691.7
692.1
692.1
692.1
692.1
692.667
692.667
692.667
692.667
693.233
693.233
693.233
693.233
693.933
693.933
693.933
693.933
694.667
694.667
694.667
694.667
695.267
695.267
695.267
695.267
695.8
695.8
695.8
695.8
696.3
696.3
696.3
696.3
696.933
696.933
696.933
696.933
697.533
697.533
697.533
697.533
698.067
698.067
698.067
698.067
698.6
698.6
698.6
698.6
699.267
699.267
699.267
699.267
699.767
699.767
699.767
699.767
700.4
700.4
700.4
700.4
701.033
701.033
701.033
701.033
701.633
701.633
701.633
701.633
702.267
702.267
702.267
702.267
702.967
702.967
702.967
702.967
703.5
703.5
703.5
703.5
704.133
704.133
704.133
704.133
704.533
704.533
704.533
704.533
705.033
705.033
705.033
705.033
705.533
705.533
705.533
705.533
706.133
706.133
706.133
706.133
706.9
706.9
706.9
706.9
707.567
707.567
707.567
