0
0.266667
0.266667
0.266667
0.266667
0.266667
0.266667
0.266667
0.266667
7.5
7.5
7.5
7.5
7.8
7.8
7.8
7.8
8
8
8
8
8.16667
8.16667
8.16667
8.16667
8.36667
8.36667
8.36667
8.36667
8.53333
8.53333
8.53333
8.53333
8.76667
8.76667
8.76667
8.76667
9.03333
9.03333
9.03333
9.03333
9.13333
9.13333
9.13333
9.13333
9.26667
9.26667
9.26667
9.26667
9.33333
9.33333
9.33333
9.33333
9.36667
9.36667
9.36667
9.36667
9.43333
9.43333
9.43333
9.43333
9.43333
9.43333
9.43333
9.43333
9.53333
9.53333
9.53333
9.53333
9.56667
9.56667
9.56667
9.56667
9.6
9.6
9.6
9.6
9.63333
9.63333
9.63333
9.63333
9.66667
9.66667
9.66667
9.66667
9.66667
9.66667
9.66667
9.66667
9.7
9.7
9.7
9.7
9.7
9.7
9.7
9.7
9.73333
9.73333
9.73333
9.73333
9.73333
9.73333
9.73333
9.73333
9.8
9.8
9.8
9.8
9.8
9.8
9.8
9.8
9.8
9.8
9.8
9.8
9.8
9.8
9.8
9.8
9.8
9.8
9.8
9.8
9.8
9.8
9.8
9.8
9.8
9.8
9.8
9.8
9.8
9.8
9.8
9.8
9.8
9.8
9.8
9.8
9.8
9.8
9.8
9.8
9.8
9.8
9.8
9.8
9.8
9.8
9.8
9.8
9.8
9.8
9.8
9.8
9.8
9.8
9.8
9.8
9.8
9.8
9.8
9.8
9.86667
9.86667
9.86667
9.86667
9.86667
9.86667
9.86667
9.86667
9.86667
9.86667
9.86667
9.86667
9.86667
9.86667
9.86667
9.86667
9.86667
9.86667
9.86667
9.86667
9.86667
9.86667
9.86667
9.86667
9.86667
9.86667
9.86667
9.86667
9.86667
9.86667
9.86667
9.86667
9.86667
9.86667
9.86667
9.86667
9.86667
9.86667
9.86667
9.86667
9.9
9.9
9.9
9.9
9.9
9.9
9.9
9.9
9.9
9.9
9.9
9.9
9.9
9.9
9.9
9.9
9.9
9.9
9.9
9.9
9.9
9.9
9.9
9.9
9.9
9.9
9.9
9.9
9.93333
9.93333
9.93333
9.93333
9.93333
9.93333
9.93333
9.93333
9.93333
9.93333
9.93333
9.93333
9.93333
9.93333
9.93333
9.93333
9.93333
9.93333
9.93333
9.93333
9.93333
9.93333
9.93333
9.93333
9.93333
9.93333
9.93333
9.93333
9.93333
9.93333
9.93333
9.93333
9.93333
9.93333
9.93333
9.93333
9.93333
9.93333
9.93333
9.93333
9.93333
9.93333
9.93333
9.93333
9.93333
9.93333
9.93333
9.93333
9.96667
9.96667
9.96667
9.96667
9.96667
9.96667
9.96667
9.96667
9.96667
9.96667
9.96667
9.96667
9.96667
9.96667
9.96667
9.96667
9.96667
9.96667
9.96667
9.96667
9.96667
9.96667
9.96667
9.96667
9.96667
9.96667
9.96667
9.96667
9.96667
9.96667
9.96667
9.96667
9.96667
9.96667
9.96667
9.96667
10
10
10
10
10
10
10
10
10
10
10
10
10
10
10
10
10
10
10
10
10
10
10
10
10
10
10
10
10
10
10
10
10
10
10
10
10
10
10
10
10
10
10
10
10
10
10
10
10
10
10
10
10
10
10
10
10
10
10
10
10
10
10
10
10
10
10
10
10
10
10
10
10
10
10
10
10
10
10
10
10
10
10
10
10
10
10
10
10
10
10
10
10
10
10
10
10
10
10
10
10
10
10
10
10
10
10
10
10
10
10
10
10
10
10
10
10
10
10
10
10
10
10
10
10
10
10
10
10
10
10
10
10
10
10
10
10
10
10
10
10
10
10
10
10
10
10
10
10
10
10
10
10
10
10
10
10
10
10
10
10
10
10
10
10
10
10
10
10
10
10
10
10
10
10
10
10
10
10
10
10
10
10
10
10
10
10
10
10
10
10
10
10
10
10
10
10
10
10
10
10
10
10
10
10
10
10
10
10
10
10
10
10
10
10
10
10
10
10
10
10
10
10
10
10
10
10
10
10
10
10
10
10
10
10
10
10
10
10
10
10
10
10
10
10
10
10
10
10
10
10
10
10
10
10
10
10
10
10
10
10
10
10
10
10
10
10
10
10
10
10
10
10
10
10
10
10
10
10
10
10
10
10
10
10
10
10
10
10
10
10
10
10
10
10
10
10
10
10
10
10
10
10
10
10
10
10
10
10
10
10
10
10
10
10
10
10
10
10
10
10
10
10
10
10
10
10
10
10
10
10
10
10
10
10
10
10
10
10
10
10
10
10
10
10
10
10
10
10
10
10
10
10
10
10
10
10
10
10
10
10
10
10
10
10
10
10
10
10
10
10
10
10
10
10
10
10
10
10
10
10
10
10
10
10
10
10
10
10
10
10
10
10
10
10
10
10
10
10
10
10
10
10
10
10
10
10
10
10
10
10
10
10
10
10
10
10
10
10
10
10
10
10
10
10
10
10
10
10
10
10
10
10
10
10
10
10
10
10
10
10
10
10
10
10
10
10
10
10
10
10
10
10
10
10
10
10
10
10
10
10
10
10
10
10
10
10
10
10
10
10
10
10
10
10
10
10
10
10
10
10
10
10
10
10
10
10
10
10
10
10
10
10
10
10
10
10
10
10
10
10
10
10
10
10
10
10
10
10
10
10
10
10
10
10
10
10
10
10
10
10
10
10
10
10
10
10
10
10
10
10
10
10
10
10
10
10
10
10
10
10
10
10
10
10
10
10
10
10
10
10
10
10
10
10
10
10
10
10
10
10
10
10
10
10
10
10
10
10
10
10
10
10
10
10
10
10
10
10
10
10
10
10
10
10
10
10
10
10
10
10
10
10
10
10
10
10
10
10
10
10
10
10
10
10
10
10
10
10
10
10
10
10
10
10
10
10
10
10
10
10
10
10
10
10
10
10
10
10
10
10
10
10
10
10
10
10
10
10
10
10
10
10
10
10
10
10
10
10
10
10
10
10
10
10
10
10
10
10
10
10
10
10
10
10
10
10
10
10
10
10
10
10
10
10
10
10
10
10
10
10
10
10
