1.02471e+010
663083
663083
663083
33178.7
33178.7
33178.7
11848.9
11848.9
11848.9
11848.9
1321.2
131.006
76.3717
55.3504
55.3504
55.3504
55.3504
55.3504
52.2782
52.2782
50.8262
47.7904
41.8759
40.5174
40.5174
40.5174
40.5174
40.5174
36.7295
36.7295
35.367
32.6654
32.6654
32.164
30.6532
29.8847
28.5752
26.1273
23.6961
21.8896
21.8896
21.8896
21.7162
21.7162
20.4621
18.5503
18.3346
18.3225
18.3225
18.2188
15.5753
15.5753
15.5753
13.6568
12.9103
11.8498
11.8498
11.3516
10.8777
10.1469
8.29916
8.29916
8.29916
8.29916
7.94008
7.94008
7.90031
7.00168
7.00168
5.89408
5.89408
5.89408
5.89408
5.89408
5.41641
5.41641
3.87895
3.87895
3.7393
3.7393
3.7393
3.7393
3.5816
3.5816
3.34917
2.88635
2.88635
2.88635
2.64747
2.56823
2.29333
1.89252
1.89252
1.89252
1.89252
1.89252
1.79094
1.69358
1.49883
1.49883
1.40747
1.40747
1.38925
1.29369
1.13785
1.13785
1.13785
1.11404
1.11404
1.11404
1.04632
1.00127
1.00127
0.893962
0.672501
0.672501
0.672501
0.672501
0.672501
0.672501
0.672501
0.641069
0.618111
0.618111
0.570905
0.564765
0.564765
0.564765
0.54292
0.474194
0.474061
0.434655
0.35707
0.35707
0.35707
0.35707
0.356327
0.356327
0.341098
0.341098
0.328633
0.274399
0.267604
0.267604
0.249453
0.244312
0.232995
0.196601
0.196601
0.186449
0.176818
0.172344
0.165088
0.165088
0.156346
0.156346
0.149218
0.149218
0.14521
0.127485
0.127485
0.125315
0.123822
0.121206
0.116852
0.102801
0.101237
0.100467
0.087066
0.0851237
0.0851237
0.0810035
0.0810035
0.0713638
0.0680413
0.0680413
0.0680413
0.0577562
0.0577562
0.0577562
0.0557294
0.0553696
0.049552
0.0436091
0.0436091
0.0436091
0.0407763
0.0407763
0.0380065
0.0375964
0.0375964
0.0325902
0.0308603
0.0292196
0.0292196
0.0292196
0.0292196
0.0278195
0.0278195
0.0278195
0.0265497
0.0244225
0.0236971
0.0228555
0.0220398
0.0220398
0.0220398
0.0215958
0.0211317
0.0211317
0.0193199
0.0188418
0.0182115
0.0176218
0.0175853
0.0166205
0.0156854
0.0151769
0.0150013
0.0150013
0.0138815
0.013664
0.0124857
0.0124857
0.0111491
0.00953951
0.00953951
0.00847578
0.0080913
0.0080913
0.00788095
0.00788095
0.00669257
0.00669257
0.00669257
0.00669257
0.00639386
0.00575416
0.00552046
0.00469963
0.00469963
0.00446926
0.00446926
0.00416014
0.00406744
0.00369357
0.00338201
0.00318722
0.00318722
0.00257301
0.00257301
0.00257301
0.00256791
0.00256791
0.00256791
0.0020964
0.00199584
0.00199584
0.00199584
0.00199584
0.00199584
0.00154357
0.00154357
0.00154357
0.00154357
0.00143729
0.00137397
0.00119271
0.00119271
0.00119271
0.00119271
0.00116182
0.00108184
0.00108184
0.00108184
0.00104417
0.00100012
0.00100012
0.000860808
0.000860808
0.000844233
0.00081744
0.000808445
0.000748831
0.000743757
0.000729471
0.000646561
0.000646561
0.000629915
0.000484071
0.000484071
0.000484071
0.000484071
0.000484071
0.000420248
0.000420248
0.000420248
0.000413506
0.000389986
0.000357993
0.000357993
0.000357993
0.000357993
0.00035465
0.00035465
0.000283023
0.000283023
0.000283023
0.000282649
0.000282649
0.000282649
0.000280074
0.000260417
0.000260417
0.000233647
0.000233139
0.000217698
0.000194476
0.000194476
0.000181372
0.000166117
0.000166117
0.000161477
0.000145943
0.000145943
0.000134198
0.000129425
0.000129425
0.000129425
0.000115708
0.000115508
0.000115508
0.000113525
0.000100696
9.70651e-005
9.70651e-005
8.9477e-005
8.9477e-005
8.9477e-005
8.46275e-005
7.67587e-005
6.69901e-005
6.69901e-005
6.69901e-005
6.69901e-005
6.69306e-005
6.68949e-005
6.48936e-005
6.14927e-005
5.89303e-005
5.89303e-005
5.70842e-005
5.65044e-005
5.65044e-005
5.56742e-005
5.2939e-005
4.93281e-005
4.33616e-005
4.33616e-005
4.33616e-005
4.33616e-005
4.23852e-005
4.23852e-005
4.23852e-005
4.21466e-005
3.74125e-005
3.74125e-005
3.74125e-005
3.74125e-005
3.74125e-005
3.61545e-005
3.58914e-005
3.27702e-005
3.23694e-005
3.08832e-005
2.83637e-005
2.83637e-005
2.83637e-005
2.83637e-005
2.75989e-005
2.52496e-005
2.52496e-005
2.49178e-005
2.32999e-005
2.32999e-005
2.12076e-005
1.44991e-005
1.37852e-005
1.12968e-005
1.12968e-005
9.21819e-006
9.11216e-006
8.61885e-006
8.20509e-006
8.20509e-006
8.20509e-006
8.20509e-006
7.55984e-006
7.51047e-006
7.22254e-006
7.15266e-006
7.15266e-006
5.76955e-006
5.76955e-006
5.76955e-006
5.58084e-006
4.97091e-006
4.66093e-006
4.66093e-006
4.66093e-006
4.40149e-006
4.40149e-006
4.40149e-006
3.74165e-006
3.44822e-006
3.30082e-006
3.30082e-006
3.24011e-006
3.24011e-006
3.14529e-006
3.02127e-006
2.8232e-006
2.20308e-006
2.20308e-006
2.20308e-006
2.20308e-006
1.86468e-006
1.78962e-006
1.78962e-006
1.78947e-006
1.74039e-006
1.74039e-006
1.74039e-006
1.40282e-006
1.40282e-006
1.40282e-006
1.40282e-006
1.31994e-006
1.2988e-006
1.2988e-006
1.2988e-006
1.2777e-006
1.18025e-006
1.05044e-006
1.05044e-006
1.02376e-006
1.02376e-006
9.01739e-007
9.01739e-007
9.01739e-007
9.01739e-007
8.4152e-007
8.4152e-007
7.35315e-007
7.35315e-007
6.94036e-007
6.81591e-007
6.36256e-007
6.32148e-007
6.32148e-007
5.78948e-007
5.58431e-007
5.04312e-007
4.79101e-007
4.79101e-007
4.55099e-007
4.17522e-007
4.17522e-007
3.66243e-007
3.52795e-007
3.43655e-007
3.43655e-007
3.30727e-007
2.77925e-007
2.77925e-007
2.77925e-007
2.53143e-007
2.53143e-007
2.25226e-007
1.8854e-007
1.8854e-007
1.8854e-007
1.73477e-007
1.73477e-007
1.70644e-007
1.70644e-007
1.58966e-007
1.20186e-007
1.09901e-007
1.09901e-007
1.09901e-007
1.04362e-007
1.04362e-007
1.03592e-007
9.18329e-008
9.14672e-008
9.12508e-008
8.5608e-008
8.5608e-008
7.21837e-008
7.21837e-008
6.94841e-008
6.64917e-008
6.64917e-008
6.1413e-008
5.99688e-008
5.99688e-008
5.99688e-008
5.63842e-008
5.1388e-008
4.99277e-008
4.81433e-008
4.44022e-008
4.15178e-008
4.07203e-008
4.07203e-008
3.85558e-008
3.85558e-008
3.74199e-008
3.68243e-008
3.39012e-008
3.17656e-008
3.00943e-008
2.83985e-008
2.67216e-008
2.3501e-008
2.3501e-008
2.3501e-008
2.3501e-008
2.23771e-008
1.92516e-008
1.91699e-008
1.72145e-008
1.72145e-008
1.72145e-008
1.61589e-008
1.61589e-008
1.46939e-008
1.46939e-008
1.30038e-008
1.30038e-008
1.30038e-008
1.29529e-008
1.29529e-008
1.23587e-008
1.20049e-008
1.05811e-008
9.61746e-009
9.1499e-009
9.1499e-009
9.1499e-009
8.22649e-009
7.87626e-009
7.87626e-009
7.87626e-009
7.58038e-009
6.77503e-009
6.52546e-009
6.00279e-009
5.9649e-009
5.16463e-009
5.16463e-009
4.50196e-009
4.50196e-009
4.50196e-009
3.885e-009
3.53843e-009
3.53843e-009
3.45868e-009
2.92543e-009
2.92543e-009
2.7034e-009
2.50886e-009
2.49844e-009
2.49844e-009
2.38712e-009
2.38712e-009
2.34115e-009
2.02911e-009
1.91438e-009
1.89591e-009
1.89591e-009
1.7696e-009
1.71647e-009
1.52503e-009
1.48364e-009
1.36377e-009
1.29087e-009
1.1438e-009
1.02361e-009
1.02361e-009
1.02361e-009
9.89765e-010
9.89765e-010
9.89765e-010
9.89765e-010
6.9925e-010
6.9925e-010
6.9925e-010
6.9925e-010
6.9925e-010
5.746e-010
5.29152e-010
5.29152e-010
4.9591e-010
4.9591e-010
4.9591e-010
4.9591e-010
4.9591e-010
4.39295e-010
4.17366e-010
4.17366e-010
3.77102e-010
3.19235e-010
3.19235e-010
3.19235e-010
2.96824e-010
2.96824e-010
2.56019e-010
2.56019e-010
2.50433e-010
2.50433e-010
2.41593e-010
2.1176e-010
2.071e-010
1.97872e-010
1.97872e-010
1.80528e-010
1.6199e-010
1.6199e-010
1.42998e-010
1.21259e-010
1.21259e-010
1.05424e-010
1.02612e-010
1.02612e-010
9.91741e-011
9.91741e-011
9.91741e-011
9.49097e-011
9.49097e-011
8.52704e-011
7.43509e-011
7.43509e-011
7.43509e-011
7.43509e-011
7.12285e-011
7.12285e-011
6.15405e-011
6.07171e-011
6.00941e-011
5.91947e-011
5.8582e-011
5.75234e-011
5.35158e-011
5.30399e-011
5.22152e-011
4.42612e-011
4.42612e-011
4.42612e-011
4.05424e-011
4.00097e-011
3.79855e-011
3.71172e-011
3.35283e-011
3.33887e-011
3.09238e-011
2.8168e-011
2.60541e-011
2.60541e-011
2.4458e-011
2.4458e-011
2.4458e-011
2.2593e-011
2.10393e-011
2.10393e-011
1.89273e-011
1.57087e-011
1.57087e-011
1.34922e-011
1.34922e-011
1.34208e-011
1.33202e-011
1.28192e-011
1.20195e-011
1.16136e-011
1.15837e-011
1.10027e-011
1.0326e-011
9.75753e-012
9.10442e-012
8.67691e-012
8.19127e-012
8.0347e-012
7.35675e-012
6.40661e-012
6.40661e-012
6.40661e-012
6.36131e-012
6.33973e-012
5.24577e-012
5.24577e-012
4.5308e-012
4.43664e-012
4.41795e-012
4.16248e-012
3.89394e-012
3.89394e-012
3.39871e-012
3.39871e-012
3.39871e-012
3.08423e-012
3.08423e-012
3.08423e-012
3.08423e-012
3.08423e-012
3.02548e-012
2.83108e-012
2.40161e-012
2.40161e-012
2.40161e-012
2.36906e-012
2.07734e-012
2.04898e-012
1.73984e-012
1.73984e-012
1.69553e-012
1.68379e-012
1.56385e-012
1.53648e-012
1.37184e-012
1.37184e-012
1.29757e-012
1.18718e-012
1.07899e-012
1.07899e-012
1.07899e-012
9.03904e-013
9.03904e-013
8.16193e-013
8.16193e-013
8.16193e-013
8.16193e-013
8.16193e-013
8.16193e-013
7.84408e-013
7.48814e-013
6.72299e-013
6.72299e-013
6.24429e-013
5.60048e-013
5.25847e-013
5.25847e-013
4.54019e-013
4.54019e-013
4.25762e-013
4.25762e-013
4.25762e-013
4.12544e-013
3.83639e-013
3.57496e-013
3.46993e-013
3.0026e-013
2.92245e-013
2.92245e-013
2.72335e-013
2.72335e-013
2.664e-013
2.48069e-013
2.14116e-013
1.90316e-013
1.90316e-013
1.90316e-013
1.77082e-013
1.77082e-013
1.72182e-013
1.57508e-013
1.54505e-013
1.54485e-013
1.26094e-013
1.18543e-013
1.02581e-013
1.00515e-013
9.98357e-014
8.84052e-014
8.84052e-014
8.84052e-014
7.99835e-014
7.95438e-014
7.95438e-014
7.70543e-014
7.36433e-014
7.14755e-014
7.14755e-014
6.69572e-014
6.13939e-014
5.95435e-014
5.63722e-014
4.28491e-014
4.28491e-014
4.28491e-014
4.04784e-014
4.04784e-014
4.04784e-014
4.04784e-014
3.6024e-014
3.50194e-014
3.50194e-014
3.2195e-014
3.2195e-014
2.62289e-014
2.62289e-014
2.62289e-014
2.36637e-014
2.36637e-014
2.05571e-014
1.90708e-014
1.90708e-014
1.65377e-014
1.65377e-014
1.65377e-014
1.65377e-014
1.65377e-014
1.60663e-014
1.35548e-014
1.35548e-014
1.30312e-014
1.20811e-014
1.20811e-014
1.16408e-014
1.03629e-014
1.00293e-014
8.46786e-015
8.46786e-015
7.67633e-015
6.66984e-015
6.66984e-015
6.44672e-015
6.37128e-015
6.37128e-015
6.0383e-015
5.093e-015
4.30553e-015
4.30553e-015
4.30553e-015
3.72099e-015
3.72099e-015
3.72099e-015
3.7006e-015
3.7006e-015
3.23111e-015
3.22734e-015
2.99337e-015
2.65609e-015
2.65609e-015
2.65609e-015
2.58457e-015
2.52522e-015
2.42373e-015
2.39338e-015
2.34611e-015
1.95889e-015
1.87235e-015
1.87235e-015
1.87235e-015
1.87235e-015
1.78385e-015
1.58259e-015
1.5234e-015
1.42361e-015
1.25378e-015
1.25378e-015
1.24018e-015
1.11465e-015
1.11465e-015
1.11465e-015
1.00955e-015
9.62866e-016
7.6193e-016
7.6193e-016
7.6193e-016
7.6193e-016
7.20654e-016
7.12408e-016
6.97051e-016
6.86639e-016
6.84897e-016
5.39379e-016
5.39379e-016
5.39379e-016
5.39379e-016
5.04991e-016
4.69164e-016
4.36549e-016
4.26585e-016
3.77406e-016
3.54343e-016
3.54343e-016
3.48692e-016
3.42665e-016
3.08693e-016
2.6841e-016
2.6841e-016
2.6841e-016
2.62373e-016
2.57737e-016
2.46879e-016
2.42735e-016
2.42735e-016
2.1498e-016
2.1498e-016
1.91973e-016
1.91973e-016
1.91973e-016
1.88173e-016
1.73468e-016
1.56824e-016
1.56824e-016
1.47797e-016
1.2956e-016
1.2956e-016
1.2956e-016
1.2956e-016
1.13682e-016
1.13682e-016
1.11407e-016
1.05242e-016
1.03736e-016
8.825e-017
8.52179e-017
8.52179e-017
8.52179e-017
8.13746e-017
7.89642e-017
7.7942e-017
7.63538e-017
6.92183e-017
6.44001e-017
6.06617e-017
5.89062e-017
5.77453e-017
5.04044e-017
4.89541e-017
4.89541e-017
4.89541e-017
4.38147e-017
4.38147e-017
3.99601e-017
3.93498e-017
3.76022e-017
3.43349e-017
2.84861e-017
2.84861e-017
2.84861e-017
2.65519e-017
2.45725e-017
2.41946e-017
2.25499e-017
2.12357e-017
2.04774e-017
1.9598e-017
1.79197e-017
1.78942e-017
1.6703e-017
1.60381e-017
1.59364e-017
1.49232e-017
1.32668e-017
1.04756e-017
1.00776e-017
9.4084e-018
9.4084e-018
9.21021e-018
9.16744e-018
9.12612e-018
9.12612e-018
6.52637e-018
6.52637e-018
6.52637e-018
6.52637e-018
6.52637e-018
6.37896e-018
5.39908e-018
5.09973e-018
5.09973e-018
5.09973e-018
4.67481e-018
4.66033e-018
4.66033e-018
4.33394e-018
4.01868e-018
4.00744e-018
3.43449e-018
3.43449e-018
3.43449e-018
3.40568e-018
3.40568e-018
3.40568e-018
3.07031e-018
2.72247e-018
2.72247e-018
2.38312e-018
2.38312e-018
2.38312e-018
2.38312e-018
2.37722e-018
2.37722e-018
2.08356e-018
2.08356e-018
2.08356e-018
2.08356e-018
2.08356e-018
2.03105e-018
1.97774e-018
1.9418e-018
1.93242e-018
1.77821e-018
1.77821e-018
1.77821e-018
1.63314e-018
1.4266e-018
1.4266e-018
1.33692e-018
1.17849e-018
1.05055e-018
1.05055e-018
1.02322e-018
1.02322e-018
8.43921e-019
8.43921e-019
8.43921e-019
8.1434e-019
8.1434e-019
7.4073e-019
7.21388e-019
5.39138e-019
5.39138e-019
5.39138e-019
5.29471e-019
4.44988e-019
4.44988e-019
3.90838e-019
3.90838e-019
3.90838e-019
3.90838e-019
3.90838e-019
3.77206e-019
3.46036e-019
3.46036e-019
2.97584e-019
2.97584e-019
2.96652e-019
2.90497e-019
2.90497e-019
2.52513e-019
2.50021e-019
2.50021e-019
2.50021e-019
2.50021e-019
2.50021e-019
2.28263e-019
2.28263e-019
2.05918e-019
2.05918e-019
2.05918e-019
1.84063e-019
1.67143e-019
1.67143e-019
1.65553e-019
1.63027e-019
1.46431e-019
1.46431e-019
1.46431e-019
1.3965e-019
1.39491e-019
1.34235e-019
1.23609e-019
1.23609e-019
1.05693e-019
1.05693e-019
1.05693e-019
9.65371e-020
9.44608e-020
9.21747e-020
9.21747e-020
8.0534e-020
7.36778e-020
7.36778e-020
6.48619e-020
6.48619e-020
6.43354e-020
6.43354e-020
6.15726e-020
5.74038e-020
5.18797e-020
4.63833e-020
4.32103e-020
4.15524e-020
4.15524e-020
3.46743e-020
3.2553e-020
3.2553e-020
3.2553e-020
3.24308e-020
3.24308e-020
3.03442e-020
2.60808e-020
2.60808e-020
2.60808e-020
2.60808e-020
2.31237e-020
2.27078e-020
2.27078e-020
2.08942e-020
1.94365e-020
1.94365e-020
1.93641e-020
1.80843e-020
1.80843e-020
1.72122e-020
1.72122e-020
1.72122e-020
1.68391e-020
1.68391e-020
1.56559e-020
1.49017e-020
1.38284e-020
1.27912e-020
1.27912e-020
1.27328e-020
1.17736e-020
1.08346e-020
8.60431e-021
8.60431e-021
8.60431e-021
7.2317e-021
6.57317e-021
5.97347e-021
5.97347e-021
5.97347e-021
5.97347e-021
5.65305e-021
5.65305e-021
5.65305e-021
5.65305e-021
5.65305e-021
5.49066e-021
5.07897e-021
5.07897e-021
5.06569e-021
4.4461e-021
4.4461e-021
3.94151e-021
3.60773e-021
3.60773e-021
3.48469e-021
3.29156e-021
3.13739e-021
2.92064e-021
2.92064e-021
2.80981e-021
2.75131e-021
2.72649e-021
2.30378e-021
2.30378e-021
2.30378e-021
2.30378e-021
2.30378e-021
2.05947e-021
1.90604e-021
1.87288e-021
1.84388e-021
1.66704e-021
1.66704e-021
1.66226e-021
1.58203e-021
1.58203e-021
1.58203e-021
1.49323e-021
1.49323e-021
1.45791e-021
1.35785e-021
1.14818e-021
1.14818e-021
1.14818e-021
1.14818e-021
1.14818e-021
1.03606e-021
1.03606e-021
9.9261e-022
9.9261e-022
9.53226e-022
8.53845e-022
7.97156e-022
7.97156e-022
7.97156e-022
7.97156e-022
7.97156e-022
7.97156e-022
7.77124e-022
7.402e-022
7.38663e-022
7.02897e-022
6.5754e-022
6.28919e-022
6.0585e-022
6.0585e-022
5.43689e-022
5.43689e-022
5.43689e-022
5.43689e-022
5.43689e-022
5.23133e-022
5.05727e-022
5.05727e-022
4.97364e-022
4.78605e-022
4.47707e-022
4.47707e-022
4.47707e-022
4.39522e-022
4.39522e-022
4.2364e-022
4.2364e-022
4.07517e-022
3.88965e-022
3.70155e-022
3.32129e-022
2.7627e-022
1.7617e-022
1.7617e-022
1.47003e-022
1.47003e-022
1.36691e-022
1.36691e-022
1.36691e-022
1.36691e-022
1.34445e-022
1.27874e-022
1.2011e-022
1.18952e-022
1.07922e-022
1.07922e-022
1.01978e-022
1.01978e-022
9.68393e-023
9.47407e-023
8.34103e-023
8.34103e-023
7.78164e-023
7.78164e-023
6.82476e-023
6.51921e-023
6.51921e-023
6.16764e-023
6.13681e-023
5.67366e-023
5.49417e-023
5.19976e-023
4.89426e-023
4.81355e-023
4.45481e-023
4.45481e-023
4.45481e-023
3.9272e-023
3.80691e-023
3.75648e-023
3.72585e-023
3.20222e-023
3.20222e-023
3.17829e-023
2.52028e-023
2.52028e-023
2.36143e-023
2.36143e-023
2.36143e-023
2.36143e-023
2.25931e-023
2.25931e-023
2.18168e-023
2.0167e-023
1.92645e-023
1.92645e-023
1.84803e-023
1.71372e-023
1.59417e-023
1.59417e-023
1.59048e-023
1.56891e-023
1.28204e-023
1.24269e-023
1.24269e-023
1.24269e-023
1.22239e-023
1.22239e-023
1.21447e-023
1.21026e-023
1.11684e-023
1.10935e-023
9.49107e-024
9.49107e-024
8.70197e-024
8.43745e-024
8.07523e-024
7.87296e-024
7.87296e-024
7.87296e-024
7.87296e-024
7.04153e-024
6.78825e-024
6.43865e-024
6.14568e-024
6.14568e-024
5.98123e-024
5.652e-024
5.652e-024
5.32612e-024
5.07466e-024
4.92282e-024
4.92282e-024
4.25844e-024
4.25844e-024
3.95475e-024
3.95475e-024
3.735e-024
3.59914e-024
3.36106e-024
3.36106e-024
3.13946e-024
3.10713e-024
3.05219e-024
2.8815e-024
2.8815e-024
2.70593e-024
2.63508e-024
2.61181e-024
2.54074e-024
2.42044e-024
2.047e-024
2.00246e-024
2.00246e-024
2.00246e-024
1.92912e-024
1.88545e-024
1.81015e-024
1.64744e-024
1.578e-024
1.5565e-024
1.47838e-024
1.31355e-024
1.31355e-024
1.31355e-024
1.29978e-024
1.29978e-024
1.22754e-024
1.19241e-024
1.11611e-024
1.11611e-024
1.07053e-024
1.05874e-024
1.05874e-024
1.02743e-024
1.02726e-024
9.88528e-025
9.10515e-025
9.10515e-025
9.10515e-025
8.74955e-025
8.6526e-025
8.35408e-025
8.35408e-025
8.35408e-025
8.35408e-025
8.14349e-025
8.14349e-025
7.93552e-025
7.88012e-025
7.84388e-025
7.47789e-025
7.28515e-025
7.2228e-025
7.16724e-025
7.16724e-025
7.14128e-025
6.92955e-025
6.92955e-025
6.84953e-025
6.67592e-025
6.66587e-025
6.59382e-025
6.54781e-025
6.48478e-025
6.43653e-025
6.3996e-025
6.24005e-025
6.22925e-025
6.01746e-025
6.01746e-025
5.87692e-025
5.87504e-025
5.87504e-025
5.74798e-025
5.68606e-025
5.56873e-025
5.56873e-025
5.55798e-025
5.42165e-025
5.42165e-025
5.42165e-025
5.42165e-025
5.29043e-025
5.29043e-025
5.20048e-025
5.17649e-025
5.15366e-025
5.15366e-025
5.14685e-025
5.092e-025
5.092e-025
5.092e-025
5.092e-025
5.08827e-025
5.05141e-025
4.98737e-025
4.98737e-025
4.98023e-025
4.98023e-025
4.96491e-025
4.96491e-025
4.94604e-025
4.93278e-025
4.93278e-025
4.92215e-025
4.89449e-025
4.89396e-025
4.88217e-025
4.87812e-025
4.87812e-025
4.85185e-025
4.84767e-025
4.84694e-025
4.83821e-025
4.81367e-025
4.81367e-025
4.8026e-025
4.8026e-025
4.79357e-025
4.78257e-025
4.77219e-025
4.77219e-025
4.77219e-025
4.76146e-025
4.74749e-025
4.74749e-025
4.73745e-025
4.73057e-025
4.73057e-025
4.73057e-025
4.72638e-025
4.72029e-025
4.7195e-025
4.7195e-025
4.71737e-025
4.71737e-025
4.7124e-025
4.70834e-025
4.70834e-025
4.70299e-025
4.70066e-025
4.6861e-025
4.68493e-025
4.67834e-025
4.67616e-025
4.66945e-025
4.6567e-025
4.63227e-025
4.55527e-025
4.22366e-025
3.33372e-025
2.67044e-025
1.2344e-025
2.60198e-026
2.60198e-026
2.50294e-026
2.50294e-026
2.50223e-026
2.50223e-026
2.21765e-026
2.21765e-026
2.21765e-026
2.03432e-026
2.03432e-026
2.03166e-026
1.94336e-026
1.81575e-026
1.81575e-026
1.60794e-026
1.60794e-026
1.60794e-026
1.60794e-026
1.60794e-026
1.56936e-026
1.56936e-026
1.47663e-026
1.45668e-026
1.45668e-026
1.40914e-026
1.32767e-026
1.32767e-026
1.19877e-026
1.19877e-026
1.13599e-026
1.08915e-026
1.08915e-026
1.08915e-026
1.08915e-026
1.04139e-026
1.0364e-026
9.7909e-027
9.7909e-027
9.61166e-027
9.20587e-027
8.373e-027
8.23218e-027
7.90866e-027
7.76045e-027
7.76045e-027
7.46618e-027
7.46618e-027
6.7268e-027
6.7268e-027
6.67564e-027
5.93122e-027
5.93122e-027
5.6627e-027
5.29395e-027
5.29395e-027
5.29395e-027
5.29395e-027
5.18925e-027
4.16522e-027
4.16522e-027
4.16522e-027
4.16522e-027
4.16522e-027
3.77127e-027
3.77127e-027
3.32459e-027
3.32459e-027
3.32459e-027
2.83447e-027
2.83447e-027
2.56608e-027
2.56608e-027
2.38894e-027
2.38894e-027
2.32229e-027
2.31678e-027
2.31678e-027
1.98035e-027
1.98035e-027
1.89403e-027
1.89403e-027
1.8239e-027
1.8239e-027
1.71789e-027
1.71789e-027
1.67047e-027
1.51112e-027
1.46584e-027
1.32863e-027
1.30433e-027
1.09418e-027
1.09418e-027
1.09418e-027
8.96563e-028
8.51274e-028
8.51274e-028
8.48649e-028
7.40365e-028
7.40365e-028
7.40365e-028
6.93687e-028
6.93687e-028
6.93687e-028
6.20752e-028
6.20752e-028
5.83859e-028
5.61068e-028
5.41416e-028
5.41416e-028
5.21833e-028
5.00081e-028
4.12305e-028
4.12305e-028
4.10531e-028
4.10531e-028
3.41567e-028
3.18694e-028
3.18694e-028
3.18694e-028
2.67088e-028
2.67088e-028
2.67088e-028
2.67088e-028
2.67088e-028
2.67088e-028
2.27358e-028
2.26994e-028
2.12174e-028
2.12174e-028
1.8501e-028
1.8501e-028
1.8501e-028
1.8501e-028
1.8501e-028
1.74325e-028
1.65562e-028
1.62278e-028
1.62278e-028
1.62278e-028
1.58233e-028
1.51558e-028
1.46256e-028
1.40326e-028
1.32943e-028
1.11893e-028
1.11893e-028
1.11893e-028
1.11893e-028
1.11893e-028
1.06763e-028
1.03766e-028
9.7306e-029
9.67563e-029
9.25e-029
9.00679e-029
8.06349e-029
8.06349e-029
7.88926e-029
7.88926e-029
7.88926e-029
7.88926e-029
7.61846e-029
7.15002e-029
6.8358e-029
6.79206e-029
6.7434e-029
6.45356e-029
6.08232e-029
5.72131e-029
5.72131e-029
5.5271e-029
5.5271e-029
5.5271e-029
5.44406e-029
5.3594e-029
5.13517e-029
5.13517e-029
4.88829e-029
4.88829e-029
4.86043e-029
4.81699e-029
4.7433e-029
4.7433e-029
4.67994e-029
4.58631e-029
4.56682e-029
4.23296e-029
4.10964e-029
4.04322e-029
4.04322e-029
3.97384e-029
3.86223e-029
3.73456e-029
3.73456e-029
3.69368e-029
3.61263e-029
3.61263e-029
3.57508e-029
3.50193e-029
3.46733e-029
3.44181e-029
3.33747e-029
3.23113e-029
3.20419e-029
3.16824e-029
3.16824e-029
3.16199e-029
3.04785e-029
3.04641e-029
3.01687e-029
2.97032e-029
2.97032e-029
2.90417e-029
2.90417e-029
2.90417e-029
2.88047e-029
2.76697e-029
2.76697e-029
2.73219e-029
2.73219e-029
2.72251e-029
2.70143e-029
2.65858e-029
2.65858e-029
2.64392e-029
2.6042e-029
2.55625e-029
2.49903e-029
2.27089e-029
1.82419e-029
1.32105e-029
9.20109e-030
7.62936e-030
7.62936e-030
6.92466e-030
6.92466e-030
6.92466e-030
5.52971e-030
5.52971e-030
4.80175e-030
4.80175e-030
4.40759e-030
4.40759e-030
4.23129e-030
4.23129e-030
3.90481e-030
3.90481e-030
3.90481e-030
3.15732e-030
3.15732e-030
3.15732e-030
2.72447e-030
2.72447e-030
2.72447e-030
2.71223e-030
2.55496e-030
2.55496e-030
2.43415e-030
2.28231e-030
1.91437e-030
1.90458e-030
1.90458e-030
1.90458e-030
1.86742e-030
1.74356e-030
1.63156e-030
1.63156e-030
1.58361e-030
1.50909e-030
1.45227e-030
1.45227e-030
1.30917e-030
1.30917e-030
1.23409e-030
1.22651e-030
1.22651e-030
1.19904e-030
1.19904e-030
1.19904e-030
1.15385e-030
1.13307e-030
1.11781e-030
1.08535e-030
1.08535e-030
1.03765e-030
9.92904e-031
9.92904e-031
9.92904e-031
9.85288e-031
8.84353e-031
8.62571e-031
8.29809e-031
7.3698e-031
6.80712e-031
6.4472e-031
5.96569e-031
5.96569e-031
5.96569e-031
5.96569e-031
5.89243e-031
5.86153e-031
5.71198e-031
5.58459e-031
5.13941e-031
5.13941e-031
5.03804e-031
5.03804e-031
5.03804e-031
4.74147e-031
4.74147e-031
4.61137e-031
4.61137e-031
4.21663e-031
3.94708e-031
3.94708e-031
3.83514e-031
3.83514e-031
3.83514e-031
3.66843e-031
3.66843e-031
3.5473e-031
3.50123e-031
3.50123e-031
3.34743e-031
3.34743e-031
3.34743e-031
3.19301e-031
3.19301e-031
3.11799e-031
3.11799e-031
3.11654e-031
3.02179e-031
3.02179e-031
3.01214e-031
2.92697e-031
2.89502e-031
2.89502e-031
2.88688e-031
2.88688e-031
2.86214e-031
2.81499e-031
2.81263e-031
2.79209e-031
2.76228e-031
2.74017e-031
2.71787e-031
2.69957e-031
2.69957e-031
2.6656e-031
2.6656e-031
2.64237e-031
2.62874e-031
2.62874e-031
2.59645e-031
2.57023e-031
2.49881e-031
2.45114e-031
2.12623e-031
1.23527e-031
8.40892e-032
8.00307e-032
6.89547e-032
6.89547e-032
5.86361e-032
5.86361e-032
5.08796e-032
5.08796e-032
4.39962e-032
4.39962e-032
4.39962e-032
4.39962e-032
4.39962e-032
4.39962e-032
4.06983e-032
4.02123e-032
3.76158e-032
3.44016e-032
3.44016e-032
3.24635e-032
3.24635e-032
3.24635e-032
3.10477e-032
3.10477e-032
3.10477e-032
2.69677e-032
2.69677e-032
2.63206e-032
2.58189e-032
2.53874e-032
2.44923e-032
2.29776e-032
2.15489e-032
2.15489e-032
1.83286e-032
1.83286e-032
1.81083e-032
1.66122e-032
1.62215e-032
1.62215e-032
1.62215e-032
1.5086e-032
1.5086e-032
1.49353e-032
1.48619e-032
1.43872e-032
1.43872e-032
1.3924e-032
1.38191e-032
1.36451e-032
1.33871e-032
1.2629e-032
1.2629e-032
1.24687e-032
1.21508e-032
1.18871e-032
1.13202e-032
1.08261e-032
1.08261e-032
1.05604e-032
1.04463e-032
1.01948e-032
1.00765e-032
1.00499e-032
9.90729e-033
9.59776e-033
9.59776e-033
9.59776e-033
9.16338e-033
9.10442e-033
9.0259e-033
9.0259e-033
8.94452e-033
8.89598e-033
8.58148e-033
8.20046e-033
8.20046e-033
7.82842e-033
7.74425e-033
7.4267e-033
7.11487e-033
6.81964e-033
6.76256e-033
6.68052e-033
6.68052e-033
6.4033e-033
6.4033e-033
6.27088e-033
6.25634e-033
5.88683e-033
5.88683e-033
5.88683e-033
5.88683e-033
5.78624e-033
5.78624e-033
5.64115e-033
5.64115e-033
5.64115e-033
5.56328e-033
5.41255e-033
5.33775e-033
5.13144e-033
5.07272e-033
4.96591e-033
4.93465e-033
4.92297e-033
4.88888e-033
4.7673e-033
4.7673e-033
4.76339e-033
4.5828e-033
4.52402e-033
4.36728e-033
4.13524e-033
3.97328e-033
3.46729e-033
3.14893e-033
3.02787e-033
2.69148e-033
1.95595e-033
1.8013e-033
1.8013e-033
1.8013e-033
1.70016e-033
1.59662e-033
1.59662e-033
1.48638e-033
1.48638e-033
1.48638e-033
1.42301e-033
1.42301e-033
1.39095e-033
1.36612e-033
1.28e-033
1.28e-033
1.26453e-033
1.233e-033
1.08007e-033
1.08007e-033
1.08007e-033
1.08007e-033
1.08007e-033
1.07394e-033
9.56077e-034
9.05071e-034
9.04133e-034
7.86662e-034
7.79568e-034
6.75479e-034
5.89682e-034
5.48765e-034
5.48765e-034
4.97135e-034
4.97135e-034
4.13842e-034
4.09238e-034
4.09238e-034
4.09238e-034
