68402
68402
68402
68402
68402
68402
68402
68402
68402
68402
68402
57293.6
57293.6
57293.6
57293.6
57293.6
50461.1
50461.1
50461.1
50461.1
50461.1
46983.7
46983.7
46983.7
46983.7
46983.7
42755.5
42755.5
42755.5
42755.5
42755.5
39870.6
39870.6
39870.6
39870.6
39870.6
37250.2
37250.2
37250.2
37250.2
37250.2
35630.5
35630.5
35630.5
35630.5
35630.5
33748.5
33748.5
33748.5
33748.5
33748.5
32267.8
32267.8
32267.8
32267.8
32267.8
30605.1
30605.1
30605.1
30605.1
30605.1
29290.9
29290.9
29290.9
29290.9
29290.9
27725.5
27725.5
27725.5
27725.5
27725.5
26861.3
26861.3
26861.3
26861.3
26861.3
25913
25913
25913
25913
25913
25259.5
25259.5
25259.5
25259.5
25259.5
24157.6
24157.6
24157.6
24157.6
24157.6
23671.2
23671.2
23671.2
23671.2
23671.2
22764.6
22764.6
22764.6
22764.6
22764.6
22117.3
22117.3
22117.3
22117.3
22117.3
21360.9
21360.9
21360.9
21360.9
21360.9
20620.3
20620.3
20620.3
20620.3
20620.3
20211.5
20211.5
20211.5
20211.5
20211.5
19882.3
19882.3
19882.3
19882.3
19882.3
19379.7
19379.7
19379.7
19379.7
19379.7
19015.9
19015.9
19015.9
19015.9
19015.9
18687.6
18687.6
18687.6
18687.6
18687.6
18405
18405
18405
18405
18405
18046.1
18046.1
18046.1
18046.1
18046.1
17712.9
17712.9
17712.9
17712.9
17712.9
17404.5
17404.5
17404.5
17404.5
17404.5
17058.7
17058.7
17058.7
17058.7
17058.7
16772.2
16772.2
16772.2
16772.2
16772.2
16522.4
16522.4
16522.4
16522.4
16522.4
16201.3
16201.3
16201.3
16201.3
16201.3
16001.2
16001.2
16001.2
16001.2
16001.2
15780.6
15780.6
15780.6
15780.6
15780.6
15534
15534
15534
15534
15534
15296.9
15296.9
15296.9
15296.9
15120.6
14932.4
14932.4
14932.4
14932.4
14932.4
14760.1
14760.1
14760.1
14760.1
14760.1
14571.9
14571.9
14571.9
14571.9
14571.9
14423.8
14423.8
14423.8
14423.8
14423.8
14262.8
14262.8
14262.8
14262.8
14262.8
14106.3
14106.3
14106.3
14106.3
14106.3
13934.1
13934.1
13934.1
13934.1
13934.1
13777.5
13777.5
13777.5
13777.5
13777.5
13633.2
13633.2
13633.2
13633.2
13633.2
13461.3
13461.3
13461.3
13461.3
13461.3
13334.7
13334.7
13334.7
13334.7
13334.7
13171.8
13171.8
13171.8
13171.8
13171.8
13075.6
13075.6
13075.6
13075.6
13075.6
12987.2
12987.2
12987.2
12987.2
12987.2
12892.6
12892.6
12892.6
12892.6
12892.6
12815
12815
12815
12815
12815
12703.4
12703.4
12703.4
12703.4
12703.4
12617.9
12617.9
12617.9
12617.9
12617.9
12527.1
12527.1
12527.1
12527.1
12527.1
12415.4
12415.4
12415.4
12415.4
12415.4
12310.4
12310.4
12310.4
12310.4
12310.4
12211.9
12211.9
12211.9
12211.9
12211.9
12125.3
12125.3
12125.3
12125.3
12125.3
12042.2
12042.2
12042.2
12042.2
12042.2
11965.6
11965.6
11965.6
11965.6
11965.6
11871.6
11871.6
11871.6
11871.6
11871.6
11788.8
11788.8
11788.8
11788.8
11788.8
11701.9
11701.9
11701.9
11701.9
11701.9
11567.9
11567.9
11567.9
11567.9
11567.9
11475.4
11475.4
11475.4
11475.4
11475.4
11390.1
11390.1
11390.1
11390.1
11390.1
11343.4
11343.4
11343.4
11343.4
11343.4
11265.9
11265.9
11265.9
11265.9
11265.9
11178.3
11178.3
11178.3
11178.3
11178.3
11105.1
11105.1
11105.1
11105.1
11105.1
11033.1
11033.1
11033.1
11033.1
11033.1
10980.4
10980.4
10980.4
10980.4
10980.4
10930.3
10930.3
10930.3
10930.3
10930.3
10865.8
10865.8
10865.8
10865.8
10585.9
10516.1
10516.1
10516.1
10516.1
10516.1
10454.2
10454.2
10454.2
10454.2
10454.2
10389.9
10389.9
10389.9
10389.9
10389.9
10321.4
10321.4
10321.4
10321.4
10321.4
10268.2
10268.2
10268.2
10268.2
10268.2
10220.2
10220.2
10220.2
10220.2
10220.2
10187.4
10187.4
10187.4
10187.4
10187.4
10121.3
10121.3
10121.3
10121.3
10121.3
10068.4
10068.4
10068.4
10068.4
10068.4
9990.16
9990.16
9990.16
9990.16
9990.16
9940.24
9940.24
9940.24
9940.24
9940.24
9888.36
9888.36
9888.36
9888.36
9888.36
9856.84
9856.84
9856.84
9856.84
9856.84
9785.9
9785.9
9785.9
9785.9
9785.9
9765.2
9765.2
9765.2
9765.2
9765.2
9712.6
9712.6
9712.6
9712.6
9712.6
9666.8
9666.8
9666.8
9666.8
9666.8
9624.14
9624.14
9624.14
9624.14
9624.14
9591.06
9591.06
9591.06
9591.06
9591.06
9512
9512
9512
9512
9512
9454.88
9454.88
9454.88
9454.88
9454.88
9422.7
9422.7
9422.7
9422.7
9422.7
9388.54
9388.54
9388.54
9388.54
9388.54
9352.06
9352.06
9352.06
9352.06
9352.06
9317.16
9317.16
9317.16
9317.16
9317.16
9282
9282
9282
9282
9282
9256.06
9256.06
9256.06
9256.06
9256.06
9220.58
9220.58
9220.58
9220.58
9220.58
9202.56
9202.56
9202.56
9202.56
9202.56
9172.9
9172.9
9172.9
9172.9
9172.9
9131.7
9131.7
9131.7
9131.7
9131.7
9095.78
9095.78
9095.78
9095.78
9095.78
9064.84
9064.84
9064.84
9064.84
9064.84
9025.6
9025.6
9025.6
9025.6
9025.6
9002.66
9002.66
9002.66
9002.66
9002.66
8975.38
8975.38
8975.38
8975.38
8975.38
8948.16
8948.16
8948.16
8948.16
8948.16
8913.12
8913.12
8913.12
8913.12
8913.12
8892.1
8892.1
8892.1
8892.1
8892.1
8855.22
8855.22
8855.22
8855.22
8855.22
8822.48
8822.48
8822.48
8822.48
8822.48
8787.92
8787.92
8787.92
8787.92
8787.92
8772.02
8772.02
8772.02
8772.02
8772.02
8747.92
8747.92
8747.92
8747.92
8747.92
8722.88
8722.88
8722.88
8722.88
8722.88
8701.06
8701.06
8701.06
8701.06
8701.06
8685.22
8685.22
8685.22
8685.22
8685.22
8666.42
8666.42
8666.42
8666.42
8666.42
8643.7
8643.7
8643.7
8643.7
8643.7
8610.92
8610.92
8610.92
8610.92
8610.92
8580.08
8580.08
8580.08
8580.08
8580.08
8559.62
8559.62
8559.62
8559.62
8559.62
8533.54
8533.54
8533.54
8533.54
8533.54
8516.9
8516.9
8516.9
8516.9
8516.9
8496.6
8496.6
8496.6
8496.6
8496.6
8480.94
8480.94
8480.94
8480.94
8480.94
8461.56
8461.56
8461.56
8461.56
8449.08
8436.1
8436.1
8436.1
8436.1
8436.1
8425.8
8425.8
8425.8
8425.8
8425.8
8407.56
8407.56
8407.56
8407.56
8407.56
8389.16
8389.16
8389.16
8389.16
8389.16
8377.92
8377.92
8377.92
8377.92
8377.92
8341.52
8341.52
8341.52
8341.52
8341.52
8322.86
8322.86
8322.86
8322.86
8322.86
8301.08
8301.08
8301.08
8301.08
8301.08
8287.46
8287.46
8287.46
8287.46
8287.46
8273.58
8273.58
8273.58
8273.58
8273.58
8253.08
8253.08
8253.08
8253.08
8253.08
8243.18
8243.18
8243.18
8243.18
8243.18
8227.4
8227.4
8227.4
8227.4
8227.4
8218.02
8218.02
8218.02
8218.02
8218.02
8212.3
8212.3
8212.3
8212.3
8212.3
8202.44
8202.44
8202.44
8202.44
8202.44
8184.2
8184.2
8184.2
8184.2
8184.2
8174.94
8174.94
8174.94
8174.94
8174.94
8166.66
8166.66
8122.22
8122.22
8122.22
8109.26
8109.26
8109.26
8109.26
8109.26
8089
8089
8089
8089
8089
8077.16
8077.16
8077.16
8077.16
8077.16
8064.78
8064.78
8064.78
8064.78
8064.78
8054.28
8054.28
8054.28
8054.28
8054.28
8042.48
8042.48
8042.48
8042.48
8042.48
8036.96
8036.96
8036.96
8036.96
8036.96
8024.6
8024.6
8024.6
8024.6
8024.6
8014.64
8014.64
8014.64
8014.64
8014.64
8003.5
8003.5
8003.5
8003.5
8003.5
8000.1
8000.1
8000.1
8000.1
8000.1
7992.18
7992.18
7992.18
7992.18
7992.18
7987
7987
7987
7987
7987
7981.6
7981.6
7981.6
7981.6
7981.6
7975.86
7975.86
7975.86
7975.86
7975.86
7971.46
7971.46
7971.46
7971.46
7971.46
7966.02
7966.02
7966.02
7966.02
7966.02
7961.9
7961.9
7961.9
7961.9
7961.9
7959.7
7959.7
7959.7
7959.7
7959.7
7953.92
7953.92
7953.92
7953.92
7953.92
7951.24
7951.24
7951.24
7951.24
7951.24
7947.66
7947.66
7947.66
7947.66
7947.66
7939.42
7939.42
7939.42
7939.42
7939.42
7933.96
7933.96
7933.96
7933.96
7933.96
7929.92
7929.92
7929.92
7929.92
7929.92
7926.56
7926.56
7926.56
7926.56
7926.56
7924.22
7924.22
7924.22
7924.22
7924.22
7920.04
7920.04
7920.04
7920.04
7920.04
7916.64
7916.64
7916.64
7916.64
7916.64
7912.8
7912.8
7912.8
7912.8
7912.8
7910
7910
7910
7910
7910
7906.84
7906.84
7906.84
7906.84
7906.84
7902.62
7902.62
7902.62
7902.62
7902.62
7896.6
7896.6
7896.6
7896.6
7896.6
7891.08
7891.08
7891.08
7891.08
7891.08
7876.02
7876.02
7876.02
7876.02
7876.02
7870.2
7870.2
7858.64
7858.64
7858.64
7852.24
7852.24
7852.24
7852.24
7852.24
7834.22
7834.22
7834.22
7834.22
7834.22
7829.62
7829.62
7829.62
7829.62
7829.62
7823.36
7823.36
7823.36
7823.36
7823.36
7818.3
7818.3
7818.3
7818.3
7818.3
7812.96
7812.96
7812.96
7812.96
7812.96
7806.14
7806.14
7806.14
7806.14
7806.14
7800.78
7800.78
7800.78
7800.78
7800.78
7798.04
7798.04
7798.04
7798.04
7798.04
7795.42
7795.42
7795.42
7795.42
7795.42
7791.44
7791.44
7791.44
7791.44
7791.44
7788.04
7788.04
7788.04
7788.04
7788.04
7784.82
7784.82
7784.82
7784.82
7784.82
7780.54
7780.54
7780.54
7780.54
7780.54
7769.16
7769.16
7769.16
7769.16
7769.16
7760.36
7760.36
7760.36
7760.36
7760.36
7753.52
7753.52
7753.52
7753.52
7753.52
7751.4
7751.4
7751.4
7742.16
7742.16
7739.74
7739.74
7739.74
7739.74
7739.74
7730.62
7730.62
7730.62
7730.62
7730.62
7719.7
7719.7
7719.7
7719.7
7719.7
7715.5
7715.5
7715.5
7715.5
7715.5
7711.3
7711.3
7711.3
7711.3
7711.3
7703.68
7703.68
7703.68
7703.68
7703.68
7699.76
7699.76
7699.76
7699.76
7699.76
7697.92
7697.92
7697.92
7697.92
7697.92
7693.46
7693.46
7693.46
7693.46
7693.46
7689.74
7689.74
7689.74
7689.74
7689.74
7685.84
7685.84
7685.84
7685.84
7685.84
7684.4
7684.4
7684.4
7684.4
7684.4
7682.46
7682.46
7682.46
7682.46
7682.46
7680.16
7680.16
7680.16
7680.16
7680.16
7677.12
7677.12
7677.12
7677.12
7677.12
7676.16
7676.16
7676.16
7676.16
7676.16
7673.08
7673.08
7673.08
7673.08
7673.08
7672.6
7672.6
7672.6
7654.66
7654.66
7653.62
7653.62
7653.62
7653.62
7653.62
7651.9
7651.9
7651.9
7651.9
7651.9
7649.3
7649.3
7649.3
7649.3
7649.3
7648
7648
7648
7648
7648
7646
7646
7646
7646
7646
7645.1
7645.1
7645.1
7645.1
7645.1
7643.76
7643.76
7643.76
7643.76
7643.76
7641.94
7641.94
7641.94
7641.94
7641.94
7641.3
7641.3
7641.3
7641.3
7641.3
7638.22
7638.22
7638.22
7638.22
7638.22
7636.96
7636.96
7636.96
7636.96
7636.96
7635.08
7635.08
7635.08
7635.08
7635.08
7629.86
7629.86
7629.86
7629.86
7629.86
7621.3
7621.3
7621.3
7621.3
7621.3
7607.16
7607.16
7607.16
7607.16
7607.16
7600.04
7600.04
7600.04
7600.04
7600.04
7579.74
7579.74
7579.74
7579.74
7579.74
7569.28
7569.28
7508.62
7508.62
7508.62
7493.96
7493.96
7493.96
7493.96
7493.96
7491.96
7491.96
7491.96
7491.96
7491.96
7486.88
7486.88
7486.88
7486.88
7486.88
7469.82
7469.82
7469.82
7469.82
7469.82
7467.32
7467.32
7467.32
7467.32
7467.32
7465.16
7465.16
7465.16
7465.16
7465.16
7460.72
7460.72
7460.72
7460.72
7460.72
7458.1
7458.1
7458.1
7458.1
7458.1
7442.32
7442.32
7442.32
7442.32
7442.32
7440.34
7440.34
7440.34
7440.34
7440.34
7437.48
7437.48
7437.48
7437.48
7437.48
7436.58
7436.58
7436.58
7436.58
7436.58
7435.8
7435.8
7435.8
7435.8
7435.8
7434.84
7434.84
7434.84
7434.84
7434.84
7432.98
7432.98
7432.98
7432.98
7432.98
7431.08
7431.08
7431.08
7431.08
7431.08
7429.62
7429.62
7429.62
7429.62
7429.62
7421.86
7421.86
7421.86
7421.86
7421.86
7420.9
7420.9
7420.9
7420.9
7420.9
7418.54
7418.54
7418.54
7418.54
7418.54
7416.96
7416.96
7416.96
7416.96
7416.96
7415.1
7415.1
7415.1
7415.1
7415.1
7413.94
7413.94
7413.94
7413.94
7413.94
7409.48
7409.48
7409.48
7409.48
7409.48
7408.28
7408.28
7408.28
7408.28
7408.28
7406.38
7406.38
7406.38
7406.38
7406.38
7402.32
7402.32
7402.32
7402.32
7402.32
7400.48
7400.48
7400.48
7400.48
7400.48
7399.84
7399.84
7399.84
7399.84
7399.84
7398.1
7398.1
7398.1
7398.1
7398.1
7396.32
7396.32
7396.32
7396.32
7396.32
7393.94
7393.94
7393.94
7393.94
7393.94
7392.48
7392.48
7392.48
7392.48
7392.48
7388.24
7388.24
7388.24
7388.24
7388.24
7387.34
7387.34
7381.56
7381.56
7381.56
7380.1
7380.1
7380.1
7380.1
7380.1
7379.32
7379.32
7379.32
7379.32
7379.32
7378.2
7378.2
7378.2
7378.2
7378.2
7377.28
7377.28
7377.28
7377.28
7377.28
7371.98
7371.98
7371.98
7371.98
7371.98
7368.58
7368.58
7368.58
7368.58
7368.58
7364.68
7364.68
7364.68
7364.68
7364.68
7363.44
7363.44
7363.44
7363.44
7363.44
7361.76
7361.76
7361.76
7361.76
7361.76
7356.02
7356.02
7356.02
7356.02
7356.02
7353.16
7353.16
7353.16
7353.16
7353.16
7345.78
7345.78
7345.78
7345.78
7345.78
7335.34
7335.34
7335.34
7335.34
7335.34
7331.8
7331.8
7331.8
7331.8
7331.8
7320.62
7320.62
7320.62
7320.62
7320.62
7315.04
7315.04
7315.04
7315.04
7315.04
7304.06
7304.06
7304.06
7304.06
7242.56
7242.2
7242.2
7242.2
7242.2
7242.2
7241
7241
7241
7241
7241
7238.24
7238.24
7238.24
7238.24
7238.24
7237.08
7237.08
7237.08
7237.08
7237.08
7235.84
7235.84
7235.84
7235.84
7235.84
7234.62
7234.62
7234.62
7234.62
7234.62
7233.22
7233.22
7233.22
7233.22
7233.22
7232.18
7232.18
7232.18
7232.18
7232.18
7229.38
7229.38
7229.38
7229.38
7229.38
7228.54
7228.54
7228.54
7228.54
7228.54
7223.68
7223.68
7223.68
7223.68
7223.68
7220
7220
7220
7220
7220
7217.42
7217.42
7217.42
7217.42
7217.42
7214.56
7214.56
7214.56
7214.56
7214.56
7210.68
7210.68
7210.68
7210.68
7210.68
7208.66
7208.66
7208.66
7208.66
7208.66
7205.8
7205.8
7205.8
7205.8
7205.8
7199.86
7199.86
7199.86
7199.86
7199.86
7194.86
7194.86
7194.86
7194.86
7194.86
7181.08
7181.08
7181.08
7181.08
7181.08
7178.26
7178.26
7178.26
7178.26
7178.26
7172.38
7172.38
7172.38
7172.38
7172.38
7169.72
7169.72
7169.72
7169.72
7169.72
7163.24
7163.24
7163.24
7163.24
7163.24
7156.82
7156.82
7156.82
7156.82
7156.82
7150.68
7150.68
7150.68
7150.68
7150.68
7146.76
7146.76
7146.76
7146.76
7146.76
7143.44
7143.44
7143.44
7143.44
7143.44
7138.32
7138.32
7138.32
7138.32
7138.32
7134.16
7134.16
7134.16
7134.16
7134.16
7127.78
7127.78
7127.78
7127.78
7127.78
7126.24
7126.24
7126.24
7126.24
7126.24
7122.88
7122.88
7122.88
7122.88
7122.88
7116.68
7116.68
7116.68
7116.68
7116.68
7115.56
7115.56
7115.56
7115.56
7115.56
7111.12
7111.12
7111.12
7111.12
7111.12
7109.5
7109.5
7109.5
7109.5
7109.5
7103.5
7103.5
7103.5
7103.5
7103.5
7100.58
7100.58
7100.58
7100.58
7100.58
7096.62
7096.62
7096.62
7096.62
7096.62
7095.3
7095.3
7095.3
7095.3
7095.3
7087.7
7087.7
7087.7
7087.7
7087.7
7082.62
7082.62
7082.62
7082.62
7082.62
7078.22
7078.22
7078.22
7078.22
7078.22
7064.06
7064.06
7064.06
7064.06
7064.06
7054.94
7054.94
7054.94
7054.94
7054.94
7050.64
7050.64
7050.64
7050.64
7050.64
7048.4
7048.4
7048.4
7048.4
7048.4
7046.62
7046.62
7046.62
7046.62
7046.62
7044.88
7044.88
7044.88
7044.88
7044.88
7042.14
7042.14
7042.14
7042.14
7035.72
7028.22
7028.22
7028.22
7028.22
7028.22
7027.96
7027.96
7027.96
7027.96
7027.96
7025.28
7025.28
7025.28
7025.28
7025.28
7018.94
7018.94
7018.94
7018.94
7018.94
7010.52
7010.52
7010.52
7010.52
7010.52
6997.66
6997.66
6997.66
6997.66
6997.66
6981.48
6981.48
6981.48
6981.48
6981.48
6968.16
6968.16
6968.16
6968.16
6968.16
6956.24
6956.24
6956.24
6956.24
6956.24
6954.6
6954.6
6954.6
6954.6
6954.6
6952.82
6952.82
6952.82
6952.82
6952.82
6948.64
6948.64
6948.64
6948.64
6948.64
6944.74
6944.74
6944.74
6944.74
6944.74
6942.22
6942.22
6942.22
6942.22
6942.22
6939.18
6939.18
6939.18
6939.18
6939.18
6933.74
6933.74
6933.74
6933.74
6933.74
6930.28
6930.28
6915.42
6915.42
6915.42
6912.16
6912.16
6912.16
6912.16
6912.16
6911.78
6911.78
6911.78
6911.78
6911.78
6907.7
6907.7
6907.7
6907.7
6907.7
6906.68
6906.68
6906.68
6906.68
6906.68
6898.68
6898.68
6898.68
6898.68
6898.68
6890.24
6890.24
6890.24
6890.24
6890.24
6888.98
6888.98
6888.98
6888.98
6888.98
6883.02
6883.02
6883.02
6883.02
6883.02
6878.9
6878.9
6878.9
6878.9
6878.9
6877.46
6877.46
6877.46
6877.46
6877.46
6876.9
6876.9
6876.9
6876.9
6876.9
6874.92
6874.92
6874.92
6874.92
6874.92
6872.6
6872.6
6872.6
6872.6
6872.6
6871.36
6871.36
6871.36
6871.36
6871.36
6870.28
6870.28
6870.28
6870.28
6870.28
6870
6870
6870
6870
6869.98
6868.02
6868.02
6868.02
6868.02
6868.02
6867.2
6867.2
6867.2
6867.2
6867.2
6866.06
6866.06
6866.06
6866.06
6866.06
6864.58
6864.58
6864.58
6864.58
6864.58
6864.02
6864.02
6864.02
6864.02
6864.02
6862.88
6862.88
6862.88
6862.88
6862.88
6859.84
6859.84
6859.84
6859.84
6859.84
6859.68
6859.68
6859.68
6859.68
6859.68
6856.76
6856.76
6856.76
6856.76
6856.76
6856.12
6856.12
6856.12
6856.12
6856.12
6855.56
6855.56
6855.56
6855.56
6855.56
6854.24
6854.24
6854.24
6854.24
6854.24
6851.44
6851.44
6851.44
6851.44
6851.44
6848.1
6848.1
6848.1
6848.1
6848.1
6843.44
6843.44
6843.44
6843.44
6843.44
6840.7
6840.7
6840.7
6840.7
6840.7
6839.98
6808.72
6808.72
6808.72
6808.72
6808.38
6808.38
6808.38
6808.38
6808.38
6807.4
6807.4
6807.4
6807.4
6807.4
6805.82
6805.82
6805.82
6805.82
6805.82
6804.7
6804.7
6804.7
6804.7
6804.7
6802.62
6802.62
6802.62
6802.62
6802.62
6800.28
6800.28
6800.28
6800.28
6800.28
6799.26
6799.26
6799.26
6799.26
6799.26
6798.08
6798.08
6798.08
6798.08
6798.08
6797.32
6797.32
6797.32
6797.32
6797.32
6797.02
6797.02
6797.02
6797.02
6797.02
6795.18
6795.18
6795.18
6795.18
6795.18
6793.6
6793.6
6793.6
6793.6
6793.6
6790.4
6790.4
6790.4
6790.4
6790.4
6789.2
6789.2
6789.2
6789.2
6789.2
6786.8
6786.8
6786.8
6786.8
6786.8
6786.62
6786.62
6750.54
6750.54
6750.54
6750.3
6750.3
6750.3
6750.3
6750.3
6748.46
6748.46
6748.46
6748.46
6748.46
6746.54
6746.54
6746.54
6746.54
6746.54
6746.14
6746.14
6746.14
6746.14
6746.14
6744.46
6744.46
6744.46
6744.46
6744.46
6743.26
6743.26
6743.26
6743.26
6743.26
6743.1
6743.1
6743.1
6743.1
6743.1
6741.68
6741.68
6741.68
6741.68
6741.68
6740.24
6740.24
6740.24
6740.24
6740.24
6737.52
6737.52
6737.52
6737.52
6737.52
6737.08
6737.08
6737.08
6737.08
6737.08
6735.04
6735.04
6735.04
6735.04
6735.04
6727.68
6727.68
6727.68
6727.68
6727.68
6723.3
6723.3
6723.3
6723.3
6723.3
6717.86
6717.86
6717.86
6717.86
6717.86
6716.02
6716.02
6716.02
6716.02
6716.02
6714.94
6714.94
6714.94
6714.94
6714.94
6711.7
6711.7
6711.7
6711.7
6711.7
6697.24
6697.24
6697.24
6697.24
6697.24
6695.68
6695.68
6695.68
6695.68
6695.68
6679.8
6679.8
6679.8
6679.8
6679.8
6669.7
6669.7
6669.7
6669.7
6669.7
6661.36
6661.36
6661.36
6661.36
6661.36
6659.86
6659.86
6659.86
6659.86
6659.86
6657.18
6657.18
6657.18
6657.18
6657.18
6656.84
6656.84
6656.84
6656.84
6656.84
6655.78
6655.78
6655.78
6655.78
6655.78
6653.42
6653.42
6653.42
6653.42
6653.42
6652.22
6652.22
6652.22
6652.22
6652.22
6651.1
6651.1
6651.1
6651.1
6651.1
6650.6
6650.6
6650.6
6650.6
6650.6
6649.12
6637.84
6637.84
6637.84
6637.84
6636.52
6636.52
6636.52
6636.52
6636.52
6634.5
6634.5
6634.5
6634.5
6634.5
6633.08
6633.08
6633.08
6633.08
6633.08
6631.62
6631.62
6631.62
6631.62
6631.62
6628.04
6628.04
6628.04
6628.04
6628.04
6625.74
6625.74
6625.74
6625.74
6625.74
6623.82
6623.82
6623.82
6623.82
6623.82
6622.58
6622.58
6622.58
6622.58
6622.58
6621.6
6621.6
6621.6
6621.6
6621.6
6620.52
6620.52
6620.52
6620.52
6620.52
6620.2
6620.2
6620.2
6620.2
6620.2
6619.8
6619.8
6619.8
6619.8
6619.8
6619.16
6619.16
6619.16
6619.16
6619.16
6617.78
6617.78
6617.78
6617.78
6617.78
6615.56
6615.56
6615.56
6615.56
6615.56
6614.46
6614.46
6614.46
6614.46
6614.46
6609.6
6609.6
6609.6
6609.6
6609.6
6609.06
6609.06
6609.06
6609.06
6609.06
6608.04
6608.04
6608.04
6608.04
6608.04
6606.54
6606.54
6606.54
6606.54
6606.54
6605.96
6605.96
6605.96
6605.96
6605.96
6603.12
6603.12
6603.12
6603.12
6603.12
6598.42
6598.42
6598.42
6598.42
6598.42
6594.16
6594.16
6594.16
6594.16
6594.16
6592.94
6592.94
6592.94
6592.94
6592.94
6592.08
6592.08
6592.08
6592.08
6592.08
6589.02
6589.02
6589.02
6589.02
6589.02
6587.06
6587.06
6587.06
6587.06
6587.06
6584.74
6584.74
6584.74
6584.74
6584.74
6579.04
6579.04
6579.04
6579.04
6579.04
6576.64
6576.64
6576.64
6551.36
6551.36
6549.5
6549.5
6549.5
6549.5
6549.5
6547.1
6547.1
6547.1
6547.1
6547.1
6545.78
6545.78
6545.78
6545.78
6545.78
6540.66
6540.66
6540.66
6540.66
6540.66
6539.56
6539.56
6539.56
6539.56
6539.56
6536.6
6536.6
6536.6
6536.6
6536.6
6534.82
6534.82
6534.82
6534.82
6534.82
6532.04
6532.04
6532.04
6532.04
6532.04
6527.98
6527.98
6527.98
6527.98
6527.98
6520.98
6520.98
6520.98
6520.98
6520.98
6517.9
6517.9
6517.9
6517.9
6517.9
6517.12
6517.12
6517.12
6517.12
6517.12
6516.08
6516.08
6516.08
6516.08
6516.08
6513.7
6513.7
6513.7
6513.7
6513.7
6507.28
6507.28
6507.28
6507.28
6507.28
6500.98
6500.98
6500.98
6500.98
6500.98
6493.28
6493.28
6493.28
6493.28
6493.28
6492.88
6492.88
6492.88
6492.88
6492.88
6491.92
6491.92
6491.92
6491.92
6491.92
6490.84
6490.84
6490.84
6490.84
6490.84
6489.62
6489.62
6489.62
6489.62
6489.62
6489.26
6489.26
6489.26
6489.26
6489.26
6487.38
6487.38
6487.38
6487.38
6487.38
6486.14
6486.14
6486.14
6486.14
6486.14
6481.9
6481.9
6481.9
6481.9
6481.9
6479.2
6479.2
6479.2
6479.2
6479.2
6477.3
6477.3
6477.3
6477.3
6477.3
6474.72
6474.72
6474.72
6474.72
6474.72
6469.82
6469.82
6469.82
6469.82
6469.82
6462.3
6462.3
6462.3
6462.3
6462.3
6449.68
6435.54
6435.54
6435.54
6435.54
6431.78
6431.78
6431.78
6431.78
6431.78
6416.52
6416.52
6416.52
6416.52
6416.52
6414.52
6414.52
6414.52
6414.52
6414.52
6408.16
6408.16
6408.16
6408.16
6408.16
6405.46
6405.46
6405.46
6405.46
6405.46
6402.16
6402.16
6402.16
6402.16
6402.16
6396.32
6396.32
6396.32
6396.32
6396.32
6392.34
6392.34
6392.34
6392.34
6392.34
6388.92
6388.92
6388.92
6388.92
6388.92
6379.9
6379.9
6379.9
6379.9
6379.9
6370.62
6370.62
6370.62
6370.62
6370.62
6365.02
6365.02
6365.02
6365.02
6365.02
6350.04
6350.04
6350.04
6350.04
6350.04
6347.88
6347.88
6347.88
6347.88
6347.88
6327.94
6327.94
6307.5
6307.5
6307.5
6300.56
6300.56
6300.56
6300.56
6300.56
6291.24
6291.24
6291.24
6291.24
6291.24
6288.38
6288.38
6288.38
6288.38
6288.38
6282.14
6282.14
6282.14
6282.14
6282.14
6280.72
6280.72
6280.72
6280.72
6280.72
6277.2
6277.2
6277.2
6277.2
6277.2
6276.84
6276.84
6276.84
6276.84
6276.84
6270.08
6270.08
6270.08
6270.08
6270.08
6259.96
6259.96
6259.96
6259.96
6259.96
6255.46
6255.46
6255.46
6255.46
6255.46
6252.36
6252.36
6252.36
6252.36
6252.36
6251.28
6251.28
6251.28
6251.28
6251.28
6250.8
6250.8
6250.8
6250.8
6250.8
6246.76
6246.76
6246.76
6246.76
6246.76
6242.54
6242.54
6242.54
6242.54
6242.54
6237.88
6237.88
6237.88
6237.88
6237.88
6224.12
6224.12
6224.12
6224.12
6224.12
6206.46
6206.46
6206.46
6206.46
6206.46
6191.58
6191.58
6191.58
6191.58
6191.58
6189.98
6189.98
6189.98
6189.98
6189.98
6189.24
6189.24
6189.24
6189.24
6189.24
6186.04
6186.04
6186.04
6186.04
6186.04
6172.04
6172.04
6172.04
6172.04
6172.04
6140.02
6140.02
6140.02
6140.02
6140.02
6138.22
6138.22
6138.22
6138.22
6138.22
6132.94
6132.94
6132.94
6132.94
6132.94
6130.82
6130.82
6130.82
6130.82
6130.82
6124.48
6124.48
6124.48
6124.48
6124.48
6121.74
6121.74
6121.74
6121.74
6121.74
6120.66
6120.66
6120.66
6120.66
6120.66
6118.36
6118.36
6118.36
6118.36
6118.36
6116.6
6116.6
6116.6
6116.6
6116.6
6115.68
6115.68
6115.68
6115.68
6115.68
6113.38
6113.38
6113.38
6113.38
6113.38
6110.02
6110.02
6110.02
6110.02
6110.02
6109.84
6109.84
6109.84
6109.84
6109.84
6109.12
6109.12
6109.12
6109.12
6109.12
6103.32
6103.32
6103.32
6103.32
6103.32
6097.02
6097.02
6097.02
6097.02
6097.02
6096.74
6096.74
6096.74
6096.74
6096.74
6092.74
6092.74
6092.74
6092.74
6092.74
6091.22
6091.22
6091.22
6091.22
6091.22
6091.06
6091.06
6091.06
6091.06
6091.06
6090.54
6090.54
6090.54
6090.54
6090.54
6088.62
6088.62
6088.62
6088.62
6088.62
6084.78
6084.78
6084.78
6084.78
6084.78
6081.84
6081.84
6081.84
6081.84
6081.84
6073.08
6073.08
6073.08
6073.08
6073.08
6071.02
6071.02
6071.02
6071.02
6071.02
6059.54
6059.54
6059.54
6059.54
6059.54
6052.36
6052.36
6052.36
6052.36
6052.36
6047.24
6047.24
6047.24
6047.24
6047.24
6040.64
6040.64
6040.64
6040.64
6040.64
6038.18
6038.18
6038.18
6038.18
6038.18
6035.44
6035.44
6035.44
6035.44
6035.44
6032.86
6032.86
6032.86
6032.86
6032.86
6029.92
6029.92
6029.92
6029.92
6029.92
6026.94
6026.94
6026.94
6026.94
6026.94
6022.8
6022.8
6022.8
6022.8
6022.8
6019.96
6019.96
6019.96
6019.96
6019.96
6015.46
6015.46
6015.46
6015.46
6015.46
6010.96
6010.96
6010.96
6010.96
6010.96
6009.36
6009.36
6009.36
6009.36
6009.36
5996.54
5996.54
5996.54
5996.54
5996.54
5995.08
5995.08
5995.08
5995.08
5995.08
5987.88
5987.88
5987.88
5987.88
5987.88
5986.64
5986.64
5986.64
5986.64
5986.64
5981.18
5981.18
5981.18
5981.18
5981.18
5980.42
5980.42
5980.42
5980.42
5980.42
5978.8
5978.8
5978.8
5978.8
5978.8
5976.26
5976.26
5976.26
5976.26
5976.26
5972.7
5972.7
5972.7
5972.7
5972.7
5970.86
5970.86
5970.86
5970.86
5968.92
5966.3
5966.3
5966.3
5966.3
5966.3
5963.42
5963.42
5963.42
5963.42
5963.42
5959.58
5959.58
5959.58
5959.58
5959.58
5956.9
5956.9
5956.9
5956.9
5956.9
5955.7
5955.7
5955.7
5955.7
5955.7
5954.14
5954.14
5954.14
5954.14
5954.14
5950.24
5950.24
5950.24
5950.24
5950.24
5948.52
5948.52
5948.52
5948.52
5948.52
5943.86
5943.86
5943.86
5943.86
5943.86
5942.9
5942.9
5942.9
5942.9
5942.9
5941.56
5941.56
5941.56
5941.56
5941.56
5940.2
5940.2
5940.2
5940.2
5940.2
5936.72
5936.72
5936.72
5936.72
5936.72
5934.74
5934.74
5934.74
5934.74
5934.74
5926.12
5926.12
5926.12
5926.12
5926.12
5918.42
5918.42
5918.42
5918.42
5918.42
5917.72
5917.72
5917.72
5917.72
5917.72
5916.98
5916.98
5916.98
5916.98
5916.98
5915.86
5915.86
5915.86
5915.86
5915.86
5912.84
5912.84
5912.84
5912.84
5912.84
5911.44
5911.44
5911.44
5911.44
5911.44
5910.32
5910.32
5910.32
5910.32
5910.32
5910.06
5910.06
5910.06
5910.06
5910.06
5909.18
5909.18
5909.18
5909.18
5909.18
5908.42
5908.42
5908.42
5908.42
5908.42
5908.18
5908.18
5908.18
5908.18
5908.18
5907.24
5907.24
5907.24
5907.24
5907.24
5906.24
5906.24
5906.24
5906.24
5906.24
5906.04
5900.26
5900.26
5900.26
5900.26
5900
5900
5900
5900
5900
5899.34
5899.34
5899.34
5899.34
5899.34
5897.62
5897.62
5897.62
5897.62
5897.62
5897.44
5897.44
5897.44
5897.44
5897.44
5896.24
5896.24
5896.24
5896.24
5896.24
5894.96
5894.96
5894.96
5894.96
5894.96
5894.56
5894.56
5894.56
5894.56
5894.56
5891.36
5891.36
5891.36
5891.36
5891.36
5890.42
5890.42
5890.42
5890.42
5890.42
5887.44
5887.44
5887.44
5887.44
5887.44
5883.36
5883.36
5883.36
5883.36
5883.36
5883.12
5883.12
5883.12
5883.12
5883.12
5882.84
5882.84
5882.84
5882.84
5882.84
5882.42
5882.42
5882.42
5882.42
5882.42
5882.1
5882.1
5882.1
5882.1
5882.1
5882
5882
5882
5882
5882
5881.84
5881.84
5881.84
5881.84
5881.84
5881.58
5881.58
5881.58
5881.58
5881.58
5880.18
5880.18
5880.18
5880.18
5880.18
5879.64
5879.64
5879.64
5879.64
5879.64
5879.18
5879.18
5879.18
5879.18
5879.18
5878.32
5878.32
5878.32
5878.32
5878.32
5878.16
5878.16
5878.16
5878.16
5878.16
5878.06
5878.06
5878.06
5878.06
5878.06
5877.16
5877.16
5877.16
5877.16
5877.16
5876.28
5876.28
5876.28
5876.28
5876.28
5875.6
5875.6
5875.6
5875.6
5875.6
5875.52
5875.52
5875.52
5875.52
5875.52
5874.88
5874.88
5874.88
5874.88
5874.88
5872.32
5872.32
5872.32
5872.32
5872.32
5871.44
5871.44
5871.44
5871.44
5871.44
5871.36
5871.36
5871.36
5871.36
5871.36
5869
5869
5869
5869
5869
5868.68
5868.68
5868.68
5868.68
5868.68
5867.24
5867.24
5867.24
5867.24
5867.24
5865.76
5865.76
5865.76
5865.76
5865.76
5863.6
5863.6
5863.6
5863.6
5863.6
5862.64
5862.64
5862.64
5862.64
5862.64
5860.28
5860.28
5860.28
5860.28
5860.28
5858.06
5858.06
5858.06
5858.06
5858.06
5854.9
5854.9
5854.9
5854.9
5840.44
5839.86
5839.86
5839.86
5839.86
5839.86
5838.54
5838.54
5838.54
5838.54
5838.54
5834.9
5834.9
5834.9
5834.9
5834.9
5830.8
5830.8
5830.8
5830.8
5830.8
5819.06
5819.06
5819.06
5819.06
5819.06
5818.24
5818.24
5818.24
5818.24
5818.24
5818.14
5818.14
5818.14
5818.14
5818.14
5817.44
5817.44
5817.44
5817.44
5817.44
5817.24
5817.24
5817.24
5817.24
5817.24
5816.42
5816.42
5816.42
5816.42
5816.42
5815.78
5815.78
5815.78
5815.78
5815.78
5815.56
5815.56
5815.56
5815.56
5815.56
5814.94
5814.94
5814.94
5814.94
5814.94
5814.28
5814.28
5814.26
5814.26
5814.26
5813.34
5813.34
5813.34
5813.34
5813.34
5812.5
5812.5
5812.5
5812.5
5812.5
5809.58
5809.58
5809.58
5809.58
5809.58
5808.32
5808.32
5808.32
5808.32
5808.32
5804.34
5804.34
5804.34
5804.34
5804.34
5795.2
5795.2
5795.2
5795.2
5795.2
5789.94
5789.94
5789.94
5789.94
5789.94
5787.2
5787.2
5787.2
5787.2
5787.2
5776.76
5776.76
5776.76
5776.76
5776.76
5775.7
5775.7
5775.7
5775.7
5775.7
5773.38
5773.38
5773.38
5773.38
5773.38
5773.18
5773.18
5773.18
5773.18
5773.18
5772.82
5772.82
5772.82
5772.82
5772.82
5772.7
5772.7
5772.7
5772.7
5772.7
5771.02
5771.02
5771.02
5771.02
5771.02
5768.48
5768.48
5768.48
5768.48
5768.48
5768.46
5768.46
5768.46
5768.46
5768.46
5766.14
5766.14
5766.14
5766.14
5766.14
5764.92
5764.92
5764.92
5764.92
5764.92
5764.68
5764.68
5764.68
5764.68
5764.68
5763.86
5763.86
5763.86
5763.86
5763.86
5763.06
5763.06
5763.06
5763.06
5763.06
5762.7
5762.7
5762.7
5762.7
5762.7
5762.26
5762.26
5762.26
5762.26
5762.26
5762.24
5762.24
5762.24
5762.24
5762.24
5762.04
5762.04
5762.04
5762.04
5762.04
5761.68
5757.44
5757.44
5757.44
5757.44
5757.32
5757.32
5757.32
5757.32
5757.32
5757.26
5757.26
5757.26
5757.26
5757.26
5757.08
5757.08
5757.08
5757.08
5757.08
5756.48
5756.48
5756.48
5756.48
5756.48
5756.06
5756.06
5756.06
5756.06
5756.06
5755.64
5755.64
5755.64
5755.64
5755.64
5755.42
5755.42
5755.42
5755.42
5755.42
5755.08
5755.08
5755.08
5755.08
5755.08
5754.98
5754.98
5754.98
5754.98
5754.98
5754.3
5754.3
5754.3
5754.3
5754.3
5753.84
5753.84
5753.84
5753.84
5753.84
5753.74
5753.74
5753.74
5753.74
5753.74
5751.7
5751.7
5749.34
5749.34
5749.34
5748.16
5748.16
5748.16
5748.16
5748.16
5745.98
5745.98
5745.98
5745.98
5745.98
5743.98
5743.98
5743.98
5743.98
5743.98
5740.72
5740.72
5740.72
5740.72
5740.72
5740.02
5740.02
5740.02
5740.02
5740.02
5739.84
5739.84
5739.84
5739.84
5739.84
5739.42
5739.42
5739.42
5739.42
5739.42
5738.1
5738.1
5738.1
5738.1
5738.1
5737.84
5737.84
5737.84
5737.84
5737.84
5737.7
5737.7
5737.7
5737.7
5737.7
5737.48
5737.48
5737.48
5737.48
5737.48
5737.48
5737.48
5737.48
5737.48
5737.48
5737.3
5737.3
5737.3
5737.3
5737.3
5737.24
5737.24
5737.24
5737.24
5737.24
5737.04
5737.04
5737.04
5737.04
5737.04
5736.88
5736.88
5736.88
5736.88
5736.88
5736.48
5736.48
5736.48
5736.48
5736.48
5733.76
5733.76
5733.76
5733.76
5733.76
5733.12
5733.12
5733.12
5733.12
5733.12
5733.06
5733.06
5733.06
5733.06
5733.06
5732.92
5732.92
5732.92
5732.92
5732.92
5732.24
5732.24
5732.24
5732.24
5732.24
5729.84
5729.84
5729.84
5729.84
5729.84
5729.06
5729.06
5729.06
5729.06
5729.06
5724.18
5724.18
5724.18
5724.18
5724.18
5719.32
5719.32
5718.5
5718.5
5718.5
5717.58
5717.58
5717.58
5717.58
5717.58
5715.94
5715.94
5715.94
5715.94
5715.94
5712.8
5712.8
5712.8
5712.8
5712.8
5701.74
5701.74
5701.74
5701.74
5701.74
5698.74
5698.74
5698.74
5698.74
5698.74
5697.62
5697.62
5697.62
5697.62
5697.62
5697.54
5697.54
5697.54
5697.54
5697.54
5697.08
5697.08
5697.08
5697.08
5697.08
5694.8
5694.8
5694.8
5694.8
5694.8
5694.5
5694.5
5694.5
5694.5
5694.5
5691.54
5691.54
5691.54
5691.54
5691.54
5679.9
5679.9
5679.9
5679.9
5679.9
5677.56
5677.56
5677.56
5677.56
5677.56
5652.3
5652.3
5652.3
5652.3
5652.3
5649.64
5649.64
5649.64
5649.64
5649.64
5633.46
5633.46
5633.46
5633.46
5633.46
5632.14
5632.14
5632.14
5632.14
5632.14
5629.18
5629.18
5629.18
5629.18
5629.18
5628.42
5628.42
5628.42
5628.42
5628.42
5627.42
5627.42
5627.42
5627.42
5627.42
5626.76
5626.76
5626.76
5626.76
5626.76
5626.08
5626.08
5626.08
5626.08
5626.08
5624.06
5624.06
5624.06
5624.06
5624.06
5622.2
5622.2
5622.2
5622.2
5622.2
5619.56
5619.56
5619.56
5619.56
5619.56
5614.4
5614.4
5614.4
5614.4
5614.4
5611.82
5611.82
5611.82
5611.82
5611.82
5611.6
5611.6
5611.6
5611.6
5611.6
5610.76
5610.76
5610.76
5610.76
5610.76
5607.16
5607.16
5607.16
5607.16
5607.16
5603.56
5603.56
5603.56
5603.56
5603.56
5600.28
5600.28
5600.28
5600.28
5600.28
5594.82
5594.82
5594.82
5594.82
5594.82
5584.66
5584.66
5584.66
5584.66
5584.66
5581.32
5581.32
5581.32
5581.32
5581.32
5573.54
5573.54
5573.54
5573.54
5573.54
5558.74
5558.74
5558.74
5558.74
5558.74
5555.14
5555.14
5555.14
5550.72
5550.72
5550.28
5550.28
5550.28
5550.28
5550.28
5547.4
5547.4
5547.4
5547.4
5547.4
5546.6
5546.6
5546.6
5546.6
5546.6
5546.56
5546.56
5546.56
5546.56
5546.56
5546.5
5546.5
5546.5
5546.5
5546.5
5546.46
5546.46
5546.46
5546.46
5546.46
5544.88
5544.88
5544.88
5544.88
5544.88
5543.88
5543.88
5543.88
5543.88
5543.88
5542.94
5542.94
5542.94
5542.94
5542.94
5542.94
5542.94
5542.94
5542.94
5542.94
5542.82
5542.82
5542.82
5542.82
5542.82
5540.5
5540.5
5540.5
5540.5
5540.5
5535.9
5535.9
5535.9
5535.9
5535.9
5535.34
5535.34
5535.34
5535.34
5535.34
5533.7
5533.7
5533.7
5533.7
5533.7
5533.14
5533.14
5533.14
5533.14
5533.14
5529.52
5529.52
5529.52
5529.52
5529.52
5528.56
5528.56
5528.56
5528.56
5528.56
5528.26
5528.26
5528.26
5528.26
5528.26
5528
5528
5528
5528
5528
5527.68
5527.68
5527.68
5527.68
5527.68
5527.56
5527.56
5527.56
5527.56
5527.56
5527.38
5527.38
5527.38
5527.38
5527.38
5527.2
5527.2
5527.2
5527.2
5527.2
5527.1
5527.1
5526.52
5526.52
5526.52
5526.36
5526.36
5526.36
5526.36
5526.36
5526.2
5526.2
5526.2
5526.2
5526.2
5526.2
5526.2
5526.2
5526.2
5526.2
5525.48
5525.48
5525.48
5525.48
5525.48
5525.32
5525.32
5525.32
5525.32
5525.32
5525.12
5525.12
5525.12
5525.12
5525.12
5524.98
5524.98
5524.98
5524.98
5524.98
5524.28
5524.28
5524.28
5524.28
5524.28
5524.16
5524.16
5524.16
5524.16
5524.16
5523.44
5523.44
5523.44
5523.44
5523.44
5521.3
5521.3
5521.3
5521.3
5521.3
5518
5518
5518
5513.9
5513.9
5511.82
5511.82
5511.82
5511.82
5511.82
5507.84
5507.84
5507.84
5507.84
5507.84
5505.74
5505.74
5505.74
5505.74
5505.74
5501.96
5501.96
5501.96
5501.96
5501.96
5501.62
5501.62
5501.62
5501.62
5501.62
5498.12
5498.12
5498.12
5498.12
5498.12
5496.58
5496.58
5496.58
5496.58
5496.58
5489.16
5489.16
5489.16
5489.16
5489.16
5485.48
5485.48
5485.48
5485.48
5485.48
5477.94
5477.94
5477.94
5477.94
5477.94
5474.68
5474.68
5474.68
5474.68
5474.68
5472.72
5472.72
5472.72
5472.72
5472.72
5469.82
5469.82
5469.82
5469.82
5469.82
5465.26
5465.26
5465.26
5465.26
5465.26
5456.48
5456.48
5456.48
5456.48
5456.48
5453.68
5453.68
5453.68
5453.68
5453.68
5442.52
5442.52
5442.52
5442.52
5442.52
5424.16
5424.16
5424.16
5424.16
5424.16
5418.4
5418.4
5418.4
5418.4
5418.4
5408.66
5408.66
5408.66
5408.66
5408.66
5394.96
5394.96
5394.96
5394.96
5394.96
5391.08
5391.08
5391.08
5391.08
5391.08
5390.44
5390.44
5390.44
5390.44
5390.44
5390.1
5390.1
5390.1
5390.1
5390.1
5388.98
5388.98
5388.98
5388.98
5388.98
5383.14
5383.14
5383.14
5383.14
5383.14
5382.7
5382.7
5382.7
5382.7
5382.7
5380.62
5380.62
5380.62
5380.62
5380.62
5377
5377
5377
5377
5377
5376.6
5376.6
5376.6
5376.6
5376.6
5370.7
5370.7
5370.7
5370.7
5370.7
5370.48
5370.48
5370.48
5370.48
5370.48
5370.46
5370.46
5370.46
5370.46
5370.46
5370.3
5370.3
5370.3
5370.3
5370.3
5370.02
5370.02
5370.02
5370.02
5370.02
5369.9
5369.9
5369.9
5368.94
5368.94
5368.92
5368.92
5368.92
5368.92
5368.92
5368.8
5368.8
5368.8
5368.8
5368.8
5368.52
5368.52
5368.52
5368.52
5368.52
5368.42
5368.42
5368.42
5368.42
5368.42
5366.04
5366.04
5366.04
5366.04
5366.04
5365.86
5365.86
5365.86
5365.86
5365.86
5365.5
5365.5
5365.5
5365.5
5365.5
5364.82
5364.82
5364.82
5364.82
5364.82
5364.12
5364.12
5364.12
5364.12
5364.12
5363.84
5363.84
5363.84
5363.84
5363.84
5362.38
5362.38
5362.38
5362.38
5362.38
5361.76
5361.76
5361.76
5361.76
5361.76
5361.72
5361.72
5361.72
5361.72
5361.72
5361.62
5361.62
5361.62
5361.62
5361.62
5361.52
5361.52
5361.52
5361.52
5361.52
5361.5
5361.5
5361.5
5361.5
5361.5
5361.3
5361.3
5361.3
5361.3
5361.3
5361
5361
5361
5361
5361
5360.96
5360.96
5360.96
5360.96
5360.96
5360.9
5360.9
5360.9
5360.9
5360.9
5360.7
5360.7
5360.7
5360.7
5360.7
5359.16
5359.16
5359.16
5359.16
5359.16
5358.6
5358.6
5358.6
5358.6
5358.6
5355.28
5355.28
5355.28
5355.28
5355.28
5353.12
5353.12
5353.12
5353.12
5353.12
5351.7
5351.7
5351.7
5351.7
5351.7
5351.7
5351.7
5351.7
5351.7
5351.7
5350.88
5350.88
5350.88
5350.88
5350.88
5348.98
5348.98
5348.98
5348.98
5348.98
5346.46
5346.46
5346.46
5346.46
5346.46
5345.54
5345.54
5345.54
5345.54
5345.54
5344.88
5344.88
5344.88
5344.88
5344.88
5337.12
5337.12
5337.12
5337.12
5337.12
5336.6
5336.6
5336.6
5336.6
5336.6
5333.66
5333.66
5333.66
5333.66
5333.66
5332.2
5332.2
5332.2
5332.2
5332.2
5331
5331
5331
5331
5331
5329.58
5329.58
5329.58
5329.58
5329.58
5329.42
5329.42
5329.42
5329.42
5329.42
5329.24
5329.24
5329.24
5329.24
5329.24
5328.68
5328.68
5328.68
5328.68
5328.68
5326.6
5326.6
5326.6
5326.6
5326.6
5324.12
5324.12
5324.12
5324.12
5324.12
5324.12
5324.12
5324.12
5324.12
5324.12
5324.1
5324.1
5324.1
5324.1
5324.1
5321.38
5321.38
5321.38
5321.38
5321.38
5319.8
5319.8
5319.8
5319.8
5319.8
5319.4
5319.4
5319.4
5319.4
5319.4
5317.42
5317.42
5317.42
5317.42
5317.42
5317.32
5317.32
5317.32
5317.32
5317.32
5316.72
5316.72
5316.72
5316.72
5316.72
5316.7
5316.7
5316.7
5316.7
5316.7
5315.94
5315.94
5315.94
5315.94
5315.94
5315.94
5315.94
5315.94
5315.94
5315.94
5313.62
5313.62
5313.62
5313.62
5313.62
5312.24
5312.24
5312.24
5312.24
5312.24
5310.8
5310.8
5310.8
5310.8
5310.8
5310.8
5310.8
5310.24
5310.24
5310.24
5308.78
5308.78
5308.78
5308.78
5308.78
5308.06
5308.06
5308.06
5308.06
5308.06
5306.88
5306.88
5306.88
5306.88
5306.88
5304.2
5304.2
5304.2
5304.2
5304.2
5301.12
5301.12
5301.12
5301.12
5301.12
5297.82
5297.82
5297.82
5297.82
5297.82
5293.7
5293.7
5293.7
5293.7
5293.7
5291.22
5291.22
5291.22
5291.22
5291.22
5291.1
5291.1
5291.1
5291.1
5291.1
5290.3
5290.3
5290.3
5290.3
5290.3
5290.28
5290.28
5290.28
5289.58
5289.58
5286.98
5286.98
5286.98
5286.98
5286.98
5284.98
5284.98
5284.98
5284.98
5284.98
5284.04
5284.04
5284.04
5284.04
5284.04
5283.62
5283.62
5283.62
5283.62
5283.62
5281.6
5281.6
5281.6
5281.6
5281.6
5280.36
5280.36
5280.36
5280.36
5280.36
5279.62
5279.62
5279.62
5279.62
5279.62
5277.88
5277.88
5277.88
5277.88
5277.88
5276.02
5276.02
5276.02
5276.02
5276.02
5275.56
5275.56
5275.56
5275.56
5275.56
5274.8
5274.8
5274.8
5274.8
5274.8
5274.64
5274.64
5274.64
5274.64
5274.64
5271.9
5271.9
5271.9
5271.9
5271.9
5271.76
5271.76
5271.76
5271.76
5271.76
5270.72
5270.72
5270.72
5270.72
5270.72
5270.18
5270.18
5270.18
5270.18
5270.18
5264.46
5264.46
5264.46
5264.46
5264.46
5263.82
5263.82
5263.82
5263.82
5263.82
5263.44
5263.44
5263.44
5263.44
5263.44
5262.84
5262.84
5262.84
5262.84
5262.84
5260.88
5260.88
5260.88
5260.88
5260.88
5260.36
5260.36
5260.36
5260.36
5260.36
5253.66
5253.66
5253.66
5253.66
5253.66
5247.78
5247.78
5247.78
5247.78
5247.78
5245.66
5245.66
5245.66
5245.66
5245.66
5242.22
5242.22
5242.22
5242.22
5242.22
5235.84
5235.84
5235.84
5235.84
5235.84
5225.1
5225.1
5225.1
5225.1
5225.1
5224.8
5224.8
5224.8
5224.8
5224.8
5216.46
5216.46
5216.46
5216.46
5216.46
5211.08
5211.08
5211.08
5211.08
5211.08
5210.54
5210.54
5210.54
5210.54
5210.54
5208.62
5208.62
5208.62
5208.46
5208.46
5206.52
5206.52
5206.52
5206.52
5206.52
5201.22
5201.22
5201.22
5201.22
5201.22
5197.14
5197.14
5197.14
5197.14
5197.14
5195.84
5195.84
5195.84
5195.84
5195.84
5195.6
5195.6
5195.6
5195.6
5195.6
5195.16
5195.16
5195.16
5195.16
5195.16
5192.7
5192.7
5192.7
5192.7
5192.7
5183.82
5183.82
5183.82
5183.82
5183.82
5181.46
5181.46
5181.46
5181.46
5181.46
5174.06
5174.06
5174.06
5174.06
5174.06
5164.88
5164.88
5164.74
5164.74
5164.74
5164.6
5164.6
5164.6
5164.6
5164.6
5163.86
5163.86
5163.86
5163.86
5163.86
5163.82
5163.82
5163.82
5163.82
5163.82
5163.62
5163.62
5163.62
5163.62
5163.62
5163.02
5163.02
5163.02
5163.02
5163.02
5162.86
5162.86
5162.86
5162.86
5162.86
5161.94
5161.94
5161.94
5161.94
5161.94
5160.92
5160.92
5160.92
5160.92
5160.92
5160.46
5160.46
5160.46
5160.46
5160.46
5160.26
5160.26
5160.26
5160.26
5160.26
5158.18
5158.18
5158.18
5158.18
5158.18
5158.1
5158.1
5158.1
5158.1
5158.1
5157.74
5157.74
5157.74
5157.74
5157.74
5157.72
5157.72
5157.72
5157.72
5157.72
5156.1
5156.1
5156.1
5156.1
5156.1
5154.98
5154.98
5154.98
5154.98
5154.98
5154.56
5154.56
5154.56
5154.56
5154.56
5152.08
5152.08
5152.08
5152.08
5152.08
5151.3
5151.3
5151.3
5151.3
5151.3
5149.9
5149.9
5149.9
5149.9
5149.9
5149
5149
5149
5148.28
5148.28
5147.38
5147.38
5147.38
5147.38
5147.38
5146.98
5146.98
5146.98
5146.98
5146.98
5146.66
5146.66
5146.66
5146.66
5146.66
5145.92
5145.92
5145.92
5145.92
5145.92
5143.7
5143.7
5143.7
5143.7
5143.7
5143.38
5143.38
5143.38
5143.38
5143.38
5143.1
5143.1
5143.1
5143.1
5143.1
5142.98
5142.98
5142.98
5142.98
5142.98
5140.58
5140.58
5140.58
5140.58
5140.58
5138.48
5138.48
5138.48
5138.48
5138.48
5137.04
5137.04
5137.04
5137.04
5137.04
5137
5137
5137
5137
5137
5136.12
5136.12
5136.12
5136.12
5136.12
5135.46
5135.46
5135.46
5135.46
5135.46
5135.34
5135.34
5135.34
5135.34
5135.34
5135.06
5135.06
5135.06
5135.06
5135.06
5134.24
5134.24
5134.24
5134.24
5134.24
5133.04
5133.04
5133.04
5133.04
5133.04
5132.64
5132.64
5132.64
5132.64
5132.64
5132.4
5132.4
5132.4
5132.4
5132.4
5132.38
5132.38
5132.38
5132.38
5132.38
5131.8
5131.8
5131.8
5131.8
5131.8
5131
5131
5131
5131
5131
5129.6
5129.6
5129.6
5129.6
5129.6
5129.28
5129.28
5129.28
5129.28
5129.28
5128.76
5128.76
5128.76
5128.76
5128.76
5128.56
5128.56
5128.56
5128.56
5128.56
5125.96
5125.96
5125.96
5125.96
5125.96
5120.42
5120.42
5120.42
5120.42
5120.42
5117.04
5117.04
5117.04
5117.04
5117.04
5107
5107
5107
5106.9
5106.9
5101.4
5101.4
5101.4
5101.4
5101.4
5100.3
5100.3
5100.3
5100.3
5100.3
5099.56
5099.56
5099.56
5099.56
5099.56
5096.06
5096.06
5096.06
5096.06
5096.06
5092.28
5092.28
5092.28
5092.28
5092.28
5090
5090
5090
5090
5090
5089.54
5089.54
5089.54
5089.54
5089.54
5079.96
5079.96
5079.96
5079.96
5079.96
5076
5076
5076
5076
5076
5070.66
5070.66
5070.66
5070.66
5069.94
5066.14
5066.14
5066.14
5066.14
5066.14
5064.64
5064.64
5064.64
5064.64
5064.64
5061.9
5061.9
5061.9
5061.9
5061.9
5053.86
5053.86
5053.86
5053.86
5053.86
5051.24
5051.24
5051.24
5051.24
5051.24
5049.1
5049.1
5049.1
5049.1
5049.1
5042.36
5042.36
5042.36
5042.36
5042.36
5033.68
5033.68
5033.68
5033.68
5033.68
5025.8
5025.8
5025.8
5025.8
5025.8
5022.96
5022.96
5022.96
5022.96
5022.96
5019.36
5019.36
5019.36
5019.36
5019.36
5009.22
5009.22
5009.22
5009.22
5009.22
4998.72
4998.72
4998.72
4998.72
4998.72
4988.66
4988.66
4988.66
4988.66
4988.66
4979.34
4979.34
4979.34
4979.34
4979.34
4974.04
4974.04
4974.04
4974.04
4974.04
4960.94
4960.94
4960.94
4960.94
4960.94
4943.88
4943.88
4943.88
4943.88
4943.88
4932.42
4932.42
4932.42
4932.42
4932.42
4931.12
4931.12
4931.12
4931.12
4931.12
4930.58
4930.58
4930.58
4930.58
4930.58
4930.4
4930.4
4930.4
4930.4
4930.4
4930.18
4930.18
4930.18
4930.18
4930.18
4929.86
4929.86
4929.86
4929.86
4929.86
4928.2
4928.2
4928.2
4928.2
4928.2
4925.58
4925.58
4925.58
4925.58
4925.58
4922.02
4922.02
4922.02
4922.02
4922.02
4916.98
4916.98
4916.98
4916.98
4916.98
4913.24
4913.24
4913.24
4913.24
4913.24
4912.18
4912.18
4912.18
4911.52
4911.52
4909.42
4909.42
4909.42
4909.42
4909.42
4905.42
4905.42
4905.42
4905.42
4905.42
4900.8
4900.8
4900.8
4900.8
4900.8
4897.82
4897.82
4897.82
4897.82
4897.82
4897.58
4897.58
4897.58
4897.58
4897.58
4886.38
4886.38
4886.38
4886.38
4886.38
4882.5
4882.5
4882.5
4882.5
4882.5
4882.22
4882.22
4882.22
4882.22
4882.22
4880.4
4880.4
4880.4
4880.4
4880.4
4880.22
4880.22
4879.94
4879.94
4879.94
4879.26
4879.26
4879.26
4879.26
4879.26
4877.02
4877.02
4877.02
4877.02
4877.02
4876.16
4876.16
4876.16
4876.16
4876.16
4874.72
4874.72
4874.72
4874.72
4874.72
4873.04
4873.04
4873.04
4873.04
4873.04
4870.68
4870.68
4870.68
4870.68
4870.68
4870.44
4870.44
4870.44
4870.44
4870.44
4868.5
4868.5
4868.5
4868.5
4868.5
4867.5
4867.5
4867.5
4867.5
4867.5
4867.04
4866.6
4866.6
4866.6
4866.6
4863.5
4863.5
4863.5
4863.5
4863.5
4860.34
4860.34
4860.34
4860.34
4860.34
4856.64
4856.64
4856.64
4856.64
4856.64
4852.3
4852.3
4852.3
4852.3
4852.3
4849.84
4849.84
4849.84
4849.84
4849.84
4849.5
4849.5
4849.5
4849.5
4849.5
4847.98
4847.98
4847.98
4847.98
4847.98
4847.94
4847.94
4847.94
4847.94
4847.94
4847.38
4847.38
4847.38
4847.38
4847.38
4846.42
4846.42
4846.42
4846.42
4846.42
4844
4844
4844
4844
4844
4843.18
4843.18
4843.18
4843.18
4843.18
4841.02
4841.02
4841.02
4841.02
4841.02
4839.8
4839.8
4839.8
4839.8
4839.8
4834.5
4834.5
4834.5
4834.5
4834.5
4830.18
4830.18
4830.18
4830.18
4830.18
4829.52
4829.52
4829.52
4829.52
4829.52
4829.22
4829.22
4829.22
4829.22
4829.22
4827
4827
4827
4827
4827
4824.58
4824.58
4824.58
4824.58
4824.58
4824.36
4824.36
4824.36
4824.36
4824.36
4822.64
4822.64
4822.64
4822.64
4822.64
4815.56
4815.56
4815.56
4815.56
4815.56
4813.56
4813.56
4813.56
4813.56
4813.56
4809.32
4809.32
4809.32
4809.32
4809.32
4804.88
4804.88
4804.88
4804.88
4804.88
4803.48
4803.48
4803.48
4803.48
4803.48
4801.58
4801.58
4801.58
4801.58
4801.18
4800.58
4800.58
4800.58
4800.58
4800.58
4799.06
4799.06
4799.06
4799.06
4799.06
4796.78
4796.78
4796.78
4796.78
4796.78
4793.26
4793.26
4793.26
4793.26
4793.26
4792.24
4792.24
4792.24
4792.24
4792.24
4791.36
4791.36
4791.36
4791.36
4791.36
4789.64
4789.64
4789.64
4789.64
4789.64
4788.72
4788.72
4788.72
4788.72
4788.72
4786.76
4786.76
4786.76
4786.76
4786.76
4786.2
4785.7
4785.7
4785.7
4785.7
4785.66
4785.66
4785.66
4785.66
4785.66
4784.48
4784.48
4784.48
4784.48
4784.48
4783.14
4783.14
4783.14
4783.14
4783.14
4782.64
4782.64
4782.64
4782.64
4782.64
4782.6
4782.6
4782.6
4782.6
4782.6
4782.46
4782.46
4782.46
4782.46
4782.46
4782.44
4782.44
4782.44
4782.44
4782.44
4782.24
4782.24
4782.24
4782.24
4782.24
4782.2
4782.2
4782.2
4782.2
4782.2
4782.06
4782.06
4782.06
4782.06
4782.06
4781.9
4781.9
4781.9
4781.9
4781.9
4781.64
4781.64
4781.64
4781.64
4781.64
4781.6
4781.6
4781.6
4781.6
4781.6
4781.5
4781.5
4781.5
4781.5
4781.5
4781.44
4781.44
4781.44
4781.44
4781.44
4781.42
4781.42
4781.42
4781.42
4781.42
4781.34
4781.34
4781.34
4781.34
4781.34
4780.9
4780.9
4780.9
4780.9
4780.9
4780.74
4780.74
4780.74
4780.74
4780.74
4780.62
4780.62
4780.62
4780.62
4780.62
4780.48
4780.48
4780.48
4780.48
4780.48
4780.4
4780.4
4780.4
4780.4
4780.4
4779.38
4779.38
4779.38
4779.38
4779.38
4779.02
4779.02
4779.02
4779.02
4779.02
4778.9
4778.9
4778.9
4778.9
4778.9
4778.38
4778.38
4778.38
4778.38
4778.38
4777.02
4777.02
4777.02
4777.02
4777.02
4775.32
4775.32
4775.32
4775.32
4775.32
4772.68
4772.68
4772.68
4772.68
4772.68
4772.6
4772.6
4772.6
4772.6
4772.6
4772.48
4772.48
4772.48
4772.48
4772.48
4771.5
4771.5
4771.5
4771.5
4771.5
4770.48
4770.48
4770.48
4770.48
4770.48
4768.96
4768.96
4768.96
4768.96
4768.96
4768.2
4768.2
4768.2
4768.2
4768.2
4764.62
4764.62
4764.62
4764.62
4764.62
4763.02
4763.02
4763.02
4763.02
4763.02
4760.74
4760.74
4760.74
4760.74
4760.74
4760.72
4760.72
4760.72
4760.72
4760.72
4760.66
4760.66
4760.66
4760.66
4760.66
4760.1
4760.1
4760.1
4760.1
4760.1
4757.88
4757.88
4757.88
4757.88
4757.88
4757.68
4757.68
4757.68
4757.68
4757.68
4757.42
4757.42
4757.42
4757.42
4757.42
4756.16
4756.16
4756.04
4756.04
4756.04
4755.7
4755.7
4755.7
4755.7
4755.7
4754.62
4754.62
4754.62
4754.62
4754.62
4753.34
4753.34
4753.34
4753.34
4753.34
4748.98
4748.98
4748.98
4748.98
4748.98
4748.56
4748.56
4748.56
4748.56
4748.56
4748.48
4748.48
4748.48
4748.48
4748.48
4747.7
4747.7
4747.7
4747.7
4747.7
4747.2
4747.2
4747.2
4747.2
4747.2
4746.62
4746.42
4746.42
4746.42
4746.42
4745.5
4745.5
4745.5
4745.5
4745.5
4744.86
4744.86
4744.86
4744.86
4744.86
4744.56
4744.56
4744.56
4744.56
4744.56
4743.98
4743.98
4743.98
4743.98
4743.98
4743.12
4743.12
4743.12
4743.12
4743.12
4742.82
4742.82
4742.82
4742.82
4742.82
4742.52
4742.52
4742.52
4742.52
4742.52
4742.4
4742.4
4742.4
4742.4
4742.4
4742.08
4742.08
4742.08
4742.08
4742.08
4741.88
4741.88
4741.88
4741.88
4741.88
4741.02
4741.02
4741.02
4741.02
4741.02
4740.7
4740.7
4740.7
4740.7
4740.7
4739.92
4739.92
4739.92
4739.92
4739.92
4739.8
4739.8
4739.8
4739.8
4739.8
4737.82
4737.82
4737.82
4737.82
4737.82
4736.38
4736.38
4736.38
4736.38
4736.38
4735.56
4735.56
4735.56
4735.52
4735.52
4733.46
4733.46
4733.46
4733.46
4733.46
4731.92
4731.92
4731.92
4731.92
4731.92
4729.8
4729.8
4729.8
4729.8
4729.8
4726.82
4726.82
4726.82
4726.82
4726.82
4726.02
4726.02
4726.02
4726.02
4726.02
4724.98
4724.98
4724.98
4724.98
4724.98
4720.32
4720.32
4720.32
4720.32
4720.32
4720.2
4720.2
4720.2
4720.2
4720.2
4720.06
4720.06
4720.06
4720.06
4720.06
4717.58
4717.58
4717.58
4717.58
4717.58
4715.34
4715.34
4715.34
4715.34
4715.34
4706.88
4706.88
4706.88
4706.88
4706.88
4702.28
4702.28
4702.28
4702.28
4702.28
4695.68
4695.68
4695.68
4695.68
4695.68
4695.4
4695.4
4695.4
4695.4
4695.4
4695.08
4695.08
4695.08
4695.08
4695.08
4694.76
4694.76
4694.76
4694.76
4694.76
4693
4693
4693
4693
4693
4690.74
4690.74
4690.74
4690.74
4690.74
4690.18
4690.18
4690.18
4690.18
4690.18
4690.04
4690.04
4690.04
4690.04
4690.04
4689.04
4689.04
4689.04
4689.04
4689.04
4687.36
4687.36
4687.36
4687.36
4687.36
4685.96
4685.96
4685.96
4685.96
4685.96
4682.22
4682.22
4682.22
4682.22
4682.22
4681.46
4681.46
4681.46
4681.46
4681.46
4680.58
4680.58
4680.58
4680.58
4680.58
4679.38
4679.38
4679.38
4679.38
4679.38
4677.46
4677.46
4677.46
4677.46
4677.46
4677.04
4677.04
4677.04
4677.04
4677.04
4676.22
4676.22
4676.22
4676.22
4676.22
4675.62
4675.62
4675.62
4675.62
4675.62
4674.86
4674.86
4674.86
4674.86
4674.86
4674.58
4674.58
4674.56
4674.56
4674.56
4674.56
4674.56
4674.56
4674.56
4674.56
4674.18
4674.18
4674.18
4674.18
4674.18
4673.58
4673.58
4673.58
4673.58
4673.58
4673.06
4673.06
4673.06
4673.06
4673.06
4673.04
4673.04
4673.04
4673.04
4673.04
4672.8
4672.8
4672.8
4672.8
4672.8
4672.8
4672.8
4672.8
4672.8
4672.8
4672.72
4672.72
4672.72
4672.52
4672.52
4671.94
4671.94
4671.94
4671.94
4671.94
4671.7
4671.7
4671.7
4671.7
4671.7
4670.94
4670.94
4670.94
4670.94
4670.94
4669.82
4669.82
4669.82
4669.82
4669.82
4667.98
4667.98
4667.98
4667.98
4667.98
4665.82
4665.82
4665.82
4665.82
4665.82
4665.78
4665.78
4665.78
4665.78
4665.78
4665.32
4665.32
4665.32
4665.32
4665.3
4665.28
4665.28
4665.28
4665.28
4665.28
4665.24
4665.24
4665.24
4665.24
4665.24
4665.06
4665.06
4665.06
4665.06
4665.06
4662.08
4662.08
4662.08
4662.08
4662.08
4659.32
4659.32
4659.32
4659.32
4659.32
4655.74
4655.74
4655.74
4655.74
4655.74
4654.26
4654.26
4654.26
4654.26
4654.26
4654.24
4654.24
4654.24
4654.24
4654.12
4653.98
4653.98
4653.98
4653.98
4653.98
4653.86
4653.86
4653.86
4653.86
4653.86
4652.38
4652.38
4652.38
4652.38
4652.38
4646.4
4646.4
4646.4
4646.4
4646.4
4646.3
4646.3
4646.3
4646.3
4646.3
4643.68
4643.68
4643.68
4643.68
4643.68
4643.2
4643.2
4643.2
4643.2
4643.2
4638.08
4638.08
4638.08
4638.08
4638.08
4638.06
4638.06
4638.06
4638.06
4638.06
4637.8
4637.8
4637.8
4637.8
4637.8
4637.78
4637.78
4637.78
4637.78
4637.78
4637.72
4637.72
4637.72
4637.72
4637.72
4637.6
4637.6
4637.6
4637.6
4637.6
4637.6
4637.6
4637.6
4637.6
4637.6
4637.6
4637.6
4637.6
4637.6
4637.6
4635.8
4635.8
4635.8
4635.8
4635.68
4635.58
4635.58
4635.58
4635.58
4635.58
4634.88
4634.88
4634.88
4634.88
4634.88
4632.8
4632.8
4632.8
4632.8
4632.8
4632.54
4632.54
4632.54
4632.54
4632.54
4632.5
4632.5
4632.5
4632.5
4632.5
4632.26
4632.26
4632.26
4632.26
4632.26
4632.26
4632.26
4632.26
4632.26
4632.26
4632.08
4632.08
4632.08
4631.96
4631.96
4631.56
4631.56
4631.56
4631.56
4631.56
4629.5
4629.5
4629.5
4629.5
4629.5
4629.5
4629.5
4629.5
4629.5
4629.5
4629.18
4629.18
4629.18
4629.18
4629.18
4629.1
4629.1
4629.1
4629.1
4629.1
4628.76
4628.76
4628.76
4628.76
4628.76
4627.12
4627.12
4627.12
4627.12
4627.12
4626.96
4626.96
4626.92
4626.92
4626.92
4625.46
4625.46
4625.46
4625.46
4625.46
4624.88
4624.88
4624.88
4624.88
4624.88
4622.74
4622.74
4622.74
4622.74
4622.74
4621.16
4621.16
4621.16
4621.16
4621.16
4618.9
4618.9
4618.9
4618.9
4618.9
4611.84
4611.84
4611.84
4611.84
4611.84
4610.72
4610.72
4610.72
4610.72
4610.72
4603.52
4603.52
4603.52
4603.52
4603.52
4597
4597
4597
4597
4597
4594.72
4594.72
4594.72
4594.72
4594.72
4591.92
4591.92
4591.92
4591.92
4591.92
4591.86
4591.86
4591.86
4591.86
4591.86
4591.3
4591.3
4591.3
4591.3
4591.3
4590.86
4590.86
4590.86
4590.86
4590.86
4589.54
4589.54
4589.54
4589.54
4589.54
4589.22
4589.22
4589.22
4589.22
4589.22
4588.44
4588.44
4588.44
4588.44
4588.44
4587.7
4587.7
4587.7
4587.7
4587.7
4587.12
4587.12
4587.12
4587.12
4587.12
4586.18
4586.18
4586.18
4586.18
4586.18
4584.7
4584.7
4584.7
4584.7
4584.7
4577.14
4577.14
4577.14
4577.14
4577.14
4573.14
4573.08
4573.08
4573.08
4573.08
4567.34
4567.34
4567.34
4567.34
4567.34
4566.4
4566.4
4566.4
4566.4
4566.4
4553.1
4553.1
4553.1
4553.1
4553.1
4550.34
4550.34
4550.34
4550.34
4550.34
4547.08
4547.08
4547.08
4547.08
4547.08
4539.88
4539.88
4539.88
4539.88
4539.88
4509.46
4509.46
4509.46
4509.42
4509.42
4491.88
4491.88
4491.88
4491.88
4491.88
4480.72
4480.72
4480.72
4480.72
4480.72
4480.72
4480.72
4480.72
4480.72
4480.72
4480.56
4480.56
4480.56
4480.56
4480.56
4478.56
4478.56
4478.56
4478.56
4478.56
4478.32
4478.32
4478.32
4478.32
4478.32
4478.02
4478.02
4478.02
4478.02
4478.02
4477.8
4477.8
4477.8
4477.8
4477.8
4477.74
4477.74
4477.74
4477.74
4477.74
4477.54
4477.54
4477.54
4477.54
4477.54
4477.24
4477.24
4477.24
4477.24
4477.24
4477.1
4477.1
4477.1
4477.1
4477.1
4474.44
4474.44
4474.44
4474.44
4474.44
4474.24
4474.24
4474.24
4474.24
4474.24
4473.46
4473.46
4473.4
4473.4
4473.4
4471.66
4471.66
4471.66
4471.66
4471.66
4469.7
4469.7
4469.7
4469.7
4469.7
4467.24
4467.24
4467.24
4467.24
4467.24
4452.94
4452.94
4452.94
4452.94
4452.94
4446.14
4446.14
4446.14
4446.14
4446.14
4440.76
4440.76
4440.76
4440.76
4440.76
4433
4433
4433
4433
4433
4431
4431
4431
4431
4431
4428.26
4428.26
4428.26
4428.26
4428.26
4426.18
4426.18
4426.18
4426.18
4426.18
4425.5
4425.5
4425.5
4425.5
4425.5
4424.64
4424.64
4424.64
4424.64
4424.64
4424.48
4424.48
4424.48
4424.48
4424.48
4423.84
4423.84
4423.84
4423.84
4423.84
4422.96
4422.96
4422.96
4422.96
4422.96
4422.86
4422.86
4422.86
4422.86
4422.86
4422.64
4422.64
4422.64
4422.64
4422.64
4422.58
4422.58
4422.58
4422.58
4422.58
4422.56
4422.56
4422.56
4422.56
4422.56
4422.36
4422.36
4422.36
4422.36
4422.36
4422.24
4422.24
4422.24
4422.24
4422.24
4422.2
4422.2
4422.2
4422.2
4422.2
4422.2
4422.2
4422.2
4422.2
4422.2
4422.14
4422.14
4422.14
4422.14
4422.14
4422.12
4422.12
4422.12
4422.12
4422.12
4421.8
4421.8
4421.8
4421.8
4421.8
4421.5
4421.5
4421.5
4421.5
4421.5
4419.66
4419.66
4419.66
4419.66
4419.66
4417.84
4417.84
4417.84
4417.84
4417.84
4416.04
4416.04
4416.04
4416.04
4416.04
4414.36
4414.36
4414.36
4414.36
4414.36
4413.58
4413.58
4413.58
4413.58
4413.58
4412.02
4412.02
4412.02
4412.02
4412.02
4410.6
4410.6
4410.6
4410.6
4410.6
4407.3
4407.3
4407.3
4407.3
4407.3
4393.7
4393.7
4393.7
4393.7
4393.7
4385.54
4385.54
4385.54
4385.54
4385.54
4384.24
4384.24
4384.24
4384.24
4384.24
4384.04
4384.04
4384.04
4384.04
4384.04
4381.58
4381.58
4381.58
4381.58
4381.58
4381.4
4381.4
4381.4
4381.4
4381.4
4381.28
4381.28
4381.28
4381.28
4381.28
4381.12
4381.12
4381.12
4381.12
4381.12
4381.12
4381.12
4381.12
4381.12
4381.12
4380.66
4380.66
4380.66
4380.66
4380.66
4380.66
4380.66
4380.66
4380.66
4380.66
4380.6
4380.6
4380.6
4380.6
4380.6
4379.74
4379.74
4379.74
4379.74
4379.74
4379.72
4379.72
4379.72
4379.72
4379.72
4378.56
4378.56
4378.56
4378.56
4378.56
4378.54
4378.54
4378.54
4378.54
4378.54
4378.1
4378.1
4378.1
4378.1
4378.1
4377.5
4377.5
4377.5
4377.5
4377.5
4377.44
4377.44
4377.44
4377.44
4377.44
4377.02
4377.02
4377.02
4377.02
4377.02
4376.54
4376.54
4376.54
4376.54
4376.54
4376.22
4376.22
4376.22
4376.22
4376.22
4375.36
4375.36
4375.36
4375.36
4375.36
4374.46
4374.46
4374.46
4374.46
4374.46
4373.46
4373.46
4373.46
4373.46
4373.46
4372.44
4372.44
4372.44
4372.44
4372.44
4372.24
4372.24
4372.24
4372.24
4372.24
4367.68
4367.68
4367.66
4367.66
4367.66
4365.6
4365.6
4365.6
4365.6
4365.6
4349.48
4349.48
4349.48
4349.48
4349.48
4348.8
4348.8
4348.8
4348.8
4348.8
4337.74
4337.74
4337.74
4337.74
4337.74
4323.18
4323.18
4323.18
4323.18
4323.18
4315.1
4315.1
4315.1
4315.1
4315.1
4315.04
4315.04
4315.04
4315.04
4315.04
4314.98
4314.98
4314.98
4314.98
4314.98
4314.9
4314.9
4314.9
4314.9
4314.9
4314.9
4314.9
4314.9
4314.9
4314.9
4314.9
4314.9
4314.9
4314.9
4314.9
4314.14
4314.14
4314.14
4314.14
4314.14
4312.74
4312.74
4312.74
4312.74
4312.74
4309.72
4309.72
4309.72
4309.72
4309.72
4309.68
4309.68
4309.68
4309.68
4309.68
4305.3
4305.3
4305.3
4305.3
4305.3
4303.36
4303.36
4303.36
4303.36
4303.36
4300.24
4300.24
4300.24
4300.24
4300.24
4298.68
4298.68
4298.68
4298.68
4298.68
4292.28
4292.24
4292.24
4292.24
4292.24
4289.98
4289.98
4289.98
4289.98
4289.98
4285.78
4285.78
4285.78
4285.78
4285.78
4284.76
4284.76
4284.76
4284.76
4284.76
4283.08
4283.08
4283.08
4283.08
4283.08
4280.8
4280.8
4280.8
4280.8
4280.8
4280.4
4280.4
4280.4
4280.4
4280.4
4278.74
4278.74
4278.74
4278.74
4278.74
4277.3
4277.3
4277.3
4277.3
4277.3
4276.94
4276.94
4276.94
4276.94
4276.94
4276.94
4276.94
4276.94
4276.94
4276.94
4276.78
4276.78
4276.78
4276.78
4276.78
4276.06
4276.06
4276.06
4276.06
4276.06
4275.9
4275.9
4275.9
4275.9
4275.9
4275.68
4275.68
4275.68
4275.68
4275.68
4275.62
4275.62
4275.62
4275.62
4275.62
4275.56
4275.56
4275.56
4275.56
4275.56
4275.34
4275.34
4275.34
4275.34
4275.34
4274.94
4274.94
4274.94
4274.94
4274.94
4274.02
4274.02
4274.02
4274.02
4274.02
4273.38
4273.38
4273.38
4273.38
4273.38
4271.7
4271.7
4271.7
4271.7
4271.7
4270.18
4270.18
4270.18
4270.18
4270.18
4269.24
4269.24
4269.24
4269.24
4269.24
4267.38
4267.38
4267.38
4267.38
4267.38
4267.34
4267.34
4267.34
4267.34
4267.34
4266.74
4266.74
4266.74
4266.74
4266.74
4266.5
4266.5
4266.5
4266.5
4266.5
4266.48
4266.48
4266.48
4266.48
4266.48
4265.78
4265.78
4265.78
4265.78
4265.78
4263.74
4263.74
4263.74
4263.74
4263.74
4263.1
4263.1
4263.1
4263.1
4263.08
4262.46
4262.46
4262.46
4262.46
4262.46
4258.84
4258.84
4258.84
4258.84
4258.84
4250.32
4250.32
4250.32
4250.32
4250.32
4247.44
4247.44
4247.44
4247.44
4247.44
4242.92
4242.92
4242.92
4242.92
4242.92
4239.68
4239.68
4239.68
4239.68
4239.68
4239.26
4239.26
4239.26
4239.26
4239.26
4238.76
4238.76
4238.76
4238.76
4238.76
4237.88
4237.88
4237.88
4237.88
4237.88
4234.74
4234.74
4234.74
4234.74
4234.74
4232.52
4232.52
4232.52
4232.52
4232.52
4231.42
4231.42
4231.42
4231.42
4231.42
4228.84
4228.84
4228.84
4228.84
4228.84
4223.08
4223.08
4223.08
4223.08
4223.08
4215.36
4215.36
4215.36
4215.36
4215.36
4209.88
4209.88
4209.88
4209.88
4209.88
4209.52
4209.52
4209.52
4209.52
4209.52
4209.4
4209.4
4209.4
4209.4
4209.4
4208.86
4208.84
4208.84
4208.84
4208.84
4206.64
4206.64
4206.64
4206.64
4206.64
4204.7
4204.7
4204.7
4204.7
4204.7
4203.36
4203.36
4203.36
4203.36
4203.36
4201.62
4201.62
4201.62
4201.62
4201.62
4200.6
4200.6
4200.6
4200.6
4200.6
4199.08
4199.08
4199.08
4199.08
4199.08
4197.12
4197.12
4197.12
4197.12
4197.12
4195.84
4195.84
4195.84
4195.84
4195.84
4191.74
4191.74
4191.74
4191.74
4191.74
4187.46
4187.46
4187.46
4187.46
4187.46
4186.48
4186.48
4186.48
4186.48
4186.48
4185.7
4185.68
4185.68
4185.68
4185.68
4185.48
4185.48
4185.48
4185.48
4185.48
4184.06
4184.06
4184.06
4184.06
4184.06
4183.68
4183.68
4183.68
4183.68
4183.68
4183.12
4183.12
4183.12
4183.12
4183.12
4182.14
4182.14
4182.14
4182.14
4182.14
4181.84
4181.84
4181.84
4181.84
4181.84
4181.48
4181.48
4181.48
4181.48
4181.48
4181.36
4181.36
4181.36
4181.36
4181.36
4181.32
4181.32
4181.32
4181.32
4181.32
4181.3
4181.3
4181.3
4181.3
4181.3
4181.16
4181.16
4181.16
4181.16
4181.16
4181.08
4181.08
4181.08
4181.08
4181.08
4180.98
4180.98
4180.98
4180.98
4180.98
4180.88
4180.88
4180.88
4180.88
4180.88
4180.68
4180.68
4180.68
4180.68
4180.68
4180.58
4180.58
4180.58
4180.58
4180.58
4180.18
4180.18
4180.18
4180.18
4180.18
4180.08
4180.08
4180.08
4180.08
4180.08
4179.64
4179.64
4179.64
4179.64
4179.64
4179.58
4179.58
4179.58
4179.58
4179.58
4179.58
4179.58
4179.58
4179.58
4179.58
4179.46
4179.46
4179.46
4179.46
4179.46
4179.44
4179.44
4179.44
4179.44
4179.44
4178.8
4178.8
4178.8
4178.8
4178.8
4178.4
4178.4
4178.4
4178.4
4178.4
4178.22
4178.22
4178.22
4178.22
4178.22
4176.92
4176.92
4176.92
4176.92
4176.92
4175.76
4175.76
4175.76
4175.76
4175.76
4173.28
4173.28
4173.28
4173.28
4173.28
4169.68
4169.68
4169.68
4169.68
4169.68
4166.26
4166.26
4166.26
4166.26
4166.26
4164.56
4164.56
4164.56
4164.56
4164.56
4163.96
4163.96
4163.96
4163.96
4163.96
4162.56
4162.56
4162.56
4162.54
4162.54
4162.38
4162.38
4162.38
4162.38
4162.38
4161.34
4161.34
4161.34
4161.34
4161.34
4161.3
4161.3
4161.3
4161.3
4161.3
4160.86
4160.86
4160.86
4160.86
4160.86
4160.34
4160.34
4160.34
4160.34
4160.34
4160.18
4160.18
4160.18
4160.18
4160.18
4160.16
4160.16
4160.16
4160.16
4160.16
4160.12
4160.12
4160.12
4160.12
4160.12
4159.84
4159.84
4159.84
4159.84
4159.84
4159.68
4159.68
4159.68
4159.68
4159.68
4159.56
4159.56
4159.56
4159.54
4159.54
4158.44
4158.44
4158.44
4158.44
4158.44
4158.2
4158.2
4158.2
4158.2
4158.2
4158.12
4158.12
4158.12
4158.12
4158.12
4158.1
4158.1
4158.1
4158.1
4158.1
4157.02
4157.02
4157.02
4157.02
4157.02
4155.8
4155.8
4155.8
4155.8
4155.8
4151.62
4151.62
4151.62
4151.62
4151.62
4147.14
4147.14
4147.14
4147.14
4147.14
4144.98
4144.98
4144.98
4144.98
4144.98
4144.98
4144.98
4144.98
4144.98
4144.98
4144.94
4144.94
4144.94
4144.94
4144.94
4144.54
4144.54
4144.54
4144.54
4144.54
4144.5
4144.5
4144.5
4144.5
4144.5
4144.34
4144.34
4144.34
4144.34
4144.34
4143.56
4143.56
4143.56
4143.56
4143.56
4143.56
4143.56
4143.56
4143.56
4143.56
4143.56
4143.56
4143.56
4143.56
4143.56
4143.32
4143.32
4143.32
4143.32
4143.32
4142.8
4142.8
4142.8
4142.8
4142.8
4142.26
4142.26
4142.26
4142.26
4142.26
4140.04
4140.04
4140.04
4140.04
4140.04
4138.8
4138.8
4138.8
4138.8
4138.8
4136.96
4136.96
4136.96
4136.96
4136.96
4136.46
4136.46
4136.46
4136.46
4136.46
4132.78
4132.78
4132.78
4132.78
4132.78
4132.1
4132.1
4132.1
4132.1
4132.1
4130.7
4130.7
4130.7
4130.7
4130.7
4128.4
4128.4
4128.4
4128.4
4128.4
4128.38
4128.38
4128.38
4128.38
4128.38
4128.24
4128.24
4128.24
4128.24
4128.24
4128.22
4128.22
4128.22
4128.22
4128.22
4125.22
4125.22
4125.22
4125.22
4125.22
4125.2
4125.2
4125.2
4125.2
4125.2
4122.62
4122.62
4122.62
4122.62
4122.62
4122.6
4122.6
4122.6
4122.6
4122.6
4121.88
4121.88
4121.88
4121.88
4121.88
4121.52
4121.52
4121.52
4121.52
4121.52
4121.52
4121.52
4121.52
4121.52
4121.52
4121.1
4121.1
4121.1
4121.1
4121.1
4121.08
4121.08
4121.08
4121.08
4121.08
4120.96
4120.96
4120.96
4120.96
4120.96
4120.74
4120.74
4120.74
4120.74
4120.74
4120.46
4120.46
4120.46
4120.46
4120.46
4119.96
4119.96
4119.96
4119.96
4119.96
4119.08
4119.08
4119.08
4119.08
4119.08
4119.06
4119.06
4119.06
4119.06
4119.06
4119.04
4119.04
4119.04
4119.04
4119.04
4118.96
4118.96
4118.96
4118.96
4118.96
4118.74
4118.74
4118.74
4118.74
4118.74
4118.72
4118.72
4118.72
4118.72
4118.72
4118.72
4118.72
4118.72
4118.72
4118.72
4118.62
4118.62
4118.62
4118.62
4118.62
4118.48
4118.48
4118.48
4118.48
4118.48
4118.22
4118.22
4118.22
4118.22
4118.22
4118.22
4118.22
4118.22
4118.22
4118.22
4118.06
4118.06
4118.06
4118.06
4118.06
4118.04
4118.04
4118.04
4118.04
4118.04
4118.04
4118.04
4118.04
4118.04
4118.04
4118.02
4118.02
4118.02
4118.02
4118.02
4118.02
4118.02
4118.02
4118.02
4118.02
4117.94
4117.94
4117.94
4117.94
4117.94
4117.84
4117.84
4117.84
4117.84
4117.84
4117.6
4117.6
4117.6
4117.6
4117.6
4117.48
4117.48
4117.48
4117.48
4117.48
4116.6
4116.6
4116.6
4116.6
4116.6
4115.18
4115.18
4115.18
4115.18
4115.18
4115.16
4115.16
4115.16
4115.16
4115.16
4114.06
4114.06
4114.06
4114.06
4114.06
4113.78
4113.78
4113.78
4113.78
4113.78
4112.78
4112.78
4112.78
4112.78
4112.78
4110.08
4110.08
4110.08
4110.08
4110.08
4103.74
4103.74
4103.74
4103.74
4103.74
4102.36
4102.36
4102.36
4102.36
4102.36
4097.92
4097.92
4097.92
4097.92
4097.92
4097.92
4097.92
4097.92
4097.92
4097.92
4097.82
4097.82
4097.82
4097.82
4097.8
4097.64
4097.64
4097.64
4097.64
4097.64
4097.58
4097.58
4097.58
4097.58
4097.58
4097.56
4097.56
4097.56
4097.56
4097.56
4096.36
4096.36
4096.36
4096.36
4096.36
4096.08
4096.08
4096.08
4096.08
4096.08
4093.82
4093.82
4093.82
4093.82
4093.82
4093.82
4093.82
4093.82
4093.82
4093.82
4093.8
4093.8
4093.8
4093.8
4093.8
4093.1
4093.1
4093.1
4093.1
4093.1
4091.7
4091.7
4091.7
4091.7
4091.7
4084.18
4084.18
4084.18
4084.18
4084.18
4082.56
4082.56
4082.56
4082.56
4082.56
4069.38
4069.38
4069.38
4069.38
4069.38
4060.26
4060.26
4060.26
4060.26
4060.26
4060.22
4060.22
4060.22
4060.22
4060.22
4056.02
4056.02
4056.02
4056.02
4056.02
4055.38
4055.38
4055.38
4055.38
4055.38
4055.02
4055.02
4055.02
4055.02
4055.02
4051.6
4051.6
4051.6
4051.6
4051.6
4051.6
4051.6
4051.6
4051.6
4051.6
4045.58
4045.58
4045.58
4045.58
4045.58
4044.7
4044.7
4044.7
4044.7
4044.7
4041.12
4041.12
4041.12
4041.12
4041.12
4041.06
4041.06
4041.06
4041.06
4041.06
4040.74
4040.74
4040.74
4040.74
4040.74
4040.7
4040.7
4040.7
4040.7
4040.7
4040
4040
4040
4040
4040
4037.3
4037.3
4037.3
4037.3
4037.3
4033.88
4033.88
4033.88
4033.88
4033.88
4032.02
4032.02
4032.02
4032.02
4032.02
4032
4032
4032
4032
4032
4031.7
4031.7
4031.7
4031.7
4031.7
4031.56
4031.56
4031.56
4031.56
4031.56
4030.6
4030.6
4030.6
4030.6
4030.6
4029
4029
4029
4029
4029
4028.62
4028.62
4028.62
4028.62
4028.62
4027.98
4027.98
4027.98
4027.98
4027.98
4025.58
4025.58
4025.58
4025.58
4025.58
4019.56
4019.56
4019.56
4019.56
4019.56
4017.52
4017.52
4017.52
4017.52
4017.52
4007.72
4007.72
4007.72
4007.72
4007.72
4002.44
4002.44
4002.44
4002.44
4002.44
4001.24
4001.24
4001.24
4001.24
4001.24
3997.2
3997.2
3997.2
3997.2
3997.2
3994.84
3994.84
3994.84
3994.84
3994.84
3994.3
3994.3
3994.3
3994.3
3994.3
3989.94
3989.94
3989.94
3989.94
3989.94
3988.1
3988.1
3988.1
3988.1
3988.1
3988.02
3988.02
3988.02
3988.02
3988.02
3987.74
3987.74
3987.74
3987.74
3987.74
3987.16
3987.16
3987.16
3987.16
3987.16
3986.68
3986.68
3986.68
3986.68
3986.68
3986.62
3986.62
3986.62
3986.62
3986.62
3986.62
3986.62
3986.62
3986.62
3986.62
3986.12
3986.12
3986.12
3986.12
3986.12
3985.86
3985.86
3985.86
3985.86
3985.86
3985.74
3985.74
3985.74
3985.74
3985.74
3985.62
3985.62
3985.62
3985.62
3985.62
3985.52
3985.52
3985.52
3985.52
3985.52
3985.14
3985.14
3985.14
3985.14
3985.14
3985.04
3985.04
3985.04
3985.04
3985.04
3985
3985
3985
3985
3985
3984.96
3984.96
3984.96
3984.96
3984.96
3984.96
3984.96
3984.96
3984.96
3984.96
3984.94
3984.94
3984.94
3984.94
3984.94
3984.88
3984.88
3984.88
3984.88
3984.88
3984.82
3984.82
3984.82
3984.82
3984.82
3984.82
3984.82
3984.82
3984.82
3984.82
3984.78
3984.78
3984.78
3984.78
3984.78
3983.96
3983.96
3983.96
3983.96
3983.96
3983.68
3983.68
3983.68
3983.68
3983.68
3983.56
3983.56
3983.56
3983.56
3983.56
3983.32
3983.32
3983.32
3983.32
3983.32
3983.08
3983.08
3983.08
3983.08
3983.08
3982.38
3982.38
3982.38
3982.38
3982.38
3981.98
3981.98
3981.98
3981.98
3981.98
3981.9
3981.9
3981.9
3981.9
3981.9
3979.18
3979.18
3979.18
3979.18
3979.18
3977.6
3977.6
3977.6
3977.6
3977.6
3976.64
3976.64
3976.64
3976.64
3976.64
3975
3975
3975
3975
3975
3973.22
3973.22
3973.22
3973.22
3973.22
3970.6
3970.6
3970.6
3970.6
3970.6
3966.86
3966.86
3966.86
3966.86
3966.86
3961.52
3961.52
3961.52
3961.52
3961.52
3958.04
3958.04
3958.04
3958.04
3958.04
3950.36
3950.36
3950.36
3950.36
3950.36
3945.06
3945.06
3945.06
3945.06
3945.06
3939.62
3939.62
3939.62
3939.62
3939.62
3929.86
3929.86
3929.86
3929.86
3929.86
3926.24
3926.24
3926.24
3926.24
3926.24
3922.46
3922.46
3922.46
3922.46
3922.46
3911.8
3911.8
3911.8
3911.8
3911.8
3909.94
3909.94
3909.94
3909.94
3909.94
3899.26
3899.26
3899.26
3899.26
3899.26
3886.22
3886.22
3886.22
3886.22
3886.22
3882.64
3882.64
3882.64
3882.64
3882.64
3874.42
3874.42
3874.42
3874.42
3874.42
3871.92
3871.92
3871.92
3871.92
3871.92
3865.5
3865.5
3865.5
3865.5
3865.5
3865.04
3865.04
3865.04
3865.04
3865.04
3859.68
3859.68
3859.68
3859.68
3859.68
3849.4
3849.4
3849.4
3849.4
3849.4
3849.08
3849.08
3849.08
3849.08
3849.08
3846.74
3846.74
3846.74
3846.74
3846.74
3840.96
3840.96
3840.96
3840.96
3840.96
3839.6
3839.6
3839.6
3839.6
3839.6
3838.04
3838.04
3838.04
3838.04
3838.04
3833.82
3833.82
3833.82
3833.82
3833.82
3830.66
3830.66
3830.66
3830.66
3830.66
3829.04
3829.04
3829.04
3829.04
3829.04
3827.18
3827.18
3827.18
3827.18
3827.18
3825.18
3825.18
3825.18
3825.18
3825.18
3824.74
3824.74
3824.74
3824.74
3824.74
3820.82
3820.82
3820.82
3820.82
3820.82
3818.8
3818.8
3818.8
3818.8
3818.8
3812.08
3812.08
3812.08
3812.08
3812.08
3810.74
3810.74
3810.74
3810.74
3810.74
3809.02
3809.02
3809.02
3809.02
3809.02
3807.42
3807.42
3807.42
3807.42
3807.42
3807.34
3807.34
3807.34
3807.34
3807.34
3806.26
3806.26
3806.26
3806.26
3806.26
3805.94
3805.94
3805.94
3805.94
3805.94
3805.48
3805.48
3805.48
3805.48
3805.48
3805.42
3805.42
3805.42
3805.42
3805.42
3805.24
3805.24
3805.24
3805.24
3805.24
3804.68
3804.68
3804.68
3804.68
3804.68
3804.62
3804.62
3804.62
3804.62
3804.62
3804.54
3804.54
3804.54
3804.54
3804.54
3803.48
3803.48
3803.48
3803.48
3803.48
3803.26
3803.26
3803.26
3803.26
3803.26
3802.32
3802.32
3802.32
3802.32
3802.32
3802.24
3802.24
3802.24
3802.24
3802.24
3802.14
3802.14
3802.14
3802.14
3802.14
3801.62
3801.62
3801.62
3801.62
3801.62
3801.22
3801.22
3801.22
3801.22
3801.22
3801.2
3801.2
3801.2
3801.2
3801.2
3800.84
3800.84
3800.84
3800.84
3800.84
3800.26
3800.26
3800.26
3800.26
3800.26
3800.08
3800.08
3800.08
3800.08
3800.08
3799.22
3799.22
3799.22
3799.22
3799.22
3797.1
3797.1
3797.1
3797.1
3797.1
3796.14
3796.14
3796.14
3796.14
3796.14
3794.18
3794.18
3794.18
3794.18
3794.18
3792.64
3792.64
3792.64
3792.64
3792.64
3788.1
3788.1
3788.1
3788.1
3788.1
3788.08
3788.08
3788.08
3788.08
3788.08
3786.2
3786.2
3786.2
3786.2
3786.2
3782.08
3782.08
3782.08
3782.08
3782.08
3779.6
3779.6
3779.6
3779.6
3779.6
3775.2
3775.2
3775.2
3775.2
3775.2
3770.7
3770.7
3770.7
3770.7
3770.7
3766.24
3766.24
3766.24
3766.24
3766.24
3749.5
3749.5
3749.5
3749.5
3749.5
3746.22
3746.22
3746.22
3746.22
3746.22
3736.52
3736.52
3736.52
3736.52
3736.52
3734.02
3734.02
3734.02
3734.02
3734.02
3730.2
3730.2
3730.2
3730.2
3730.2
3729.6
3729.6
3729.6
3729.6
3729.6
3726.06
3726.06
3726.06
3726.06
3726.06
3720.86
3720.86
3720.86
3720.86
3720.86
3720.42
3720.42
3720.42
3720.42
3720.42
3718.52
3718.52
3718.52
3718.52
3718.52
3717.32
3717.32
3717.32
3717.32
3717.32
3715.32
3715.32
3715.32
3715.32
3715.32
3713.54
3713.54
3713.54
3713.54
3713.54
3712.52
3712.52
3712.52
3712.52
3712.52
3710.72
3710.72
3710.72
3710.72
3710.72
3710.64
3710.64
3710.64
3710.64
3710.64
3708.78
3708.78
3708.78
3708.78
3708.78
3707.78
3707.78
3707.78
3707.78
3707.78
3704.78
3704.78
3704.78
3704.78
3704.78
3703.44
3703.44
3703.44
3703.44
3703.44
3701.3
3701.3
3701.3
3701.3
3701.3
3698.82
3698.82
3698.82
3698.82
3698.82
3696.16
3696.16
3696.16
3696.16
3696.16
3693.68
3693.68
3693.68
3693.68
3693.68
3683.58
3683.58
3683.58
3683.58
3683.58
3675.44
3675.44
3675.44
3675.44
3675.44
3671.72
3671.72
3671.72
3671.72
3671.72
3664.5
3664.5
3664.5
3664.5
3664.5
3660.8
3660.8
3660.8
3660.8
3660.8
3659.86
3659.86
3659.86
3659.86
3659.86
3656.84
3656.84
3656.84
3656.84
3656.84
3651.26
3651.26
3651.26
3651.26
3651.26
3647.78
3647.78
3647.78
3647.78
3647.78
3647.54
3647.54
3647.54
3647.54
3647.54
3646.48
3646.48
3646.48
3646.48
3646.48
3645.48
3645.48
3645.48
3645.48
3645.48
3643.58
3643.58
3643.58
3643.58
3643.58
3642.52
3642.52
3642.52
3642.52
3642.52
3638.84
3638.84
3638.84
3638.84
3638.84
3636.8
3636.8
3636.8
3636.8
3636.8
3631.96
3631.96
3631.96
3631.96
3631.96
3628.6
3628.6
3628.6
3628.6
3628.6
3627.58
3627.58
3627.58
3627.58
3627.58
3627.1
3627.1
3627.1
3627.1
3627.1
3627.06
3627.06
3627.06
3627.06
3627.06
3626.58
3626.58
3626.58
3626.58
3626.58
3626.28
3626.28
3626.28
3626.28
3626.28
3626.28
3626.28
3626.28
3626.28
3626.28
3625.74
3625.74
3625.74
3625.74
3625.74
3625.64
3625.64
3625.64
3625.64
3625.64
3625.62
3625.62
3625.62
3625.62
3625.62
3625.62
3625.62
3625.62
3625.62
3625.62
3625.56
3625.56
3625.56
3625.56
3625.56
3625.54
3625.54
3625.54
3625.54
3625.54
3625.54
3625.54
3625.54
3625.54
3625.54
3625.48
3625.48
3625.48
3625.48
3625.48
3625.4
3625.4
3625.4
3625.4
3625.4
3624.2
3624.2
3624.2
3624.2
3624.2
3622.72
3622.72
3622.72
3622.72
3622.72
3622.72
3622.72
3622.72
3622.72
3622.72
3621.8
3621.8
3621.8
3621.8
3621.8
3619.66
3619.66
3619.66
3619.66
3619.66
3618.18
3618.18
3618.18
3618.18
3618.18
3614.1
3614.1
3614.1
3614.1
3614.1
3611.06
3611.06
3611.06
3611.06
3611.06
3610.38
3610.38
3610.38
3610.38
3610.38
3610.22
3610.22
3610.22
3610.22
3610.22
3610.1
3610.1
3610.1
3610.1
3610.1
3610.06
3610.06
3610.06
3610.06
3610.06
3610.02
3610.02
3610.02
3610.02
3610.02
3609.96
3609.96
3609.96
3609.96
3609.96
3609.54
3609.54
3609.54
3609.54
3609.54
3609.54
3609.54
3609.54
3609.54
3609.54
3609.2
3609.2
3609.2
3609.2
3609.2
3608.6
3608.6
3608.6
3608.6
3608.6
3608.58
3608.58
3608.58
3608.58
3608.58
3608.56
3608.56
3608.56
3608.56
3608.56
3607.78
3607.78
3607.78
3607.78
3607.78
3607.74
3607.74
3607.74
3607.74
3607.74
3607.74
3607.74
3607.74
3607.74
3607.74
3607.72
3607.72
3607.72
3607.72
3607.72
3607.72
3607.72
3607.72
3607.72
3607.72
3607.68
3607.68
3607.68
3607.68
3607.68
3607.68
3607.68
3607.68
3607.68
3607.68
3607.58
3607.58
3607.58
3607.58
3607.58
3607.58
3607.58
3607.58
3607.58
3607.58
3607.44
3607.44
3607.44
3607.44
3607.44
3607.4
3607.4
3607.4
3607.4
3607.4
3607.32
3607.32
3607.32
3607.32
3607.32
3607.32
3607.32
3607.32
3607.32
3607.32
3607.3
3607.3
3607.3
3607.3
3607.3
3607.18
3607.18
3607.18
3607.18
3607.18
3607.12
3607.12
3607.12
3607.12
3607.12
3607.06
3607.06
3607.06
3607.06
3607.06
3607.06
3607.06
3607.06
3607.06
3607.06
3606.94
3606.94
3606.94
3606.94
3606.94
3606.88
3606.88
3606.88
3606.88
3606.88
3606.8
3606.8
3606.8
3606.8
3606.8
3606.8
3606.8
3606.8
3606.8
3606.8
3606.68
3606.68
3606.68
3606.68
3606.68
3606.68
3606.68
3606.68
3606.68
3606.68
3606.64
3606.64
3606.64
3606.64
3606.64
3606.4
3606.4
3606.4
3606.4
3606.4
3606.36
3606.36
3606.36
3606.36
3606.36
3606.2
3606.2
3606.2
3606.2
3606.2
3606.18
3606.18
3606.18
3606.18
3606.18
3606.14
3606.14
3606.14
3606.14
3606.14
3605.86
3605.86
3605.86
3605.86
3605.86
3605.86
3605.86
3605.86
3605.86
3605.86
3605.86
3605.86
3605.86
3605.86
3605.86
3605.86
3605.86
3605.86
3605.86
3605.86
3605.84
3605.84
3605.84
3605.84
3605.84
3605.82
3605.82
3605.82
3605.82
3605.82
3605.82
3605.82
3605.82
3605.82
3605.82
3605.16
3605.16
3605.16
3605.16
3605.16
3605.16
3605.16
3605.16
3605.16
3605.16
3605.08
3605.08
3605.08
3605.08
3605.08
3604.94
3604.94
3604.94
3604.94
3604.94
3604.94
3604.94
3604.94
3604.94
3604.94
3604.92
3604.92
3604.92
3604.92
3604.92
3604.88
3604.88
3604.88
3604.88
3604.88
3604.86
3604.86
3604.86
3604.86
3604.86
3604.86
3604.86
3604.86
3604.86
3604.86
3604.82
3604.82
3604.82
3604.82
3604.82
3604.82
3604.82
3604.82
3604.82
3604.82
3604.8
3604.8
3604.8
3604.8
3604.8
3604.74
3604.74
3604.74
3604.74
3604.74
3604.72
3604.72
3604.72
3604.72
3604.72
3604.02
3604.02
3604.02
3604.02
3604.02
3604
3604
3604
3604
3604
3604
3604
3604
3604
3604
3603.98
3603.98
3603.98
3603.98
3603.98
3603.8
3603.8
3603.8
3603.8
3603.8
3602.92
3602.92
3602.92
3602.92
3602.92
3602.9
3602.9
3602.9
3602.9
3602.9
3602.84
3602.84
3602.84
3602.84
3602.84
3602.44
3602.44
3602.44
3602.44
3602.44
3600.5
3600.5
3600.5
3600.5
3600.5
3599.18
3599.18
3599.18
3599.18
3599.18
3599.08
3599.08
3599.08
3599.08
3599.08
3598.94
3598.94
3598.94
3598.94
3598.94
3597.6
3597.6
3597.6
3597.6
3597.6
3595.4
3595.4
3595.4
3595.4
3595.4
3593.18
3593.18
3593.18
3593.18
3593.18
3592.3
3592.3
3592.3
3592.3
3592.3
3588
3588
3588
3588
3588
3584.46
3584.46
3584.46
3584.46
3584.46
3583.34
3583.34
3583.34
3583.34
3583.34
3582.54
3582.54
3582.54
3582.54
3582.54
3580.68
3580.68
3580.68
3580.68
3580.68
3579.22
3579.22
3579.22
3579.22
3579.22
3579.2
3579.2
3579.2
3579.2
3579.2
3577.74
3577.74
3577.74
3577.74
3577.74
3575.3
3575.3
3575.3
3575.3
3575.3
3573.6
3573.6
3573.6
3573.6
3573.6
3573.14
3573.14
3573.14
3573.14
3573.14
3572.32
3572.32
3572.32
3572.32
3572.32
3572.1
3572.1
3572.1
3572.1
3572.1
3572.02
3572.02
3572.02
3572.02
3572.02
3571.86
3571.86
3571.86
3571.86
3571.86
3571.26
3571.26
3571.26
3571.26
3571.26
3571.18
3571.18
3571.18
3571.18
3571.18
3570.7
3570.7
3570.7
3570.7
3570.7
3570.2
3570.2
3570.2
3570.2
3570.2
3569.98
3569.98
3569.98
3569.98
3569.98
3569.8
3569.8
3569.8
3569.8
3569.8
3569.68
3569.68
3569.68
3569.68
3569.68
3569.64
3569.64
3569.64
3569.64
3569.64
3569.48
3569.48
3569.48
3569.48
3569.48
3569.48
3569.48
3569.48
3569.48
3569.48
3568.9
3568.9
3568.9
3568.9
3568.9
3568.82
3568.82
3568.82
3568.82
3568.82
3568.6
3568.6
3568.6
3568.6
3568.6
3568.5
3568.5
3568.5
3568.5
3568.5
3568.42
3568.42
3568.42
3568.42
3568.42
3568.42
3568.42
3568.42
3568.42
3568.42
3568.36
3568.36
3568.36
3568.36
3568.36
3568.34
3568.34
3568.34
3568.34
3568.34
3568.3
3568.3
3568.3
3568.3
3568.3
3568.3
3568.3
3568.3
3568.3
3568.3
3567.94
3567.94
3567.94
3567.94
3567.94
3567.92
3567.92
3567.92
3567.92
3567.92
3567.68
3567.68
3567.68
3567.68
3567.68
3567.58
3567.58
3567.58
3567.58
3567.58
3567.58
3567.58
3567.58
3567.58
3567.58
3567.4
3567.4
3567.4
3567.4
3567.4
3567.4
3567.4
3567.4
3567.4
3567.4
3567.32
3567.32
3567.32
3567.32
3567.32
3567.3
3567.3
3567.3
3567.3
3567.3
3567.28
3567.28
3567.28
3567.28
3567.28
3567.1
3567.1
3567.1
3567.1
3567.1
3567.02
3567.02
3567.02
3567.02
3567.02
3566.98
3566.98
3566.98
3566.98
3566.98
3566.88
3566.88
3566.88
3566.88
3566.88
3566.84
3566.84
3566.84
3566.84
3566.84
3566.84
3566.84
3566.84
3566.84
3566.84
3566.82
3566.82
3566.82
3566.82
3566.82
3566.68
3566.68
3566.68
3566.68
3566.68
3566.64
3566.64
3566.64
3566.64
3566.64
3565.74
3565.74
3565.74
3565.74
3565.74
3565.56
3565.56
3565.56
3565.56
3565.56
3565.14
3565.14
3565.14
3565.14
3565.14
3565.1
3565.1
3565.1
3565.1
3565.1
3564.4
3564.4
3564.4
3564.4
3564.4
3562.42
3562.42
3562.42
3562.42
3562.42
3562.42
3562.42
3562.42
3562.42
3562.42
3561.84
3561.84
3561.84
3561.84
3561.84
3558.78
3558.78
3558.78
3558.78
3558.78
3558.2
3558.2
3558.2
3558.2
3558.2
3555.78
3555.78
3555.78
3555.78
3555.78
3554.7
3554.7
3554.7
3554.7
3554.7
3553.26
3553.26
3553.26
3553.26
3553.26
3553.26
3553.26
3553.26
3553.26
3553.26
3553.24
3553.24
3553.24
3553.24
3553.24
3552.94
3552.94
3552.94
3552.94
3552.94
3552.94
3552.94
3552.94
3552.94
3552.94
3552.8
3552.8
3552.8
3552.8
3552.8
3552.58
3552.58
3552.58
3552.58
3552.58
3552.52
3552.52
3552.52
3552.52
3552.52
3552.36
3552.36
3552.36
3552.36
3552.36
3552.36
3552.36
3552.36
3552.36
3552.36
3552.36
3552.36
3552.36
3552.36
3552.36
3552.36
3552.36
3552.36
3552.36
3552.36
3552.36
3552.36
3552.36
3552.36
3552.36
3552.36
3552.36
3552.36
3552.36
3552.36
3552.32
3552.32
3552.32
3552.32
3552.32
3552.28
3552.28
3552.28
3552.28
3552.28
3552.22
3552.22
3552.22
3552.22
3552.22
3552.22
3552.22
3552.22
3552.22
3552.22
3552.2
3552.2
3552.2
3552.2
3552.2
3552.16
3552.16
3552.16
3552.16
3552.16
3552.16
3552.16
3552.16
3552.16
3552.16
3552.14
3552.14
3552.14
3552.14
3552.14
3551.4
3551.4
3551.4
3551.4
3551.4
3551.34
3551.34
3551.34
3551.34
3551.34
3550.96
3550.96
3550.96
3550.96
3550.96
3550.96
3550.96
3550.96
3550.96
3550.96
3550.68
3550.68
3550.68
3550.68
3550.68
3550.1
3550.1
3550.1
3550.1
3550.1
3548.3
3548.3
3548.3
3548.3
3548.3
3547.86
3547.86
3547.86
3547.86
3547.86
3547.64
3547.64
3547.64
3547.64
3547.64
3547.62
3547.62
3547.62
3547.62
3547.62
3547.62
3547.62
3547.62
3547.62
3547.62
3547.54
3547.54
3547.54
3547.54
3547.54
3547.54
3547.54
3547.54
3547.54
3547.54
3547.54
3547.54
3547.54
3547.54
3547.54
3547.46
3547.46
3547.46
3547.46
3547.46
3547.46
3547.46
3547.46
3547.46
3547.46
3547.46
3547.46
3547.46
3547.46
3547.46
3547.44
3547.44
3547.44
3547.44
3547.44
3547.42
3547.42
3547.42
3547.42
3547.42
3547.34
3547.34
3547.34
3547.34
3547.34
3547.32
3547.32
3547.32
3547.32
Run 50, std dev: 3100.93
