3.17736
0.980417
0.980417
0.980417
0.824106
0.824106
0.812362
0.278883
0.278883
0.278883
0.0300693
0.0300693
0.0167161
0.0167161
0.0167161
0.0096036
0.00704945
0.00673287
0.00548928
0.00548928
0.00548928
0.000465129
0.000465129
0.000365581
0.000365581
0.000365581
0.000209989
8.28636e-005
8.28636e-005
8.28636e-005
6.17222e-005
5.97369e-005
2.56705e-005
2.56705e-005
2.56705e-005
2.14981e-005
2.14981e-005
1.75562e-005
2.48312e-006
2.48312e-006
2.48312e-006
2.05367e-006
3.81103e-007
3.623e-007
3.623e-007
3.623e-007
3.623e-007
3.623e-007
3.623e-007
3.25465e-007
2.06633e-007
2.06633e-007
1.95882e-007
7.48547e-008
5.1003e-008
3.71894e-008
1.94807e-009
1.94807e-009
1.94807e-009
1.94807e-009
1.84035e-009
5.34385e-010
5.34385e-010
5.34385e-010
2.991e-010
2.991e-010
2.26779e-010
6.50947e-011
6.50947e-011
6.50947e-011
6.50947e-011
2.74466e-011
2.74466e-011
2.74466e-011
2.49491e-011
9.35977e-012
5.8941e-012
3.99872e-012
3.10344e-012
2.37158e-012
2.37158e-012
2.37158e-012
3.85614e-013
3.85614e-013
1.36924e-013
1.36924e-013
1.36924e-013
4.10008e-014
4.10008e-014
3.03427e-014
3.03427e-014
2.32373e-014
2.32373e-014
2.32373e-014
2.32373e-014
2.32373e-014
2.32373e-014
1.43555e-014
1.25791e-014
1.25791e-014
5.4737e-015
5.4737e-015
5.4737e-015
1.92099e-015
1.92099e-015
1.44633e-016
1.44633e-016
1.44633e-016
1.44633e-016
1.44633e-016
1.44633e-016
1.44633e-016
1.44633e-016
1.44633e-016
1.44633e-016
1.44633e-016
1.44633e-016
1.44633e-016
1.44633e-016
1.44633e-016
1.44633e-016
1.44633e-016
1.44633e-016
1.44633e-016
1.44633e-016
1.44633e-016
1.44633e-016
1.44633e-016
1.44633e-016
1.44633e-016
1.44633e-016
1.44633e-016
1.44633e-016
1.44633e-016
1.44633e-016
1.44633e-016
1.44633e-016
1.44633e-016
1.44633e-016
1.44633e-016
1.44633e-016
1.44633e-016
1.44633e-016
1.44633e-016
1.44633e-016
1.44633e-016
1.44633e-016
1.44633e-016
1.44633e-016
1.44633e-016
1.44633e-016
1.44633e-016
1.44633e-016
1.44633e-016
1.44633e-016
1.44633e-016
1.44633e-016
1.44633e-016
1.44633e-016
1.44633e-016
1.44633e-016
1.44633e-016
1.44633e-016
1.44633e-016
1.44633e-016
1.44633e-016
1.44633e-016
1.44633e-016
1.44633e-016
1.44633e-016
1.44633e-016
1.44633e-016
1.44633e-016
1.44633e-016
1.44633e-016
1.44633e-016
1.44633e-016
1.44633e-016
1.44633e-016
1.44633e-016
1.44633e-016
1.44633e-016
1.44633e-016
1.44633e-016
1.44633e-016
1.44633e-016
1.44633e-016
1.44633e-016
1.44633e-016
1.44633e-016
1.44633e-016
1.44633e-016
1.44633e-016
1.44633e-016
1.44633e-016
1.44633e-016
1.44633e-016
1.44633e-016
1.44633e-016
1.44633e-016
1.44633e-016
1.44633e-016
1.44633e-016
1.44633e-016
1.44633e-016
1.44633e-016
1.44633e-016
1.44633e-016
1.44633e-016
1.44633e-016
1.44633e-016
1.44633e-016
1.44633e-016
1.44633e-016
1.44633e-016
1.44633e-016
1.44633e-016
1.44633e-016
1.44633e-016
1.44633e-016
1.44633e-016
1.44633e-016
1.44633e-016
1.44633e-016
1.44633e-016
1.44633e-016
1.44633e-016
1.44633e-016
1.44633e-016
1.44633e-016
1.44633e-016
1.44633e-016
1.44633e-016
1.44633e-016
1.44633e-016
1.44633e-016
1.44633e-016
1.44633e-016
1.44633e-016
1.44633e-016
1.44633e-016
1.44633e-016
1.44633e-016
1.44633e-016
1.44633e-016
1.44633e-016
1.44633e-016
1.44633e-016
1.44633e-016
1.44633e-016
1.44633e-016
1.44633e-016
1.44633e-016
1.44633e-016
1.44633e-016
1.44633e-016
1.44633e-016
1.44633e-016
1.44633e-016
1.44633e-016
1.44633e-016
1.44633e-016
1.44633e-016
1.44633e-016
1.44633e-016
1.44633e-016
1.44633e-016
1.44633e-016
1.44633e-016
1.44633e-016
1.44633e-016
1.44633e-016
1.44633e-016
1.44633e-016
1.44633e-016
1.44633e-016
1.44633e-016
1.44633e-016
1.44633e-016
1.44633e-016
1.44633e-016
1.44633e-016
1.44633e-016
1.44633e-016
1.44633e-016
1.44633e-016
1.44633e-016
1.44633e-016
1.44633e-016
1.44633e-016
1.44633e-016
1.44633e-016
1.44633e-016
1.44633e-016
1.44633e-016
1.44633e-016
1.44633e-016
1.44633e-016
1.44633e-016
1.44633e-016
1.44633e-016
1.44633e-016
1.44633e-016
1.44633e-016
1.44633e-016
1.44633e-016
1.44633e-016
1.44633e-016
1.44633e-016
1.44633e-016
1.44633e-016
1.44633e-016
1.44633e-016
1.44633e-016
1.44633e-016
1.44633e-016
1.44633e-016
1.44633e-016
1.44633e-016
1.44633e-016
1.44633e-016
1.44633e-016
1.44633e-016
1.44633e-016
1.44633e-016
1.44633e-016
1.44633e-016
1.44633e-016
1.44633e-016
1.44633e-016
1.44633e-016
1.44633e-016
1.44633e-016
1.44633e-016
1.44633e-016
1.44633e-016
1.44633e-016
1.44633e-016
1.44633e-016
1.44633e-016
1.44633e-016
1.44633e-016
1.44633e-016
1.44633e-016
1.44633e-016
1.44633e-016
1.44633e-016
1.44633e-016
1.44633e-016
1.44633e-016
1.44633e-016
1.44633e-016
1.44633e-016
1.44633e-016
1.44633e-016
1.44633e-016
1.44633e-016
1.44633e-016
1.44633e-016
1.44633e-016
1.44633e-016
1.44633e-016
1.44633e-016
1.44633e-016
1.44633e-016
1.44633e-016
1.44633e-016
1.44633e-016
1.44633e-016
1.44633e-016
1.44633e-016
1.44633e-016
1.44633e-016
1.44633e-016
1.44633e-016
1.44633e-016
1.44633e-016
1.44633e-016
1.44633e-016
1.44633e-016
1.44633e-016
1.44633e-016
1.44633e-016
1.44633e-016
1.44633e-016
1.44633e-016
1.44633e-016
1.44633e-016
1.44633e-016
1.44633e-016
1.44633e-016
1.44633e-016
1.44633e-016
1.44633e-016
1.44633e-016
1.44633e-016
1.44633e-016
1.44633e-016
1.44633e-016
1.44633e-016
1.44633e-016
1.44633e-016
1.44633e-016
1.44633e-016
1.44633e-016
1.44633e-016
1.44633e-016
1.44633e-016
1.44633e-016
1.44633e-016
1.44633e-016
1.44633e-016
1.44633e-016
1.44633e-016
1.44633e-016
1.44633e-016
1.44633e-016
1.44633e-016
1.44633e-016
1.44633e-016
1.44633e-016
1.44633e-016
1.44633e-016
1.44633e-016
1.44633e-016
1.44633e-016
1.44633e-016
1.44633e-016
1.44633e-016
1.44633e-016
1.44633e-016
1.44633e-016
1.44633e-016
1.44633e-016
1.44633e-016
1.44633e-016
1.44633e-016
1.44633e-016
1.44633e-016
1.44633e-016
1.44633e-016
1.44633e-016
1.44633e-016
1.44633e-016
1.44633e-016
1.44633e-016
1.44633e-016
1.44633e-016
1.44633e-016
1.44633e-016
1.44633e-016
1.44633e-016
1.44633e-016
1.44633e-016
1.44633e-016
1.44633e-016
1.44633e-016
1.44633e-016
1.44633e-016
1.44633e-016
1.44633e-016
1.44633e-016
1.44633e-016
1.44633e-016
1.44633e-016
1.44633e-016
1.44633e-016
1.44633e-016
1.44633e-016
1.44633e-016
1.44633e-016
1.44633e-016
1.44633e-016
1.44633e-016
1.44633e-016
1.44633e-016
1.44633e-016
1.44633e-016
1.44633e-016
1.44633e-016
1.44633e-016
1.44633e-016
1.44633e-016
1.44633e-016
1.44633e-016
1.44633e-016
1.44633e-016
1.44633e-016
1.44633e-016
1.44633e-016
1.44633e-016
1.44633e-016
1.44633e-016
1.44633e-016
1.44633e-016
1.44633e-016
1.44633e-016
1.44633e-016
1.44633e-016
1.44633e-016
1.44633e-016
1.44633e-016
1.44633e-016
1.44633e-016
1.44633e-016
1.44633e-016
1.44633e-016
1.44633e-016
1.44633e-016
1.44633e-016
1.44633e-016
1.44633e-016
1.44633e-016
1.44633e-016
1.44633e-016
1.44633e-016
1.44633e-016
1.44633e-016
1.44633e-016
1.44633e-016
1.44633e-016
1.44633e-016
1.44633e-016
1.44633e-016
1.44633e-016
1.44633e-016
1.44633e-016
1.44633e-016
1.44633e-016
1.44633e-016
1.44633e-016
1.44633e-016
1.44633e-016
1.44633e-016
1.44633e-016
1.44633e-016
1.44633e-016
1.44633e-016
1.44633e-016
1.44633e-016
1.44633e-016
1.44633e-016
1.44633e-016
1.44633e-016
1.44633e-016
1.44633e-016
1.44633e-016
1.44633e-016
1.44633e-016
1.44633e-016
1.44633e-016
1.44633e-016
1.44633e-016
1.44633e-016
1.44633e-016
1.44633e-016
1.44633e-016
1.44633e-016
1.44633e-016
1.44633e-016
1.44633e-016
1.44633e-016
1.44633e-016
1.44633e-016
1.44633e-016
1.44633e-016
1.44633e-016
1.44633e-016
1.44633e-016
1.44633e-016
1.44633e-016
1.44633e-016
1.44633e-016
1.44633e-016
1.44633e-016
1.44633e-016
1.44633e-016
1.44633e-016
1.44633e-016
1.44633e-016
1.44633e-016
1.44633e-016
1.44633e-016
1.44633e-016
1.44633e-016
1.44633e-016
1.44633e-016
1.44633e-016
1.44633e-016
1.44633e-016
1.44633e-016
1.44633e-016
1.44633e-016
1.44633e-016
1.44633e-016
1.44633e-016
1.44633e-016
1.44633e-016
1.44633e-016
1.44633e-016
1.44633e-016
1.44633e-016
1.44633e-016
1.44633e-016
1.44633e-016
1.44633e-016
1.44633e-016
1.44633e-016
1.44633e-016
1.44633e-016
1.44633e-016
1.44633e-016
1.44633e-016
1.44633e-016
1.44633e-016
1.44633e-016
1.44633e-016
1.44633e-016
1.44633e-016
1.44633e-016
1.44633e-016
1.44633e-016
1.44633e-016
1.44633e-016
1.44633e-016
1.44633e-016
1.44633e-016
1.44633e-016
1.44633e-016
1.44633e-016
1.44633e-016
1.44633e-016
1.44633e-016
1.44633e-016
1.44633e-016
1.44633e-016
1.44633e-016
1.44633e-016
1.44633e-016
1.44633e-016
1.44633e-016
1.44633e-016
1.44633e-016
1.44633e-016
1.44633e-016
1.44633e-016
1.44633e-016
1.44633e-016
1.44633e-016
1.44633e-016
1.44633e-016
1.44633e-016
1.44633e-016
1.44633e-016
1.44633e-016
1.44633e-016
1.44633e-016
1.44633e-016
1.44633e-016
1.44633e-016
1.44633e-016
1.44633e-016
1.44633e-016
1.44633e-016
1.44633e-016
1.44633e-016
1.44633e-016
1.44633e-016
1.44633e-016
1.44633e-016
1.44633e-016
1.44633e-016
1.44633e-016
1.44633e-016
1.44633e-016
1.44633e-016
1.44633e-016
1.44633e-016
1.44633e-016
1.44633e-016
1.44633e-016
1.44633e-016
1.44633e-016
1.44633e-016
1.44633e-016
1.44633e-016
1.44633e-016
1.44633e-016
1.44633e-016
1.44633e-016
1.44633e-016
1.44633e-016
1.44633e-016
1.44633e-016
1.44633e-016
1.44633e-016
1.44633e-016
1.44633e-016
1.44633e-016
1.44633e-016
1.44633e-016
1.44633e-016
1.44633e-016
1.44633e-016
1.44633e-016
1.44633e-016
1.44633e-016
1.44633e-016
1.44633e-016
1.44633e-016
1.44633e-016
1.44633e-016
1.44633e-016
1.44633e-016
1.44633e-016
1.44633e-016
1.44633e-016
1.44633e-016
1.44633e-016
1.44633e-016
1.44633e-016
1.44633e-016
1.44633e-016
1.44633e-016
1.44633e-016
1.44633e-016
1.44633e-016
1.44633e-016
1.44633e-016
1.44633e-016
1.44633e-016
1.44633e-016
1.44633e-016
1.44633e-016
1.44633e-016
1.44633e-016
1.44633e-016
1.44633e-016
1.44633e-016
1.44633e-016
1.44633e-016
1.44633e-016
1.44633e-016
1.44633e-016
1.44633e-016
1.44633e-016
1.44633e-016
1.44633e-016
1.44633e-016
1.44633e-016
1.44633e-016
1.44633e-016
1.44633e-016
1.44633e-016
1.44633e-016
1.44633e-016
1.44633e-016
1.44633e-016
1.44633e-016
1.44633e-016
1.44633e-016
1.44633e-016
1.44633e-016
1.44633e-016
1.44633e-016
1.44633e-016
1.44633e-016
1.44633e-016
1.44633e-016
1.44633e-016
1.44633e-016
1.44633e-016
1.44633e-016
1.44633e-016
1.44633e-016
1.44633e-016
1.44633e-016
1.44633e-016
1.44633e-016
1.44633e-016
1.44633e-016
1.44633e-016
1.44633e-016
1.44633e-016
1.44633e-016
1.44633e-016
1.44633e-016
1.44633e-016
1.44633e-016
1.44633e-016
1.44633e-016
1.44633e-016
1.44633e-016
1.44633e-016
1.44633e-016
1.44633e-016
1.44633e-016
1.44633e-016
1.44633e-016
1.44633e-016
1.44633e-016
1.44633e-016
1.44633e-016
1.44633e-016
1.44633e-016
1.44633e-016
1.44633e-016
1.44633e-016
1.44633e-016
1.44633e-016
1.44633e-016
1.44633e-016
1.44633e-016
1.44633e-016
1.44633e-016
1.44633e-016
1.44633e-016
1.44633e-016
1.44633e-016
1.44633e-016
1.44633e-016
1.44633e-016
1.44633e-016
1.44633e-016
1.44633e-016
1.44633e-016
1.44633e-016
1.44633e-016
1.44633e-016
1.44633e-016
1.44633e-016
1.44633e-016
1.44633e-016
1.44633e-016
1.44633e-016
1.44633e-016
1.44633e-016
1.44633e-016
1.44633e-016
1.44633e-016
1.44633e-016
1.44633e-016
1.44633e-016
1.44633e-016
1.44633e-016
1.44633e-016
1.44633e-016
1.44633e-016
1.44633e-016
1.44633e-016
1.44633e-016
1.44633e-016
1.44633e-016
1.44633e-016
1.44633e-016
1.44633e-016
1.44633e-016
1.44633e-016
1.44633e-016
1.44633e-016
1.44633e-016
1.44633e-016
1.44633e-016
1.44633e-016
1.44633e-016
1.44633e-016
1.44633e-016
1.44633e-016
1.44633e-016
1.44633e-016
1.44633e-016
1.44633e-016
1.44633e-016
1.44633e-016
1.44633e-016
1.44633e-016
1.44633e-016
1.44633e-016
1.44633e-016
1.44633e-016
1.44633e-016
1.44633e-016
1.44633e-016
1.44633e-016
1.44633e-016
1.44633e-016
1.44633e-016
1.44633e-016
1.44633e-016
1.44633e-016
1.44633e-016
1.44633e-016
1.44633e-016
1.44633e-016
1.44633e-016
1.44633e-016
1.44633e-016
1.44633e-016
1.44633e-016
1.44633e-016
1.44633e-016
1.44633e-016
1.44633e-016
1.44633e-016
1.44633e-016
1.44633e-016
1.44633e-016
1.44633e-016
1.44633e-016
1.44633e-016
1.44633e-016
1.44633e-016
1.44633e-016
1.44633e-016
1.44633e-016
1.44633e-016
1.44633e-016
1.44633e-016
1.44633e-016
1.44633e-016
1.44633e-016
1.44633e-016
1.44633e-016
1.44633e-016
1.44633e-016
1.44633e-016
1.44633e-016
1.44633e-016
1.44633e-016
1.44633e-016
1.44633e-016
1.44633e-016
1.44633e-016
1.44633e-016
1.44633e-016
1.44633e-016
1.44633e-016
1.44633e-016
1.44633e-016
1.44633e-016
1.44633e-016
1.44633e-016
1.44633e-016
1.44633e-016
1.44633e-016
1.44633e-016
1.44633e-016
1.44633e-016
1.44633e-016
1.44633e-016
1.44633e-016
1.44633e-016
1.44633e-016
1.44633e-016
1.44633e-016
1.44633e-016
1.44633e-016
1.44633e-016
1.44633e-016
1.44633e-016
1.44633e-016
1.44633e-016
1.44633e-016
1.44633e-016
1.44633e-016
1.44633e-016
1.44633e-016
1.44633e-016
1.44633e-016
1.44633e-016
1.44633e-016
1.44633e-016
1.44633e-016
1.44633e-016
1.44633e-016
1.44633e-016
1.44633e-016
1.44633e-016
1.44633e-016
1.44633e-016
1.44633e-016
1.44633e-016
1.44633e-016
1.44633e-016
1.44633e-016
1.44633e-016
1.44633e-016
1.44633e-016
1.44633e-016
1.44633e-016
1.44633e-016
1.44633e-016
1.44633e-016
1.44633e-016
1.44633e-016
1.44633e-016
1.44633e-016
1.44633e-016
1.44633e-016
1.44633e-016
1.44633e-016
1.44633e-016
1.44633e-016
1.44633e-016
1.44633e-016
1.44633e-016
1.44633e-016
1.44633e-016
1.44633e-016
1.44633e-016
1.44633e-016
1.44633e-016
1.44633e-016
1.44633e-016
1.44633e-016
1.44633e-016
1.44633e-016
1.44633e-016
1.44633e-016
1.44633e-016
1.44633e-016
1.44633e-016
1.44633e-016
1.44633e-016
1.44633e-016
1.44633e-016
1.44633e-016
1.44633e-016
1.44633e-016
1.44633e-016
1.44633e-016
1.44633e-016
1.44633e-016
1.44633e-016
1.44633e-016
1.44633e-016
1.44633e-016
1.44633e-016
1.44633e-016
1.44633e-016
1.44633e-016
1.44633e-016
1.44633e-016
1.44633e-016
1.44633e-016
1.44633e-016
1.44633e-016
1.44633e-016
1.44633e-016
1.44633e-016
1.44633e-016
1.44633e-016
1.44633e-016
1.44633e-016
1.44633e-016
1.44633e-016
1.44633e-016
1.44633e-016
1.44633e-016
1.44633e-016
1.44633e-016
1.44633e-016
1.44633e-016
1.44633e-016
1.44633e-016
1.44633e-016
1.44633e-016
1.44633e-016
1.44633e-016
1.44633e-016
1.44633e-016
1.44633e-016
1.44633e-016
1.44633e-016
1.44633e-016
1.44633e-016
1.44633e-016
1.44633e-016
1.44633e-016
1.44633e-016
1.44633e-016
1.44633e-016
1.44633e-016
1.44633e-016
1.44633e-016
1.44633e-016
1.44633e-016
1.44633e-016
1.44633e-016
1.44633e-016
1.44633e-016
1.44633e-016
1.44633e-016
1.44633e-016
1.44633e-016
1.44633e-016
1.44633e-016
1.44633e-016
1.44633e-016
1.44633e-016
1.44633e-016
1.44633e-016
1.44633e-016
1.44633e-016
1.44633e-016
1.44633e-016
1.44633e-016
1.44633e-016
1.44633e-016
1.44633e-016
1.44633e-016
1.44633e-016
1.44633e-016
1.44633e-016
1.44633e-016
1.44633e-016
1.44633e-016
1.44633e-016
1.44633e-016
1.44633e-016
1.44633e-016
1.44633e-016
1.44633e-016
1.44633e-016
1.44633e-016
1.44633e-016
1.44633e-016
1.44633e-016
1.44633e-016
1.44633e-016
1.44633e-016
1.44633e-016
1.44633e-016
1.44633e-016
1.44633e-016
1.44633e-016
1.44633e-016
1.44633e-016
1.44633e-016
1.44633e-016
1.44633e-016
1.44633e-016
1.44633e-016
1.44633e-016
1.44633e-016
1.44633e-016
1.44633e-016
1.44633e-016
1.44633e-016
1.44633e-016
1.44633e-016
1.44633e-016
1.44633e-016
1.44633e-016
1.44633e-016
1.44633e-016
1.44633e-016
1.44633e-016
1.44633e-016
1.44633e-016
1.44633e-016
1.44633e-016
1.44633e-016
1.44633e-016
1.44633e-016
1.44633e-016
1.44633e-016
1.44633e-016
1.44633e-016
1.44633e-016
1.44633e-016
1.44633e-016
1.44633e-016
1.44633e-016
1.44633e-016
1.44633e-016
1.44633e-016
1.44633e-016
1.44633e-016
1.44633e-016
1.44633e-016
1.44633e-016
1.44633e-016
1.44633e-016
1.44633e-016
1.44633e-016
1.44633e-016
1.44633e-016
1.44633e-016
1.44633e-016
1.44633e-016
1.44633e-016
1.44633e-016
1.44633e-016
1.44633e-016
1.44633e-016
1.44633e-016
1.44633e-016
1.44633e-016
1.44633e-016
1.44633e-016
1.44633e-016
1.44633e-016
1.44633e-016
1.44633e-016
1.44633e-016
1.44633e-016
1.44633e-016
1.44633e-016
1.44633e-016
1.44633e-016
1.44633e-016
1.44633e-016
1.44633e-016
1.44633e-016
1.44633e-016
1.44633e-016
1.44633e-016
1.44633e-016
1.44633e-016
1.44633e-016
1.44633e-016
1.44633e-016
1.44633e-016
1.44633e-016
1.44633e-016
1.44633e-016
1.44633e-016
1.44633e-016
1.44633e-016
1.44633e-016
1.44633e-016
1.44633e-016
1.44633e-016
1.44633e-016
1.44633e-016
1.44633e-016
1.44633e-016
1.44633e-016
1.44633e-016
1.44633e-016
1.44633e-016
1.44633e-016
1.44633e-016
1.44633e-016
1.44633e-016
1.44633e-016
1.44633e-016
1.44633e-016
1.44633e-016
1.44633e-016
1.44633e-016
1.44633e-016
1.44633e-016
1.44633e-016
1.44633e-016
1.44633e-016
1.44633e-016
1.44633e-016
1.44633e-016
1.44633e-016
1.44633e-016
1.44633e-016
1.44633e-016
1.44633e-016
1.44633e-016
1.44633e-016
1.44633e-016
1.44633e-016
1.44633e-016
1.44633e-016
1.44633e-016
1.44633e-016
1.44633e-016
1.44633e-016
1.44633e-016
1.44633e-016
1.44633e-016
1.44633e-016
1.44633e-016
1.44633e-016
1.44633e-016
1.44633e-016
1.44633e-016
1.44633e-016
1.44633e-016
1.44633e-016
1.44633e-016
1.44633e-016
1.44633e-016
1.44633e-016
1.44633e-016
1.44633e-016
1.44633e-016
1.44633e-016
1.44633e-016
1.44633e-016
1.44633e-016
1.44633e-016
1.44633e-016
1.44633e-016
1.44633e-016
1.44633e-016
1.44633e-016
1.44633e-016
1.44633e-016
1.44633e-016
1.44633e-016
1.44633e-016
1.44633e-016
1.44633e-016
1.44633e-016
1.44633e-016
1.44633e-016
1.44633e-016
1.44633e-016
1.44633e-016
1.44633e-016
1.44633e-016
1.44633e-016
1.44633e-016
1.44633e-016
1.44633e-016
1.44633e-016
1.44633e-016
1.44633e-016
1.44633e-016
1.44633e-016
1.44633e-016
1.44633e-016
1.44633e-016
1.44633e-016
1.44633e-016
1.44633e-016
1.44633e-016
1.44633e-016
1.44633e-016
1.44633e-016
1.44633e-016
1.44633e-016
1.44633e-016
1.44633e-016
1.44633e-016
1.44633e-016
1.44633e-016
1.44633e-016
1.44633e-016
1.44633e-016
1.44633e-016
1.44633e-016
1.44633e-016
1.44633e-016
1.44633e-016
1.44633e-016
1.44633e-016
1.44633e-016
1.44633e-016
1.44633e-016
1.44633e-016
1.44633e-016
1.44633e-016
1.44633e-016
1.44633e-016
1.44633e-016
1.44633e-016
1.44633e-016
1.44633e-016
1.44633e-016
1.44633e-016
1.44633e-016
1.44633e-016
1.44633e-016
1.44633e-016
1.44633e-016
1.44633e-016
1.44633e-016
1.44633e-016
1.44633e-016
1.44633e-016
1.44633e-016
1.44633e-016
1.44633e-016
1.44633e-016
1.44633e-016
1.44633e-016
1.44633e-016
1.44633e-016
1.44633e-016
1.44633e-016
1.44633e-016
1.44633e-016
1.44633e-016
1.44633e-016
1.44633e-016
1.44633e-016
1.44633e-016
1.44633e-016
1.44633e-016
1.44633e-016
1.44633e-016
1.44633e-016
1.44633e-016
1.44633e-016
1.44633e-016
1.44633e-016
1.44633e-016
1.44633e-016
1.44633e-016
1.44633e-016
1.44633e-016
1.44633e-016
1.44633e-016
1.44633e-016
1.44633e-016
1.44633e-016
1.44633e-016
1.44633e-016
1.44633e-016
1.44633e-016
1.44633e-016
1.44633e-016
1.44633e-016
1.44633e-016
1.44633e-016
1.44633e-016
1.44633e-016
1.44633e-016
1.44633e-016
1.44633e-016
1.44633e-016
1.44633e-016
1.44633e-016
1.44633e-016
1.44633e-016
1.44633e-016
1.44633e-016
1.44633e-016
1.44633e-016
1.44633e-016
1.44633e-016
1.44633e-016
1.44633e-016
1.44633e-016
1.44633e-016
1.44633e-016
1.44633e-016
1.44633e-016
1.44633e-016
1.44633e-016
1.44633e-016
1.44633e-016
1.44633e-016
1.44633e-016
1.44633e-016
1.44633e-016
1.44633e-016
1.44633e-016
1.44633e-016
1.44633e-016
1.44633e-016
1.44633e-016
1.44633e-016
1.44633e-016
1.44633e-016
1.44633e-016
1.44633e-016
1.44633e-016
1.44633e-016
1.44633e-016
1.44633e-016
1.44633e-016
1.44633e-016
1.44633e-016
1.44633e-016
1.44633e-016
1.44633e-016
1.44633e-016
1.44633e-016
1.44633e-016
1.44633e-016
1.44633e-016
1.44633e-016
1.44633e-016
1.44633e-016
1.44633e-016
1.44633e-016
1.44633e-016
1.44633e-016
1.44633e-016
1.44633e-016
1.44633e-016
1.44633e-016
1.44633e-016
1.44633e-016
1.44633e-016
1.44633e-016
1.44633e-016
1.44633e-016
1.44633e-016
1.44633e-016
1.44633e-016
1.44633e-016
1.44633e-016
1.44633e-016
1.44633e-016
1.44633e-016
1.44633e-016
1.44633e-016
1.44633e-016
1.44633e-016
1.44633e-016
1.44633e-016
1.44633e-016
1.44633e-016
1.44633e-016
1.44633e-016
1.44633e-016
1.44633e-016
1.44633e-016
1.44633e-016
1.44633e-016
1.44633e-016
1.44633e-016
1.44633e-016
1.44633e-016
1.44633e-016
1.44633e-016
1.44633e-016
1.44633e-016
1.44633e-016
1.44633e-016
1.44633e-016
1.44633e-016
1.44633e-016
1.44633e-016
1.44633e-016
1.44633e-016
1.44633e-016
1.44633e-016
1.44633e-016
1.44633e-016
1.44633e-016
1.44633e-016
1.44633e-016
1.44633e-016
1.44633e-016
1.44633e-016
1.44633e-016
1.44633e-016
1.44633e-016
1.44633e-016
1.44633e-016
1.44633e-016
1.44633e-016
1.44633e-016
1.44633e-016
1.44633e-016
1.44633e-016
1.44633e-016
1.44633e-016
1.44633e-016
1.44633e-016
1.44633e-016
1.44633e-016
1.44633e-016
1.44633e-016
1.44633e-016
1.44633e-016
1.44633e-016
1.44633e-016
1.44633e-016
1.44633e-016
1.44633e-016
1.44633e-016
1.44633e-016
1.44633e-016
1.44633e-016
1.44633e-016
1.44633e-016
1.44633e-016
1.44633e-016
1.44633e-016
1.44633e-016
1.44633e-016
1.44633e-016
1.44633e-016
1.44633e-016
1.44633e-016
1.44633e-016
1.44633e-016
1.44633e-016
1.44633e-016
1.44633e-016
1.44633e-016
1.44633e-016
1.44633e-016
1.44633e-016
1.44633e-016
1.44633e-016
1.44633e-016
1.44633e-016
1.44633e-016
1.44633e-016
1.44633e-016
1.44633e-016
1.44633e-016
1.44633e-016
1.44633e-016
1.44633e-016
1.44633e-016
1.44633e-016
1.44633e-016
1.44633e-016
1.44633e-016
1.44633e-016
1.44633e-016
1.44633e-016
1.44633e-016
1.44633e-016
1.44633e-016
1.44633e-016
1.44633e-016
1.44633e-016
1.44633e-016
1.44633e-016
1.44633e-016
1.44633e-016
1.44633e-016
1.44633e-016
1.44633e-016
1.44633e-016
1.44633e-016
1.44633e-016
1.44633e-016
1.44633e-016
1.44633e-016
1.44633e-016
1.44633e-016
1.44633e-016
1.44633e-016
1.44633e-016
1.44633e-016
1.44633e-016
1.44633e-016
1.44633e-016
1.44633e-016
1.44633e-016
1.44633e-016
1.44633e-016
1.44633e-016
1.44633e-016
1.44633e-016
1.44633e-016
1.44633e-016
1.44633e-016
1.44633e-016
1.44633e-016
1.44633e-016
1.44633e-016
1.44633e-016
1.44633e-016
1.44633e-016
1.44633e-016
1.44633e-016
1.44633e-016
1.44633e-016
1.44633e-016
1.44633e-016
1.44633e-016
1.44633e-016
1.44633e-016
1.44633e-016
1.44633e-016
1.44633e-016
1.44633e-016
1.44633e-016
1.44633e-016
1.44633e-016
1.44633e-016
1.44633e-016
1.44633e-016
1.44633e-016
1.44633e-016
1.44633e-016
1.44633e-016
1.44633e-016
1.44633e-016
1.44633e-016
1.44633e-016
1.44633e-016
1.44633e-016
1.44633e-016
1.44633e-016
1.44633e-016
1.44633e-016
1.44633e-016
1.44633e-016
1.44633e-016
1.44633e-016
1.44633e-016
1.44633e-016
1.44633e-016
1.44633e-016
1.44633e-016
1.44633e-016
1.44633e-016
1.44633e-016
1.44633e-016
1.44633e-016
1.44633e-016
1.44633e-016
1.44633e-016
1.44633e-016
1.44633e-016
1.44633e-016
1.44633e-016
1.44633e-016
1.44633e-016
1.44633e-016
1.44633e-016
1.44633e-016
1.44633e-016
1.44633e-016
1.44633e-016
1.44633e-016
1.44633e-016
1.44633e-016
1.44633e-016
1.44633e-016
1.44633e-016
1.44633e-016
1.44633e-016
1.44633e-016
1.44633e-016
1.44633e-016
1.44633e-016
1.44633e-016
1.44633e-016
1.44633e-016
1.44633e-016
1.44633e-016
1.44633e-016
1.44633e-016
1.44633e-016
1.44633e-016
1.44633e-016
1.44633e-016
1.44633e-016
1.44633e-016
1.44633e-016
1.44633e-016
1.44633e-016
1.44633e-016
1.44633e-016
1.44633e-016
1.44633e-016
1.44633e-016
1.44633e-016
1.44633e-016
1.44633e-016
1.44633e-016
1.44633e-016
1.44633e-016
1.44633e-016
1.44633e-016
1.44633e-016
1.44633e-016
1.44633e-016
1.44633e-016
1.44633e-016
1.44633e-016
1.44633e-016
1.44633e-016
1.44633e-016
1.44633e-016
1.44633e-016
1.44633e-016
1.44633e-016
1.44633e-016
1.44633e-016
1.44633e-016
1.44633e-016
1.44633e-016
1.44633e-016
1.44633e-016
1.44633e-016
1.44633e-016
1.44633e-016
1.44633e-016
1.44633e-016
1.44633e-016
1.44633e-016
1.44633e-016
1.44633e-016
1.44633e-016
1.44633e-016
1.44633e-016
1.44633e-016
1.44633e-016
1.44633e-016
1.44633e-016
1.44633e-016
1.44633e-016
1.44633e-016
1.44633e-016
1.44633e-016
1.44633e-016
1.44633e-016
1.44633e-016
1.44633e-016
1.44633e-016
1.44633e-016
1.44633e-016
1.44633e-016
1.44633e-016
1.44633e-016
1.44633e-016
1.44633e-016
1.44633e-016
1.44633e-016
1.44633e-016
1.44633e-016
1.44633e-016
1.44633e-016
1.44633e-016
1.44633e-016
1.44633e-016
1.44633e-016
1.44633e-016
1.44633e-016
1.44633e-016
1.44633e-016
1.44633e-016
1.44633e-016
1.44633e-016
1.44633e-016
1.44633e-016
1.44633e-016
1.44633e-016
1.44633e-016
1.44633e-016
1.44633e-016
1.44633e-016
1.44633e-016
1.44633e-016
1.44633e-016
1.44633e-016
1.44633e-016
1.44633e-016
1.44633e-016
1.44633e-016
1.44633e-016
1.44633e-016
1.44633e-016
1.44633e-016
1.44633e-016
1.44633e-016
1.44633e-016
1.44633e-016
1.44633e-016
1.44633e-016
1.44633e-016
1.44633e-016
1.44633e-016
1.44633e-016
1.44633e-016
1.44633e-016
1.44633e-016
1.44633e-016
1.44633e-016
1.44633e-016
1.44633e-016
1.44633e-016
1.44633e-016
1.44633e-016
1.44633e-016
1.44633e-016
1.44633e-016
1.44633e-016
1.44633e-016
1.44633e-016
1.44633e-016
1.44633e-016
1.44633e-016
1.44633e-016
1.44633e-016
1.44633e-016
1.44633e-016
1.44633e-016
1.44633e-016
1.44633e-016
1.44633e-016
1.44633e-016
1.44633e-016
1.44633e-016
1.44633e-016
1.44633e-016
1.44633e-016
1.44633e-016
1.44633e-016
1.44633e-016
1.44633e-016
1.44633e-016
1.44633e-016
1.44633e-016
1.44633e-016
1.44633e-016
1.44633e-016
1.44633e-016
1.44633e-016
1.44633e-016
1.44633e-016
1.44633e-016
1.44633e-016
1.44633e-016
1.44633e-016
1.44633e-016
1.44633e-016
1.44633e-016
1.44633e-016
1.44633e-016
1.44633e-016
1.44633e-016
1.44633e-016
1.44633e-016
1.44633e-016
1.44633e-016
1.44633e-016
1.44633e-016
1.44633e-016
1.44633e-016
1.44633e-016
1.44633e-016
1.44633e-016
1.44633e-016
1.44633e-016
1.44633e-016
1.44633e-016
1.44633e-016
1.44633e-016
1.44633e-016
1.44633e-016
1.44633e-016
1.44633e-016
1.44633e-016
1.44633e-016
1.44633e-016
1.44633e-016
1.44633e-016
1.44633e-016
1.44633e-016
1.44633e-016
1.44633e-016
1.44633e-016
1.44633e-016
1.44633e-016
1.44633e-016
1.44633e-016
1.44633e-016
1.44633e-016
1.44633e-016
1.44633e-016
1.44633e-016
1.44633e-016
1.44633e-016
1.44633e-016
1.44633e-016
1.44633e-016
1.44633e-016
1.44633e-016
1.44633e-016
1.44633e-016
1.44633e-016
1.44633e-016
1.44633e-016
1.44633e-016
1.44633e-016
1.44633e-016
1.44633e-016
1.44633e-016
1.44633e-016
1.44633e-016
1.44633e-016
1.44633e-016
1.44633e-016
1.44633e-016
1.44633e-016
1.44633e-016
1.44633e-016
1.44633e-016
1.44633e-016
1.44633e-016
1.44633e-016
1.44633e-016
1.44633e-016
1.44633e-016
1.44633e-016
1.44633e-016
1.44633e-016
1.44633e-016
