88.3468
85.2973
82.6809
79.448
75.8368
68.4734
65.9767
65.9767
65.9767
62.8401
59.6778
55.6164
55.6164
55.6164
55.6164
55.6164
55.6164
54.7627
54.7627
51.0388
51.0388
51.0388
51.0388
51.0388
50.5241
50.5241
41.6579
41.6579
41.6579
41.6579
41.6579
39.6194
39.6194
39.6194
39.6194
38.5869
36.912
36.912
36.912
36.912
36.912
36.912
35.7068
33.9945
33.9945
32.3938
30.5312
30.5312
30.5312
30.5312
30.5312
26.9358
26.4612
26.4612
26.4612
26.4612
26.4612
26.4612
26.3725
26.3725
26.068
25.3069
25.3069
25.3069
25.3069
25.0057
25.0057
25.0057
24.6486
23.9324
23.9324
23.9324
23.4009
23.277
22.6768
22.2888
22.2888
22.2888
22.2286
22.2286
21.6257
21.6257
21.2131
21.0425
20.4093
20.4093
20.4093
20.4093
20.2268
19.6923
19.6923
19.3835
19.3835
18.3117
17.8714
17.8714
17.8714
17.8714
17.8714
17.8714
17.8714
17.7875
17.7875
17.7493
17.7493
17.6015
17.5708
17.5708
17.2904
17.0446
16.6663
16.6663
16.6663
16.6663
16.6663
16.6663
16.5028
16.5028
16.4844
16.1794
16.1794
16.1794
16.164
16.164
16.164
15.8029
15.8029
15.8029
15.8029
15.8029
15.8029
15.8029
15.8029
15.2163
15.2163
15.2163
15.2003
15.2003
15.2003
15.2003
15.2003
15.2003
15.2003
15.2003
15.2003
14.8873
14.8873
14.8873
14.8873
14.8873
14.8873
14.8704
14.714
14.714
14.714
14.714
14.714
14.5922
14.5312
14.5312
14.5017
14.3991
14.3919
14.3919
14.3163
14.3163
14.1801
14.1801
14.1801
14.1567
14.1567
14.1567
14.1567
14.0806
14.0806
14.0806
14.0806
14.0705
14.0436
14.0266
14.0266
13.9752
13.9752
13.9114
13.8391
13.8391
13.8391
13.8391
13.8391
13.7954
13.7954
13.6597
13.6597
13.6597
13.6597
13.588
13.588
13.588
13.5366
13.5366
13.5366
13.5366
13.5366
13.5366
13.469
13.469
13.469
13.469
13.3663
13.3578
13.3578
13.3503
13.3503
13.3077
13.2873
13.1346
13.1346
13.1346
13.1346
13.1163
13.1163
13.1163
13.1163
13.0424
12.9143
12.9143
12.686
12.686
12.686
12.6125
12.6125
12.6125
12.6125
12.6125
12.6125
12.5603
12.5603
12.5603
12.5603
12.5445
12.5445
12.5445
12.5117
12.4967
12.4381
12.4381
12.4381
12.4381
12.3037
12.3037
12.3037
12.3037
12.3037
12.3037
12.3037
12.2585
12.2585
12.2585
12.2585
11.9371
11.9371
11.9371
11.9371
11.9371
11.8997
11.8997
11.8997
11.8997
11.8979
11.8979
11.8979
11.8979
11.891
11.891
11.8328
11.8328
11.8017
11.8017
11.5266
11.5266
11.5266
11.2999
11.2999
11.2999
11.2999
11.2999
11.2999
11.2515
11.2515
11.2515
11.2515
11.2515
11.2515
11.2515
11.246
11.246
11.2373
11.123
11.123
11.123
11.0457
11.0037
10.9786
10.9786
10.9786
10.8842
10.8842
10.8031
10.8031
10.5169
10.5169
10.5169
10.4392
10.4392
10.4392
10.4392
10.3749
10.3749
10.3749
10.3749
10.3749
10.2978
10.2978
10.2327
10.1942
10.1942
10.1942
10.1335
10.1335
10.1335
10.0849
10.0286
10.0286
10.0286
9.86667
9.86667
9.86667
9.86667
9.86667
9.8458
9.8458
9.8458
9.80436
9.68793
9.68793
9.66988
9.64039
9.64039
9.64039
9.50485
9.50485
9.50485
9.50485
9.50485
9.50485
9.50485
9.50485
9.50485
9.4498
9.4498
9.4498
9.42091
9.42091
9.31286
9.10182
9.10182
9.10182
9.10182
9.10182
9.10182
9.10182
8.99047
8.91536
8.91536
8.91536
8.91536
8.91536
8.91536
8.88338
8.88338
8.88338
8.88338
8.88338
8.88338
8.88338
8.88338
8.88338
8.82936
8.8176
8.76054
8.76054
8.74458
8.74458
8.74458
8.74458
8.74458
8.74458
8.74458
8.71221
8.62843
8.62843
8.62843
8.62843
8.62843
8.62843
8.48291
8.48291
8.48291
8.48291
8.48291
8.48291
8.48291
8.48291
8.48291
8.48291
8.48291
8.48291
8.48291
8.48291
8.46785
8.46785
8.46785
8.46785
8.46247
8.46247
8.46247
8.46247
8.46247
8.46247
8.46247
8.45182
8.38314
8.37485
8.37485
8.37485
8.37485
8.33667
8.33667
8.33667
8.33667
8.33667
8.32018
8.32018
8.32018
8.32018
8.31317
8.31317
8.26059
8.26059
8.26059
8.25732
8.22596
8.16809
8.16809
8.15469
8.15469
8.15469
8.15469
8.15469
8.15469
8.15469
8.11424
8.11424
8.11424
8.09179
8.09179
8.09179
8.09179
8.09179
8.09179
8.09179
8.08024
8.07073
8.0605
8.0605
8.03152
8.03152
8.02771
8.02771
7.94916
7.94916
7.94916
7.94916
7.93653
7.93653
7.93653
7.93653
7.93653
7.93653
7.93653
7.92191
7.90954
7.87846
7.87846
7.87846
7.87846
7.87846
7.87846
7.87174
7.83029
7.83029
7.83029
7.83029
7.83029
7.8093
7.8093
7.8093
7.8093
7.8093
7.78802
7.78802
7.78239
7.78239
7.71938
7.71938
7.71938
7.71938
7.71938
7.71938
7.68394
7.68394
7.68394
7.68394
7.68394
7.68394
7.68394
7.68394
7.63905
7.60818
7.60818
7.60818
7.60818
7.58843
7.58051
7.58051
7.58051
7.54674
7.54674
7.54674
7.54578
7.54578
7.54578
7.52813
7.52813
7.52813
7.52813
7.52813
7.52813
7.52813
7.52434
7.52434
7.52434
7.51953
7.46917
7.46575
7.45794
7.45794
7.45794
7.45794
7.45794
7.42297
7.38229
7.38229
7.38229
7.38229
7.35482
7.27128
7.27128
7.27128
7.27128
7.27128
7.27128
7.27128
7.27128
7.27128
7.2546
7.2546
7.2546
7.2546
7.2546
7.19364
7.19364
7.19364
7.19364
7.19364
7.19364
7.1853
7.1853
7.1853
7.1853
7.16875
7.16875
7.1621
7.1621
7.13945
7.13945
7.13945
7.09676
7.07571
7.07571
7.06652
6.95951
6.95951
6.95951
6.95951
6.92423
6.92423
6.86361
6.85983
6.85833
6.77576
6.77576
6.69507
6.6743
6.6743
6.6743
6.6743
6.6743
6.6743
6.6743
6.6743
6.6743
6.5644
6.5644
6.54636
6.54636
6.54636
6.54636
6.54636
6.54636
6.54636
6.54636
6.54262
6.54262
6.463
6.463
6.463
6.463
6.463
6.463
6.463
6.44709
6.44709
6.41219
6.41219
6.35911
6.34766
6.34632
6.34632
6.26059
6.26059
6.26059
6.26059
6.26059
6.21673
6.21673
6.21673
6.20024
6.16254
6.16254
6.16254
6.16254
6.16254
6.16254
6.16254
6.16129
6.15908
6.15908
6.15908
6.15908
6.14619
6.14619
6.12077
6.12077
6.0972
6.0972
6.0972
6.09069
6.09069
6.04507
6.02535
6.02535
6.02535
6.02158
6.02158
6.02158
6.00727
6.00727
5.98717
5.98717
5.98717
5.96219
5.96219
5.93153
5.93153
5.93153
5.93153
5.91488
5.90016
5.90016
5.90016
5.90016
5.90016
5.90016
5.90016
5.83098
5.83098
5.82379
5.82379
5.82379
5.82379
5.78738
5.78738
5.78738
5.78738
5.78738
5.78738
5.78738
5.78738
5.78738
5.78738
5.78738
5.78738
5.78738
5.78595
5.78595
5.78595
5.78595
5.78595
5.78595
5.78595
5.78595
5.77798
5.77798
5.77104
5.77012
5.75442
5.75442
5.75442
5.74175
5.74175
5.72173
5.71163
5.71163
5.70805
5.70805
5.70805
5.69958
5.68353
5.68353
5.68353
5.68353
5.68247
5.67095
5.66673
5.66673
5.63952
5.63952
5.63941
5.63941
5.63941
5.61947
5.61947
5.61947
5.59438
5.59438
5.59438
5.59438
5.59438
5.57642
5.57234
5.57234
5.56304
5.54012
5.51175
5.51175
5.51175
5.51175
5.51175
5.51175
5.51175
5.5091
5.50013
5.50013
5.50013
5.50013
5.50013
5.50013
5.50013
5.50013
5.50013
5.50013
5.50013
5.50013
5.50013
5.50013
5.50013
5.50013
5.50013
5.50013
5.50013
5.50013
5.50013
5.50013
5.50013
5.49969
5.48611
5.48611
5.48611
5.48611
5.47962
5.47962
5.47791
5.47627
5.47627
5.47627
5.46606
5.46606
5.46606
5.46606
5.46058
5.44897
5.44897
5.44897
5.44428
5.44428
5.44428
5.44428
5.44428
5.43275
5.43275
5.42557
5.42557
5.42557
5.42557
5.41164
5.41164
5.39801
5.39801
5.39801
5.39801
5.39801
5.39801
5.39801
5.39801
5.39801
5.39801
5.39801
5.39801
5.39801
5.39546
5.39546
5.39546
5.39053
5.38872
5.38441
5.38441
5.38118
5.38118
5.38118
5.37898
5.36993
5.36993
5.3595
5.3595
5.3595
5.3595
5.3595
5.3595
5.35381
5.34846
5.34846
5.34846
5.34765
5.34765
5.34765
5.32667
5.32667
5.31909
5.31909
5.31909
5.31909
5.31909
5.31909
5.31909
5.31909
5.31246
5.31246
5.31246
5.31246
5.31246
5.31246
5.31246
5.31246
5.30541
5.30541
5.30407
5.30407
5.30232
5.30232
5.30232
5.29739
5.29739
5.29512
5.29512
5.29512
5.29164
5.29164
5.29164
5.29153
5.29098
5.2837
5.2837
5.282
5.282
5.27431
5.27431
5.27431
5.27252
5.25451
5.25451
5.25451
5.25451
5.25451
5.25451
5.25451
5.25451
5.25451
5.2494
5.24034
5.24034
5.24034
5.23896
5.23744
5.23744
5.23744
5.23744
5.23744
5.23633
5.23219
5.22356
5.2208
5.21853
5.21139
5.21139
5.20508
5.20508
5.20368
5.20368
5.198
5.198
5.19368
5.19368
5.19368
5.19314
5.17865
5.17865
5.17865
5.17865
5.17865
5.17613
5.17141
5.17141
5.17141
5.17141
5.17141
5.17141
5.17141
5.17141
5.17141
5.15924
5.14623
5.14623
5.14623
5.14623
5.14623
5.14623
5.13956
5.13956
5.13877
5.13386
5.12246
5.12246
5.12246
5.12222
5.11845
5.11845
5.11845
5.11845
5.11845
5.10753
5.10753
5.10753
5.10753
5.10753
5.10753
5.10516
5.10516
5.10516
5.09127
5.09127
5.09127
5.09127
5.09127
5.09127
5.09127
5.09127
5.09127
5.09127
5.08941
5.07687
5.07687
5.07687
5.07687
5.07687
5.07687
5.07687
5.07687
5.06127
5.06127
5.06127
5.06127
5.06127
5.06078
5.05908
5.05908
5.05908
5.05908
5.05908
5.05908
5.05908
5.04934
5.04008
5.03559
5.02925
5.02856
5.02424
5.02424
5.00984
5.00984
5.00984
5.00984
5.00984
4.9977
4.9977
4.9977
4.98691
4.98691
4.98324
4.98277
4.9824
4.97653
4.97653
4.97234
4.96064
4.9553
4.9553
4.94546
4.94219
4.94114
4.94114
4.94114
4.94105
4.94013
4.93287
4.93287
4.92447
4.92447
4.92076
4.92076
4.90834
4.90459
4.90459
4.90459
4.90459
4.8868
4.8868
4.8868
4.8868
4.87214
4.87214
4.87214
4.87214
4.87214
4.87214
4.87184
4.87184
4.87184
4.87046
4.86391
4.86391
4.86391
4.86375
4.86375
4.86375
4.86375
4.86375
4.86375
4.86292
4.85771
4.85771
4.85771
4.85771
4.85771
4.85771
4.85771
4.85771
4.85771
4.85771
4.8537
4.8537
4.8537
4.8537
4.8537
4.8482
4.8482
4.8482
4.8482
4.84548
4.84548
4.84548
4.84548
4.84118
4.84118
4.84118
4.84118
4.83514
4.83514
4.83255
4.83255
4.83255
4.83255
4.83255
4.83255
4.83255
4.83237
4.83237
4.83237
4.83237
4.83201
4.83201
4.82639
4.82639
4.82639
4.82639
4.82639
4.8253
4.82299
4.82299
4.82279
4.82279
4.82228
4.82228
4.82009
4.82009
4.82009
4.8164
4.8164
4.8164
4.8164
4.8164
4.8164
4.81606
4.81606
4.81561
4.81469
4.81469
4.81028
4.81028
4.81028
4.81028
4.80818
4.80818
4.80807
4.80807
4.80603
4.80603
4.80603
4.80603
4.80574
4.80309
4.80309
4.80309
4.80309
4.80287
4.8027
4.8027
4.8027
4.80266
4.8008
4.8008
4.80015
4.80015
4.80015
4.80015
4.7995
4.79868
4.79868
4.79868
4.79768
4.79683
4.79487
4.79487
4.79487
4.79487
4.79277
4.79258
4.79242
4.79242
4.79242
4.79242
4.79113
4.7907
4.79018
4.79018
4.79018
4.79018
4.79018
4.78882
4.78823
4.78823
4.78823
4.78823
4.78818
4.78811
4.78794
4.78725
4.78569
4.78541
4.78353
4.78207
4.78207
4.78207
4.78008
4.78008
4.78008
4.78008
4.78004
4.78004
4.77763
4.77552
4.77552
4.77528
4.77337
4.77337
4.77337
4.77337
4.77297
4.77206
4.77083
4.77083
4.76749
4.76587
4.76587
4.76587
4.76444
4.75651
4.75651
4.74864
4.74191
4.74191
4.74191
4.74191
4.73926
4.73926
4.73348
4.73348
4.73348
4.73348
4.73007
4.72711
4.72711
4.72711
4.72711
4.72711
4.72711
4.72605
4.72605
4.72605
4.72605
4.72605
4.72159
4.71736
4.71695
4.71665
4.71665
4.7145
4.7145
4.7145
4.71091
4.71091
4.71091
4.70983
4.70681
4.70681
4.70681
4.70681
4.70681
4.70633
4.70633
4.70633
4.70633
4.70633
4.70633
4.70633
4.70633
4.70633
4.70633
4.70242
4.70076
4.70076
4.70076
4.70076
4.70076
4.70076
4.69917
4.69451
4.69451
4.69451
4.69451
4.69451
4.69451
4.69451
4.69173
4.69173
4.68808
4.68808
4.68641
4.68641
4.6838
4.68121
4.68121
4.68119
4.68026
4.67818
4.67119
4.67119
4.67119
4.67119
4.67119
4.67119
4.67067
4.67067
4.67067
4.67067
4.66923
4.66923
4.66923
4.66923
4.6686
4.6686
4.6686
4.6686
4.66748
4.66618
4.66577
4.66577
4.66363
4.66363
4.66363
4.66363
4.66363
4.66216
4.66007
4.65954
4.65954
4.65954
4.6592
4.6592
4.6592
4.6592
4.6592
4.6592
4.6592
4.65821
4.65774
4.65774
4.65774
4.65774
4.65774
4.6572
4.6572
4.65654
4.65605
4.65543
4.65543
4.65543
4.6554
4.65444
4.65394
4.65394
4.65394
4.65394
4.65394
4.65358
4.6534
4.65264
4.65202
4.65202
4.65202
4.65199
4.65199
4.65134
4.65134
4.65134
4.65134
4.65134
4.65134
4.65134
4.65134
4.65133
4.65133
4.65133
4.65051
4.65051
4.65051
4.64957
4.64957
4.64944
4.64873
4.64873
4.64839
4.64839
4.64839
4.64839
4.64839
4.64757
4.64757
4.64757
4.64757
4.64757
4.64757
4.64757
4.64757
4.64757
4.64757
4.64743
4.64743
4.64743
4.64743
4.64743
4.64743
4.64743
4.64743
4.64743
4.64743
4.64743
4.64743
4.64743
4.64743
4.64692
4.64692
4.64692
4.64675
4.64608
4.64608
4.64608
4.64608
4.64531
4.64531
4.64452
4.6442
4.6442
4.6442
4.64396
4.64361
4.64325
4.64237
4.64212
4.64177
4.64177
4.64177
4.6412
4.6412
4.64102
4.64102
4.64102
4.63922
4.63922
4.63922
4.63922
4.63922
4.63922
4.63922
4.63922
4.63922
4.63922
4.63922
4.63922
4.63922
4.63922
4.63914
4.63845
4.63845
4.63845
4.63845
4.63845
4.63772
4.63772
4.63772
4.63772
4.63763
4.63763
4.63763
4.63763
4.63724
4.63724
4.63724
4.63724
4.63667
4.63667
4.63667
4.63659
4.63628
4.63628
4.63628
4.63628
4.63628
4.63628
4.63565
4.6356
4.6356
4.63508
4.63508
4.6346
4.6346
4.63453
4.6342
4.6342
4.63357
4.63357
4.63357
4.63357
4.63333
4.63333
4.63333
4.63311
4.63287
4.63287
4.63287
4.63287
4.63287
4.63287
4.63284
4.63246
4.63246
4.63202
4.63202
4.63188
4.63188
4.63176
4.63068
4.63068
4.63068
4.6306
4.6306
4.6306
4.6306
4.6306
4.6306
4.63023
4.63015
4.62991
4.62991
4.62915
4.62915
4.62909
4.62909
4.62891
4.62886
4.62868
4.62868
4.62818
4.62789
4.62768
4.62768
4.62734
4.62734
4.62734
4.62734
4.62726
4.6268
4.6268
4.6268
4.62623
4.62623
4.62623
4.62623
4.62623
4.62623
4.62623
4.62623
4.62623
4.62618
4.62609
4.62574
4.62574
4.62574
4.62525
4.62525
4.62504
4.62504
4.62504
4.62504
4.62504
4.62504
4.62491
4.62491
4.62491
4.62491
4.62491
4.62491
4.62491
4.62491
4.62491
4.62491
4.62489
4.62489
4.62462
4.62462
4.62462
4.62454
4.62428
4.62428
4.62402
4.62402
4.62394
4.62353
4.62353
4.62353
4.62353
4.62297
4.62284
4.6227
4.62178
4.62178
4.62178
4.62178
4.62178
4.62178
4.62178
4.62178
4.62178
4.62178
4.62178
4.62178
4.62178
4.62095
4.62095
4.62095
4.62095
4.62094
4.62094
4.62094
4.62094
4.62094
4.62094
4.62094
4.62094
4.62092
4.62033
4.61945
4.6192
4.6192
4.61909
4.61909
4.61909
4.61909
4.61909
4.61909
4.61909
4.61879
4.61879
4.61879
4.61879
4.61879
4.61861
4.61861
4.61861
4.61861
4.61861
4.61861
4.61861
4.61852
4.61844
4.61844
4.6184
4.6183
4.6183
4.6183
4.61818
4.61818
4.61818
4.61818
4.61803
4.61803
4.61803
4.61803
4.61783
4.61783
4.61783
4.61772
4.61772
4.61772
4.6177
4.6177
4.6177
4.6175
4.6175
4.6175
4.6175
4.6175
4.6175
4.6175
4.61746
4.61726
4.61713
4.61699
4.61699
4.61699
4.6167
4.6167
4.6167
4.6167
4.6167
4.6167
4.61663
4.61663
4.61663
4.61645
4.61615
4.61615
4.61615
4.61615
4.61615
4.61594
4.61594
4.61594
4.61581
4.61558
4.61558
4.61558
4.61534
4.61534
4.61534
4.61517
4.61517
4.61487
4.61473
4.61434
4.61359
4.61322
4.6128
4.6128
4.6128
4.6128
4.6128
4.61193
4.61193
4.61132
4.61132
4.61132
4.61132
4.61086
4.61086
4.61047
4.61047
4.60986
4.60986
4.60986
4.60986
4.60986
4.60986
4.60986
4.60986
4.60964
4.60964
4.60964
4.6091
4.6091
4.60907
4.60899
4.60899
4.60899
4.60831
4.60831
4.60687
4.60687
4.60687
4.60687
4.60686
4.60686
4.60618
4.60618
4.60618
4.60618
4.60618
4.60618
4.60539
4.60539
4.60539
4.60539
4.60539
4.60539
4.60533
4.60466
4.60466
4.60466
4.60435
4.60435
4.60435
4.60435
4.60435
4.60435
4.60435
4.60435
4.60435
4.60395
4.60395
4.60346
4.60344
4.60344
4.60246
4.60246
4.60246
4.60246
4.60246
4.60166
4.60166
4.6016
4.60049
4.6001
4.6001
4.6001
4.6001
4.6001
4.6001
4.6001
4.60005
4.59868
4.59784
4.59699
4.59699
4.5965
4.59526
4.59526
4.59456
4.59441
4.59418
4.59418
4.59418
4.59418
4.59385
4.59385
4.59309
4.59309
4.59309
4.59308
4.59308
4.59308
4.59287
4.59254
4.59209
4.59209
4.59209
4.59209
4.59171
4.59171
4.59171
4.59171
4.59171
4.59161
4.59153
4.59153
4.59088
4.59088
4.59088
4.59088
4.59088
4.59088
4.59088
4.59088
4.59088
4.59035
4.59035
4.58958
4.58958
4.58958
4.58958
4.58958
4.5894
4.5894
4.5894
4.58893
4.58893
4.58893
4.58893
4.58859
4.58859
4.58848
4.58848
4.58848
4.58828
4.58797
4.58748
4.58717
4.58689
4.58667
4.58657
4.58591
4.58591
4.58591
4.58591
4.58562
4.58401
4.58276
4.58276
4.58276
4.58273
4.58273
4.58257
4.58252
4.58234
4.58128
4.58128
4.58126
4.5809
4.5809
4.5809
4.58053
4.57969
4.57923
4.57923
4.57902
4.57902
4.57902
4.57902
4.57828
4.57828
4.57828
4.57823
4.57822
4.57822
4.57786
4.57629
4.57629
4.57629
4.57549
4.57549
4.57549
4.57549
4.57549
4.57549
4.57549
4.57549
4.57549
4.57549
4.57549
4.57549
4.57549
4.57543
4.57543
4.57301
4.57301
4.57301
4.57301
4.57301
4.57301
4.57301
4.57245
4.57195
4.57088
4.57059
4.57
4.56965
4.56965
4.56772
4.56761
4.56317
4.56317
4.56317
4.56317
4.56317
4.56317
4.56317
4.56317
4.56317
4.56317
4.56317
4.56317
4.56317
4.56317
4.56317
4.56292
4.56292
4.56292
4.56292
4.56189
4.56189
4.56189
4.56189
4.56157
4.56115
4.56115
4.56008
4.5598
4.5598
4.55921
4.55921
4.55921
4.55762
4.55762
4.55762
4.55762
4.55762
4.55759
4.55759
4.55759
4.55759
4.55655
4.55637
4.55583
4.55583
4.55583
4.55459
4.55443
4.55443
4.55443
4.55443
4.55438
4.55345
4.55173
4.55173
4.55173
4.55173
4.55173
4.55149
4.55133
4.55133
4.55042
4.5486
4.5486
4.5486
4.5486
4.5486
4.54807
4.54807
4.5477
4.5477
4.5477
4.5477
4.5477
4.5477
4.54644
4.54644
4.54457
4.54405
4.54249
4.54249
4.54249
4.54249
4.54249
4.54249
4.54249
4.54102
4.54042
4.53921
4.53921
4.53921
4.53921
4.53921
4.53921
4.53921
4.53921
4.53921
4.53921
4.53906
4.53906
4.53793
4.53698
4.5364
4.5364
4.5364
4.53465
4.53465
4.53382
4.53338
4.53324
4.53324
4.53324
4.53167
4.53167
4.53136
4.53098
4.52889
4.52889
4.52735
4.52709
4.5257
4.5257
4.5257
4.52541
4.52541
4.52541
4.52541
4.52439
4.52439
4.52439
4.52439
4.52439
4.52439
4.52428
4.52405
4.52405
4.52405
4.52405
4.52405
4.52405
4.52405
4.52405
4.52283
4.52106
4.52106
4.52106
4.52106
4.52106
4.52106
4.52106
4.52106
4.52106
4.52106
4.52102
4.51953
4.51769
4.51769
4.51769
4.51769
4.51333
4.51333
4.51333
4.51333
4.51333
4.51333
4.51078
4.51002
4.50864
4.50864
4.50864
4.50852
4.50784
4.50784
4.5078
4.50689
4.50689
4.50479
4.50479
4.50479
4.50479
4.50479
4.5047
4.50284
4.50264
4.50264
4.50264
4.50264
4.49936
4.49936
4.49936
4.49896
4.49853
4.49841
4.49841
4.49841
4.49841
4.4959
4.4959
4.49505
4.49505
4.49505
4.49505
4.49404
4.49218
4.49218
4.49184
4.49099
4.48791
4.48791
4.48791
4.48791
4.48605
4.48605
4.48605
4.48605
4.48605
4.48455
4.48455
4.48455
4.48455
4.48395
4.48388
4.48298
4.48257
4.4814
4.47836
4.47836
4.4774
4.4774
4.4774
4.4774
4.4774
4.4774
4.4774
4.4774
4.4774
4.47629
4.47445
4.4727
4.47116
4.47116
4.47116
4.47116
4.47116
4.47116
4.47096
4.47096
4.47096
4.47096
4.47096
4.47096
4.47096
4.47096
4.47096
4.47096
4.47015
4.46946
4.46442
4.46442
4.46442
4.46442
4.46442
4.46442
4.46442
4.46442
4.46442
4.46442
4.46442
4.46442
4.46442
4.46442
4.46413
4.46348
4.46348
4.46142
4.46142
4.46067
4.45958
4.45872
4.45872
4.45708
4.45327
4.45327
4.45327
4.45327
4.45327
4.45275
4.44941
4.44941
4.44941
4.44941
4.44941
4.44941
4.44941
4.44711
4.44461
4.44256
4.44027
4.44027
4.44015
4.44015
4.43557
4.43557
4.43557
4.43557
4.43557
4.43557
4.43432
4.43432
4.43432
4.43432
4.43277
4.43257
4.43257
4.43251
4.43251
4.43251
4.43167
4.43078
4.43052
4.42917
4.42917
4.42917
4.42917
4.42917
4.42817
4.42817
4.42817
4.42708
4.42627
4.42627
4.42627
4.426
4.42448
4.42388
4.42388
4.42388
4.42388
4.42388
4.42388
4.4233
4.4233
4.4233
4.42317
4.42317
4.42317
4.42265
4.42265
4.42265
4.4213
4.42109
4.41772
4.41772
4.41772
4.41587
4.41587
4.41587
4.41587
4.41556
4.41556
4.41556
4.41554
4.41554
4.41554
4.41554
4.41361
4.41225
4.41225
4.41225
4.41225
4.41201
4.41201
4.41165
4.41018
4.41018
4.40821
4.40821
4.40821
4.40821
4.40821
4.40821
4.40821
4.40821
4.40821
4.40821
4.40821
4.40821
4.40821
4.40821
4.40766
4.40766
4.40766
4.40634
4.40634
4.40634
4.40634
4.40612
4.40612
4.40589
4.40589
4.40522
4.40478
4.40478
4.40461
4.40461
4.40461
4.40408
4.40335
4.40335
4.40326
4.4026
4.40217
4.40206
4.40206
4.40068
4.40068
4.40068
4.40068
4.40017
4.40017
4.40005
4.40005
4.40005
4.40005
4.3991
4.3982
4.3982
4.3982
4.39796
4.39626
4.39626
4.39626
4.39626
4.39626
4.39572
4.39496
4.39496
4.39496
4.39496
4.39311
4.39311
4.39311
4.3931
4.3908
4.39048
4.39048
4.3895
4.3895
4.3895
4.38914
4.38408
4.38408
4.38408
4.38408
4.38187
4.38003
4.38003
4.38003
4.38003
4.38003
4.38003
4.38003
4.38003
4.38003
4.38003
4.38003
4.38003
4.37872
4.37872
4.37872
4.37872
4.37821
4.37753
4.37604
4.37364
4.37364
4.37156
4.37156
4.3713
4.3713
4.3713
4.37086
4.36913
4.36872
4.36827
4.36827
4.36827
4.36827
4.36827
4.36827
4.367
4.367
4.367
4.367
4.367
4.367
4.367
4.367
4.367
4.36677
4.36539
4.36539
4.36539
4.364
4.36217
4.36217
4.36205
4.36115
4.357
4.357
4.35581
4.35581
4.35581
4.35581
4.35581
4.35092
4.35029
4.35029
4.35029
4.35029
4.35029
4.35029
4.35029
4.35029
4.35029
4.35029
4.35029
4.35029
4.35029
4.35029
4.35004
4.35004
4.35004
4.35004
4.35004
4.35004
4.35004
4.35004
4.34991
4.34673
4.34673
4.34673
4.34528
4.34528
4.34377
4.34377
4.3428
4.3428
4.3428
4.3428
4.3428
4.3428
4.3428
4.3428
4.3428
4.3428
4.3428
4.3428
4.3428
4.3428
4.3428
4.33833
4.33833
4.33833
4.33833
4.33833
4.33833
4.33833
4.33833
4.33833
4.33833
4.33833
4.33833
4.33833
4.33833
4.33833
4.33833
4.33833
4.33833
4.33833
4.33833
4.33833
4.33833
4.33833
4.33833
4.33833
4.33833
4.33833
4.33833
4.33833
4.33833
4.33833
4.33833
4.33833
4.33833
4.33833
4.33833
4.33833
4.33833
4.33833
4.33833
4.33833
4.33833
4.33833
4.33833
4.33833
4.33833
4.33833
4.33833
4.33749
4.33587
4.33587
4.33587
4.33587
4.33587
4.33587
4.33587
4.33587
4.33587
4.33587
4.33587
4.33587
4.33487
4.33487
4.33313
4.33313
4.33313
4.33313
4.33313
4.33313
4.33313
4.33313
4.33313
4.33313
4.33313
4.33313
4.33242
4.33242
4.33242
4.33242
4.33242
4.33242
4.33242
4.33238
4.33218
4.33218
4.33198
4.33198
4.33184
4.33168
4.33168
4.33168
4.32936
4.32936
4.32473
4.32473
4.32473
4.32473
4.32074
4.32074
4.32074
4.31918
4.31918
4.31918
4.31918
4.31708
4.31708
4.31708
4.31708
4.31493
4.31493
4.31493
4.31493
4.31493
4.31493
4.31493
4.31493
4.31493
4.31493
4.31493
4.31493
4.31493
4.31493
4.31472
4.31237
4.31237
4.31079
4.31058
4.31058
4.31058
4.31058
4.31058
4.31058
4.31052
4.30941
4.30941
4.30745
4.30445
4.30397
4.30167
4.29886
4.29886
4.29886
4.29886
4.29886
4.29886
4.29886
4.2975
4.29535
4.29535
4.29446
4.29446
4.29446
4.29446
4.29422
4.29173
4.29104
4.28941
4.28941
4.28941
4.28632
4.2862
4.2862
4.28569
4.28379
4.28323
4.28323
4.28323
4.28323
4.28323
4.28323
4.28323
4.27807
4.27557
4.27557
4.27557
4.27557
4.27557
4.27557
4.27515
4.27515
4.27335
4.27126
4.27126
4.27044
4.27044
4.27044
4.27044
4.26615
4.26517
4.26517
4.26517
4.26517
4.26121
4.26121
4.26121
4.26121
4.25567
4.25567
4.25567
4.25201
4.25201
4.25201
4.24579
4.24579
4.24177
4.24177
4.23839
4.23839
4.23839
4.23839
4.23839
4.23839
4.23839
4.23839
4.23839
4.23839
4.23137
4.23137
4.23137
4.23137
4.23137
4.23137
4.23137
4.23137
4.23137
4.23137
4.23137
4.23137
4.23137
4.23137
4.23137
4.23137
4.23137
4.23137
4.23137
4.23137
4.23137
4.23137
4.23137
4.23137
4.23137
4.2311
4.23094
4.23023
4.23023
4.23023
4.22885
4.22836
4.2272
4.22595
4.22595
4.22595
4.22595
4.22595
4.22595
4.22595
4.22595
4.22595
4.22595
4.22595
4.22507
4.22507
4.22439
4.22439
4.22439
4.22439
4.22439
4.22396
4.22396
4.22396
4.22396
4.22277
4.22277
4.22177
4.22014
4.22014
4.21985
4.21958
4.21904
4.21717
4.21717
4.21686
4.21512
4.21512
4.21167
4.21167
4.21167
4.21167
4.21167
4.21109
4.21109
4.21109
4.20985
4.20985
4.20619
4.20619
4.20435
4.20417
4.20417
4.20417
4.20179
4.20179
4.20179
4.20086
4.19784
4.19784
4.19784
4.19784
4.19784
4.19784
4.19784
4.19784
4.19784
4.19349
4.19349
4.19349
4.19349
4.19344
4.18972
4.18972
4.18358
4.18061
4.17869
4.17869
4.17869
4.17869
4.17869
4.17442
4.17442
4.17442
4.16958
4.16958
4.16958
4.16958
4.16439
4.16439
4.16439
4.16439
4.16439
4.16439
4.16439
4.16439
4.16415
4.16415
4.16415
4.16415
4.16415
4.16415
4.16415
4.16415
4.16415
4.16415
4.16415
4.16144
4.16144
4.16144
4.16144
4.16144
4.16144
4.16144
4.16119
4.16119
4.16016
4.16016
4.15962
4.15947
4.15871
4.15871
4.15871
4.15871
4.15871
4.1587
4.15848
4.15688
4.1531
4.1531
4.1531
4.1531
4.15278
4.15278
4.15278
4.15278
4.15278
4.15034
4.15034
4.15034
4.15034
4.15034
4.15034
4.15011
4.15011
4.15011
4.14844
4.14844
4.14844
4.14844
4.14844
4.14844
4.14844
4.14844
4.14844
4.14844
4.14844
4.14844
4.14844
4.14844
4.14844
4.14841
4.14841
4.14841
4.14841
4.14841
4.14841
4.14841
4.14841
4.14841
4.14841
4.14841
4.14841
4.14841
4.14841
4.14841
4.14841
4.14653
4.14653
4.14653
4.14653
4.14653
4.14653
4.14653
4.14653
4.14653
4.14653
4.14653
4.1461
4.14484
4.14484
4.14394
4.13945
4.13945
4.13945
4.13945
4.13945
4.13945
4.13945
4.13945
4.13945
4.13945
4.13945
4.13945
4.13945
4.13945
4.13945
4.13945
4.13945
4.13945
4.13842
4.13822
4.13822
4.13822
4.13822
4.13736
4.13736
4.13736
4.13736
4.13736
4.13736
4.13733
4.13718
4.13617
4.13617
4.13617
4.13617
4.13617
4.13617
4.13617
4.136
4.136
4.13571
4.13501
4.13501
4.13501
4.13501
4.13501
4.13501
4.13501
4.13456
4.13456
4.13385
4.13385
4.13385
4.13385
4.13294
4.13294
4.13168
4.13168
4.13168
4.13099
4.13099
4.13099
4.13099
4.13099
4.13099
4.13099
4.13099
4.12944
4.12944
4.12944
4.12944
4.12944
4.12944
4.12936
4.12936
4.12936
4.12936
4.12932
4.12932
4.12932
4.1285
4.1285
4.12824
4.12824
4.12824
4.12824
4.12824
4.12799
4.12799
4.12799
4.12799
4.12799
4.12799
4.12799
4.12799
4.12799
4.12799
4.12799
4.12681
4.12681
4.12681
4.12681
4.12681
4.12681
4.12681
4.12681
4.12681
4.12681
4.12681
4.12681
4.12681
4.12668
4.12668
4.12668
4.12656
4.12656
4.12603
4.12603
4.12603
4.12565
4.12533
4.12533
4.12533
4.12471
4.12471
4.12471
4.12471
4.12455
4.12455
4.12455
4.12455
4.12455
4.12455
4.12455
4.12455
4.12432
4.12432
4.12432
4.12432
4.12432
4.12432
4.12432
4.12432
4.12376
4.12376
4.12376
4.12376
4.12373
4.12373
4.12373
4.12373
4.12318
4.12301
4.12301
4.12301
4.12301
4.12301
4.1226
4.1226
4.1226
4.12233
4.12233
4.12233
4.12233
4.1223
4.1223
4.1223
4.12193
4.12193
4.12169
4.12169
4.12126
4.12126
4.12119
4.12096
4.12096
4.12096
4.12096
4.12096
4.12018
4.12018
4.12018
4.12002
4.12002
4.11994
4.11962
4.11962
4.11962
4.11962
4.11933
4.11933
4.11933
4.11905
4.11905
4.11905
4.11905
4.11905
4.11905
4.11905
4.11905
4.11905
4.11905
4.11891
4.11891
4.11843
4.11843
4.11843
4.11843
4.11843
4.11843
4.11826
4.11796
4.11776
4.11776
4.11776
4.11774
4.11774
4.11765
4.11739
4.11739
4.11739
4.11739
4.11739
4.11739
4.11739
4.11739
4.11739
4.11739
4.11739
4.11706
4.11706
4.11706
4.11706
4.11706
4.11706
4.11706
4.117
4.117
4.11686
4.11686
4.11686
4.11686
4.11686
4.11686
4.11659
4.11656
4.11656
4.11656
4.11656
4.11656
4.11654
4.11654
4.11652
4.11652
4.11652
4.11652
4.11652
4.11592
4.11592
4.11592
4.11592
4.11592
4.11592
4.11592
4.11592
4.11592
4.11592
4.11592
4.11592
4.11592
4.11592
4.11592
4.11592
4.11592
4.1159
4.1159
4.11544
4.11536
4.11535
4.11535
4.11518
4.11505
4.11505
4.11505
4.11505
4.11505
4.11505
4.11505
4.11505
4.11505
4.11505
4.11505
4.11505
4.11505
4.11505
4.11505
4.11505
4.11505
4.11505
4.11505
4.11505
4.11501
4.11489
4.11489
4.11489
4.11489
4.11489
4.11489
4.11489
4.11489
4.11489
4.11489
4.11489
4.11489
4.11489
4.11489
4.11489
4.11489
4.11489
4.11489
4.11489
4.11489
4.11489
4.11489
4.11489
4.11489
4.11489
4.11489
4.11489
4.11489
4.11489
4.11489
4.11489
4.11489
4.11489
4.11489
4.11489
4.11489
4.11489
4.11489
4.11489
4.11489
4.11489
4.11489
4.11489
4.11489
4.11489
4.11489
4.11489
4.11489
4.11489
4.11489
4.11489
4.11489
4.11489
4.11489
4.11489
4.11489
4.11489
4.11489
4.11489
4.11489
4.11489
4.11489
4.11489
4.11489
4.11489
4.11489
4.11489
4.11489
4.11489
4.11489
4.11489
4.11489
4.11489
4.11489
4.11489
4.11489
4.11489
4.11489
4.11489
4.11489
4.11489
4.11489
4.11489
4.11489
4.11489
4.11489
4.11489
4.11489
4.11489
4.11489
4.11489
4.11489
4.11489
4.11489
4.11489
4.11489
4.11489
4.11489
4.11489
4.11489
4.11489
4.11489
4.11489
4.11489
4.11489
4.11489
4.11489
4.11489
4.11489
4.11489
4.11489
4.11489
4.11489
4.11489
4.11489
4.11489
4.11489
4.11489
4.11489
4.11489
4.11489
4.11489
4.11489
4.11489
4.11489
4.11489
4.11489
4.11489
4.11489
4.11489
4.11489
4.11489
4.11489
4.11489
4.11489
4.11489
4.11489
4.11489
4.11489
4.11489
4.11489
4.11489
4.11489
4.11489
4.11489
4.11489
4.11489
4.11489
4.11489
4.11489
4.11489
4.11489
4.11489
4.11489
4.11489
4.11489
4.11489
4.11489
4.11489
4.11489
4.11489
4.11489
4.11489
4.11489
4.11489
4.11489
4.11489
4.11489
4.11489
4.11489
4.11489
4.11489
4.11489
4.11489
4.11489
4.11489
4.11489
4.11489
4.11489
4.11489
4.11489
4.11489
4.11489
4.11489
4.11489
4.11489
4.11489
4.11489
4.11489
4.11489
4.11489
4.11489
4.11489
4.11489
4.11489
4.11489
4.11489
4.11489
4.11489
4.11489
4.11489
4.11489
4.11489
4.11489
4.11489
4.11489
4.11489
4.11489
4.11489
4.11489
4.11489
4.11489
4.11489
4.11489
4.11489
4.11489
4.11489
4.11489
4.11489
4.11489
4.11489
4.11489
4.11489
4.11489
4.11489
4.11489
4.11489
4.11489
4.11489
4.11489
4.11489
4.11489
4.11489
4.11489
4.11489
4.11489
4.11489
4.11489
4.11489
4.11489
4.11489
4.11489
4.11489
4.11489
4.11489
4.11489
4.11489
4.11489
4.11489
4.11489
4.11489
4.11489
4.11489
4.11489
4.11489
4.11489
4.11489
4.11489
4.11489
4.11489
4.11489
4.11489
4.11489
4.11489
4.11489
4.11489
4.11489
4.11489
4.11489
4.11489
4.11489
4.11489
4.11489
4.11489
4.11489
4.11489
4.11489
4.11489
4.11489
4.11489
4.11489
4.11489
4.11489
4.11489
4.11489
4.11489
4.11489
4.11489
4.11489
4.11489
4.11489
4.11489
4.11489
4.11489
4.11489
4.11489
4.11489
4.11489
4.11489
4.11489
4.11489
4.11489
4.11489
4.11489
4.11489
4.11489
4.11489
4.11489
4.11489
4.11489
4.11489
4.11489
4.11489
4.11489
4.11489
4.11489
4.11489
4.11489
4.11489
4.11489
4.11489
4.11489
4.11489
4.11489
4.11489
4.11489
4.11489
4.11489
4.11489
4.11489
4.11489
4.11489
4.11489
4.11489
4.11489
4.11489
4.11489
4.11489
4.11489
4.11489
4.11489
4.11489
4.11489
4.11489
4.11489
4.11489
4.11489
4.11489
4.11489
4.11489
4.11489
4.11489
4.11489
4.11489
4.11489
4.11489
4.11489
4.11489
4.11489
4.11489
4.11489
4.11489
4.11489
4.11489
4.11489
4.11489
4.11489
4.11489
4.11489
4.11489
4.11489
4.11489
4.11489
4.11489
4.11489
4.11489
4.11489
4.11489
4.11489
4.11489
4.11489
4.11489
4.11489
4.11489
4.11489
4.11489
4.11489
4.11489
4.11489
4.11489
4.11489
4.11489
4.11489
4.11489
4.11489
4.11489
4.11489
4.11489
4.11489
4.11489
4.11489
4.11489
4.11489
4.11489
4.11489
4.11489
4.11489
4.11489
4.11489
4.11489
4.11489
4.11489
4.11489
4.11489
4.11489
4.11489
4.11489
4.11489
4.11489
4.11489
4.11489
4.11489
4.11489
4.11489
4.11489
4.11489
4.11489
4.11489
4.11489
4.11489
4.11489
4.11489
4.11489
4.11489
4.11489
4.11489
4.11489
4.11489
4.11489
4.11489
4.11489
4.11489
4.11489
4.11489
4.11489
4.11489
4.11489
4.11489
4.11489
4.11489
4.11489
4.11489
4.11489
4.11489
4.11489
4.11489
4.11489
4.11489
4.11489
4.11489
4.11489
4.11489
4.11489
4.11489
4.11489
4.11489
4.11489
4.11489
4.11489
4.11489
4.11489
4.11489
4.11489
4.11489
4.11489
4.11489
4.11489
4.11489
4.11489
4.11489
4.11489
4.11489
4.11489
4.11489
4.11489
4.11489
4.11489
4.11489
4.11489
4.11489
4.11489
4.11489
4.11489
4.11489
4.11489
4.11489
4.11489
4.11489
4.11489
4.11489
4.11489
4.11489
4.11489
4.11489
4.11489
4.11489
4.11489
4.11489
4.11489
4.11489
4.11489
4.11489
4.11489
4.11489
4.11489
4.11489
4.11489
4.11489
4.11489
4.11489
4.11489
4.11489
4.11489
4.11489
4.11489
4.11489
4.11489
4.11489
4.11489
4.11489
4.11489
4.11489
4.11489
4.11489
4.11489
4.11489
4.11489
4.11489
4.11489
4.11489
4.11489
4.11489
4.11489
4.11489
4.11489
4.11489
4.11489
4.11489
4.11489
4.11489
4.11489
4.11489
4.11489
4.11489
4.11489
4.11489
4.11489
4.11489
4.11489
4.11489
4.11489
4.11489
4.11489
4.11489
4.11489
4.11489
4.11489
4.11489
4.11489
4.11489
4.11489
4.11489
4.11489
4.11489
4.11489
4.11489
4.11489
4.11489
4.11489
4.11489
4.11489
4.11489
4.11489
4.11489
4.11489
4.11489
4.11489
4.11489
4.11489
4.11489
4.11489
4.11489
4.11489
4.11489
4.11489
4.11489
4.11489
4.11489
4.11489
4.11489
4.11489
4.11489
4.11489
4.11489
4.11489
4.11489
4.11489
4.11489
4.11489
4.11489
4.11489
4.11489
4.11489
4.11489
4.11489
4.11489
4.11489
4.11489
4.11489
4.11489
4.11489
4.11489
4.11489
4.11489
4.11489
4.11489
4.11489
4.11489
4.11489
4.11489
4.11489
4.11489
4.11489
4.11489
4.11489
4.11489
4.11489
4.11489
4.11489
4.11489
4.11489
4.11489
4.11489
4.11489
4.11489
4.11489
4.11489
4.11489
4.11489
4.11489
4.11489
4.11489
4.11489
4.11489
4.11489
4.11489
4.11489
4.11489
4.11489
4.11489
4.11489
4.11489
4.11489
4.11489
4.11489
4.11489
4.11489
4.11489
4.11489
4.11489
4.11489
4.11489
4.11489
4.11489
4.11489
4.11489
4.11489
4.11489
4.11489
4.11489
4.11489
4.11489
4.11489
4.11489
4.11489
4.11489
4.11489
4.11489
4.11489
4.11489
4.11489
4.11489
4.11489
4.11489
4.11489
4.11489
4.11489
4.11489
4.11489
4.11489
4.11489
4.11489
4.11489
4.11489
4.11489
4.11489
4.11489
4.11489
4.11489
4.11489
4.11489
4.11489
4.11489
4.11489
4.11489
4.11489
4.11489
4.11489
4.11489
4.11489
4.11489
4.11489
4.11489
4.11489
4.11489
4.11489
4.11489
4.11489
4.11489
4.11489
4.11489
4.11489
4.11489
4.11489
4.11489
4.11489
4.11489
4.11489
4.11489
4.11489
4.11489
4.11489
4.11489
4.11489
4.11489
4.11489
4.11489
4.11489
4.11489
4.11489
4.11489
4.11489
4.11489
4.11489
4.11489
4.11489
4.11489
4.11489
4.11489
4.11489
4.11489
4.11489
4.11489
4.11489
4.11489
4.11489
4.11489
4.11489
4.11489
4.11489
4.11489
4.11489
4.11489
4.11489
4.11489
4.11489
4.11489
4.11489
4.11489
4.11489
4.11489
4.11489
4.11489
4.11489
4.11489
4.11489
4.11489
4.11489
4.11489
4.11489
4.11489
4.11489
4.11489
4.11489
4.11489
4.11489
4.11489
4.11489
4.11489
4.11489
4.11489
4.11489
4.11489
4.11489
4.11489
4.11489
4.11489
4.11489
4.11489
4.11489
4.11489
4.11489
4.11489
4.11489
4.11489
4.11489
4.11489
4.11489
4.11489
4.11489
4.11489
4.11489
4.11489
4.11489
4.11489
4.11489
4.11489
4.11489
4.11489
4.11489
4.11489
4.11489
4.11489
4.11489
4.11489
4.11489
4.11489
4.11489
4.11489
4.11489
4.11489
4.11489
4.11489
4.11489
4.11489
4.11489
4.11489
4.11489
4.11489
4.11489
4.11489
4.11489
4.11489
4.11489
4.11489
4.11489
4.11489
4.11489
4.11489
4.11489
4.11489
4.11489
4.11489
4.11489
4.11489
4.11489
4.11489
4.11489
4.11489
4.11489
4.11489
4.11489
4.11489
4.11489
4.11489
4.11489
4.11489
4.11489
4.11489
4.11489
4.11489
4.11489
4.11489
4.11489
4.11489
4.11489
4.11489
4.11489
4.11489
4.11489
4.11489
4.11489
4.11489
4.11489
4.11489
4.11489
4.11489
4.11489
4.11489
4.11489
4.11489
4.11489
4.11489
4.11489
4.11489
4.11489
4.11489
4.11489
4.11489
4.11489
4.11489
4.11489
4.11489
4.11489
4.11489
4.11489
4.11489
4.11489
4.11489
4.11489
4.11489
4.11489
4.11489
4.11489
4.11489
4.11489
4.11489
4.11489
4.11489
4.11489
4.11489
4.11489
4.11489
4.11489
4.11489
4.11489
4.11489
4.11489
4.11489
4.11489
4.11489
4.11489
4.11489
4.11489
4.11489
4.11489
4.11489
4.11489
4.11489
4.11489
4.11489
4.11489
4.11489
4.11489
4.11489
4.11489
4.11489
4.11489
4.11489
4.11489
4.11489
4.11489
4.11489
4.11489
4.11489
4.11489
4.11489
4.11489
4.11489
4.11489
4.11489
4.11489
4.11489
4.11489
4.11489
4.11489
4.11489
4.11489
4.11489
4.11489
4.11489
4.11489
4.11489
4.11489
4.11489
4.11489
4.11489
4.11489
4.11489
4.11489
4.11489
4.11489
4.11489
4.11489
4.11489
4.11489
4.11489
4.11489
4.11489
4.11489
4.11489
4.11489
4.11489
4.11489
4.11489
4.11489
4.11489
4.11489
4.11489
4.11489
4.11489
4.11489
4.11489
4.11489
4.11489
4.11489
4.11489
4.11489
4.11489
4.11489
4.11489
4.11489
4.11489
4.11489
4.11489
4.11489
4.11489
4.11489
4.11489
4.11489
4.11489
4.11489
4.11489
4.11489
4.11489
4.11489
4.11489
4.11489
4.11489
4.11489
4.11489
4.11489
4.11489
4.11489
4.11489
4.11489
4.11489
4.11489
4.11489
4.11489
4.11489
4.11489
4.11489
4.11489
4.11489
4.11489
4.11489
4.11489
4.11489
4.11489
4.11489
4.11489
4.11489
4.11489
4.11489
4.11489
4.11489
4.11489
4.11489
4.11489
4.11489
4.11489
4.11489
4.11489
4.11489
4.11489
4.11489
4.11489
4.11489
4.11489
4.11489
4.11489
4.11489
4.11489
4.11489
4.11489
4.11489
4.11489
4.11489
4.11489
4.11489
4.11489
4.11489
4.11489
4.11489
4.11489
4.11489
4.11489
4.11489
4.11489
4.11489
4.11489
4.11489
4.11489
4.11489
4.11489
4.11489
4.11489
4.11489
4.11489
4.11489
4.11489
4.11489
4.11489
4.11489
4.11489
4.11489
4.11489
4.11489
4.11489
4.11489
4.11489
4.11489
4.11489
4.11489
4.11489
4.11489
4.11489
4.11489
4.11489
4.11489
4.11489
4.11489
4.11489
4.11489
4.11489
4.11489
4.11489
4.11489
4.11489
4.11489
4.11489
4.11489
4.11489
4.11489
4.11489
4.11489
4.11489
4.11489
4.11489
4.11489
4.11489
4.11489
4.11489
4.11489
4.11489
4.11489
4.11489
4.11489
4.11489
4.11489
4.11489
4.11489
4.11489
4.11489
4.11489
4.11489
4.11489
4.11489
4.11489
4.11489
4.11489
4.11489
4.11489
4.11489
4.11489
4.11489
4.11489
4.11489
4.11489
4.11489
4.11489
4.11489
4.11489
4.11489
4.11489
4.11489
4.11489
4.11489
4.11489
4.11489
4.11489
4.11489
4.11489
4.11489
4.11489
4.11489
4.11489
4.11489
4.11489
4.11489
4.11489
4.11489
4.11489
4.11489
4.11489
4.11489
4.11489
4.11489
4.11489
4.11489
4.11489
4.11489
4.11489
4.11489
4.11489
4.11489
4.11489
4.11489
4.11489
4.11489
4.11489
4.11489
4.11489
4.11489
4.11489
4.11489
4.11489
4.11489
4.11489
4.11489
4.11489
4.11489
4.11489
4.11489
4.11489
4.11489
4.11489
4.11489
4.11489
4.11489
4.11489
4.11489
4.11489
4.11489
4.11489
4.11489
4.11489
4.11489
4.11489
4.11489
4.11489
4.11489
4.11489
4.11489
4.11489
4.11489
4.11489
4.11489
4.11489
4.11489
4.11489
4.11489
4.11489
4.11489
4.11489
4.11489
4.11489
4.11489
4.11489
4.11489
4.11489
4.11489
4.11489
4.11489
4.11489
4.11489
4.11489
4.11489
4.11489
4.11489
4.11489
4.11489
4.11489
4.11489
4.11489
4.11489
4.11489
4.11489
4.11489
4.11489
4.11489
4.11489
4.11489
4.11489
4.11489
4.11489
4.11489
4.11489
4.11489
4.11489
4.11489
4.11489
4.11489
4.11489
4.11489
4.11489
4.11489
4.11489
4.11489
4.11489
4.11489
4.11489
4.11489
4.11489
4.11489
4.11489
4.11489
4.11489
4.11489
4.11489
4.11489
4.11489
4.11489
4.11489
4.11489
4.11489
4.11489
4.11489
4.11489
4.11489
4.11489
4.11489
4.11489
4.11489
4.11489
4.11489
4.11489
4.11489
4.11489
4.11489
4.11489
4.11489
4.11489
4.11489
4.11489
4.11489
4.11489
4.11489
4.11489
4.11489
4.11489
4.11489
4.11489
4.11489
4.11489
4.11489
4.11489
4.11489
4.11489
4.11489
4.11489
4.11489
4.11489
4.11489
4.11489
4.11489
4.11489
4.11489
4.11489
4.11489
4.11489
4.11489
4.11489
4.11489
4.11489
4.11489
4.11489
4.11489
4.11489
4.11489
4.11489
4.11489
4.11489
4.11489
4.11489
4.11489
4.11489
4.11489
4.11489
4.11489
4.11489
4.11489
4.11489
4.11489
4.11489
4.11489
4.11489
4.11489
4.11489
4.11489
4.11489
4.11489
4.11489
4.11489
4.11489
4.11489
4.11489
4.11489
4.11489
4.11489
4.11489
4.11489
4.11489
4.11489
4.11489
4.11489
4.11489
4.11489
4.11489
4.11489
4.11489
4.11489
4.11489
4.11489
4.11489
4.11489
4.11489
4.11489
4.11489
4.11489
4.11489
4.11489
4.11489
4.11489
4.11489
4.11489
4.11489
4.11489
4.11489
4.11489
4.11489
4.11489
4.11489
4.11489
4.11489
4.11489
4.11489
4.11489
4.11489
4.11489
4.11489
4.11489
4.11489
4.11489
4.11489
4.11489
4.11489
4.11489
4.11489
4.11489
4.11489
4.11489
4.11489
4.11489
4.11489
4.11489
4.11489
4.11489
4.11489
4.11489
4.11489
4.11489
4.11489
4.11489
4.11489
4.11489
4.11489
4.11489
4.11489
4.11489
4.11489
4.11489
4.11489
4.11489
4.11489
4.11489
4.11489
4.11489
4.11489
4.11489
4.11489
4.11489
4.11489
4.11489
4.11489
4.11489
4.11489
4.11489
4.11489
4.11489
4.11489
4.11489
4.11489
4.11489
4.11489
4.11489
4.11489
4.11489
4.11489
4.11489
4.11489
4.11489
4.11489
4.11489
4.11489
4.11489
4.11489
4.11489
4.11489
4.11489
4.11489
4.11489
4.11489
4.11489
4.11489
4.11489
4.11489
4.11489
4.11489
4.11489
4.11489
4.11489
4.11489
4.11489
4.11489
4.11489
4.11489
4.11489
4.11489
4.11489
4.11489
4.11489
4.11489
4.11489
4.11489
4.11489
4.11489
4.11489
4.11489
4.11489
4.11489
4.11489
4.11489
4.11489
4.11489
4.11489
4.11489
4.11489
4.11489
4.11489
4.11489
4.11489
4.11489
4.11489
4.11489
4.11489
4.11489
4.11489
4.11489
4.11489
4.11489
4.11489
4.11489
4.11489
4.11489
4.11489
4.11489
4.11489
4.11489
4.11489
4.11489
4.11489
4.11489
4.11489
4.11489
4.11489
4.11489
4.11489
4.11489
4.11489
4.11489
4.11489
4.11489
4.11489
4.11489
4.11489
4.11489
4.11489
4.11489
4.11489
4.11489
4.11489
4.11489
4.11489
4.11489
4.11489
4.11489
4.11489
4.11489
4.11489
4.11489
4.11489
4.11489
4.11489
4.11489
4.11489
4.11489
4.11489
4.11489
4.11489
4.11489
4.11489
4.11489
4.11489
4.11489
4.11489
4.11489
4.11489
4.11489
4.11489
4.11489
4.11489
4.11489
4.11489
4.11489
4.11489
4.11489
4.11489
4.11489
4.11489
4.11489
4.11489
4.11489
4.11489
4.11489
4.11489
4.11489
4.11489
4.11489
4.11489
4.11489
4.11489
4.11489
4.11489
4.11489
4.11489
4.11489
4.11489
4.11489
4.11489
4.11489
4.11489
4.11489
4.11489
4.11489
4.11489
4.11489
4.11489
4.11489
4.11489
4.11489
4.11489
4.11489
4.11489
4.11489
4.11489
4.11489
4.11489
4.11489
4.11489
4.11489
4.11489
4.11489
4.11489
4.11489
4.11489
4.11489
4.11489
4.11489
4.11489
4.11489
4.11489
4.11489
4.11489
4.11489
4.11489
4.11489
4.11489
4.11489
4.11489
4.11489
4.11489
4.11489
4.11489
4.11489
4.11489
4.11489
4.11489
4.11489
4.11489
4.11489
4.11489
4.11489
4.11489
4.11489
4.11489
4.11489
4.11489
4.11489
4.11489
4.11489
4.11489
4.11489
4.11489
4.11489
4.11489
4.11489
4.11489
4.11489
4.11489
4.11489
4.11489
4.11489
4.11489
4.11489
4.11489
4.11489
4.11489
4.11489
4.11489
4.11489
4.11489
4.11489
4.11489
4.11489
4.11489
4.11489
4.11489
4.11489
4.11489
4.11489
4.11489
4.11489
4.11489
4.11489
4.11489
4.11489
4.11489
4.11489
4.11489
4.11489
4.11489
4.11489
4.11489
4.11489
4.11489
4.11489
4.11489
4.11489
4.11489
4.11489
4.11489
4.11489
4.11489
4.11489
4.11489
4.11489
4.11489
4.11489
4.11489
4.11489
4.11489
4.11489
4.11489
4.11489
4.11489
4.11489
4.11489
4.11489
4.11489
4.11489
4.11489
4.11489
4.11489
4.11489
4.11489
4.11489
4.11489
4.11489
4.11489
4.11489
4.11489
4.11489
4.11489
4.11489
4.11489
4.11489
4.11489
4.11489
4.11489
4.11489
4.11489
4.11489
4.11489
4.11489
4.11489
4.11489
4.11489
4.11489
4.11489
4.11489
4.11489
4.11489
4.11489
4.11489
4.11489
4.11489
4.11489
4.11489
4.11489
4.11489
4.11489
4.11489
4.11489
4.11489
4.11489
4.11489
4.11489
4.11489
4.11489
4.11489
4.11489
4.11489
4.11489
4.11489
4.11489
4.11489
4.11489
4.11489
4.11489
4.11489
4.11489
4.11489
4.11489
4.11489
4.11489
4.11489
4.11489
4.11489
4.11489
4.11489
4.11489
4.11489
4.11489
4.11489
4.11489
4.11489
4.11489
4.11489
4.11489
4.11489
4.11489
4.11489
4.11489
4.11489
4.11489
4.11489
4.11489
4.11489
4.11489
4.11489
4.11489
4.11489
4.11489
4.11489
4.11489
4.11489
4.11489
4.11489
4.11489
4.11489
4.11489
4.11489
4.11489
4.11489
4.11489
4.11489
4.11489
4.11489
4.11489
4.11489
4.11489
4.11489
4.11489
4.11489
4.11489
4.11489
4.11489
4.11489
4.11489
4.11489
4.11489
4.11489
4.11489
4.11489
4.11489
4.11489
4.11489
4.11489
4.11489
4.11489
4.11489
4.11489
4.11489
4.11489
4.11489
4.11489
4.11489
4.11489
4.11489
4.11489
4.11489
4.11489
4.11489
4.11489
4.11489
4.11489
4.11489
4.11489
4.11489
4.11489
4.11489
4.11489
4.11489
4.11489
4.11489
4.11489
4.11489
4.11489
4.11489
4.11489
4.11489
4.11489
4.11489
4.11489
4.11489
4.11489
4.11489
4.11489
4.11489
4.11489
4.11489
4.11489
4.11489
4.11489
4.11489
4.11489
4.11489
4.11489
4.11489
4.11489
4.11489
4.11489
4.11489
4.11489
4.11489
4.11489
4.11489
4.11489
4.11489
4.11489
4.11489
4.11489
4.11489
4.11489
4.11489
4.11489
4.11489
4.11489
4.11489
4.11489
4.11489
4.11489
4.11489
4.11489
4.11489
4.11489
4.11489
4.11489
4.11489
4.11489
4.11489
4.11489
4.11489
4.11489
4.11489
4.11489
4.11489
4.11489
4.11489
4.11489
4.11489
4.11489
4.11489
4.11489
4.11489
4.11489
4.11489
4.11489
4.11489
4.11489
4.11489
4.11489
4.11489
4.11489
4.11489
4.11489
4.11489
4.11489
4.11489
4.11489
4.11489
4.11489
4.11489
4.11489
4.11489
4.11489
4.11489
4.11489
4.11489
4.11489
4.11489
4.11489
4.11489
4.11489
4.11489
4.11489
4.11489
4.11489
4.11489
4.11489
4.11489
4.11489
4.11489
4.11489
4.11489
4.11489
4.11489
4.11489
4.11489
4.11489
4.11489
4.11489
4.11489
4.11489
4.11489
4.11489
4.11489
4.11489
4.11489
4.11489
4.11489
4.11489
4.11489
4.11489
4.11489
4.11489
4.11489
4.11489
4.11489
4.11489
4.11489
4.11489
4.11489
4.11489
4.11489
4.11489
4.11489
4.11489
4.11489
4.11489
4.11489
4.11489
4.11489
4.11489
4.11489
4.11489
4.11489
4.11489
4.11489
4.11489
4.11489
4.11489
4.11489
4.11489
4.11489
4.11489
4.11489
4.11489
4.11489
4.11489
4.11489
4.11489
4.11489
4.11489
4.11489
4.11489
4.11489
4.11489
4.11489
4.11489
4.11489
4.11489
4.11489
4.11489
4.11489
4.11489
4.11489
4.11489
4.11489
4.11489
4.11489
4.11489
4.11489
4.11489
4.11489
4.11489
4.11489
4.11489
4.11489
4.11489
4.11489
4.11489
4.11489
4.11489
4.11489
4.11489
4.11489
4.11489
4.11489
4.11489
4.11489
4.11489
4.11489
4.11489
4.11489
4.11489
4.11489
4.11489
4.11489
4.11489
4.11489
4.11489
4.11489
4.11489
4.11489
4.11489
4.11489
4.11489
4.11489
4.11489
4.11489
4.11489
4.11489
4.11489
4.11489
4.11489
4.11489
4.11489
4.11489
4.11489
4.11489
4.11489
4.11489
4.11489
4.11489
4.11489
4.11489
4.11489
4.11489
4.11489
4.11489
4.11489
4.11489
4.11489
4.11489
4.11489
4.11489
4.11489
4.11489
4.11489
4.11489
4.11489
4.11489
4.11489
4.11489
4.11489
4.11489
4.11489
4.11489
4.11489
4.11489
4.11489
4.11489
4.11489
4.11489
4.11489
4.11489
4.11489
4.11489
4.11489
4.11489
4.11489
4.11489
4.11489
4.11489
4.11489
4.11489
4.11489
4.11489
4.11489
4.11489
4.11489
4.11489
4.11489
4.11489
4.11489
4.11489
4.11489
4.11489
4.11489
4.11489
4.11489
4.11489
4.11489
4.11489
4.11489
4.11489
4.11489
4.11489
4.11489
4.11489
4.11489
4.11489
4.11489
4.11489
4.11489
4.11489
4.11489
4.11489
4.11489
4.11489
4.11489
4.11489
4.11489
4.11489
4.11489
4.11489
4.11489
4.11489
4.11489
4.11489
4.11489
4.11489
4.11489
4.11489
4.11489
4.11489
4.11489
4.11489
4.11489
4.11489
4.11489
4.11489
4.11489
4.11489
4.11489
4.11489
4.11489
4.11489
4.11489
4.11489
4.11489
4.11489
4.11489
4.11489
4.11489
4.11489
4.11489
4.11489
4.11489
4.11489
4.11489
4.11489
4.11489
4.11489
4.11489
4.11489
4.11489
4.11489
4.11489
4.11489
4.11489
4.11489
4.11489
4.11489
4.11489
4.11489
4.11489
4.11489
4.11489
4.11489
4.11489
4.11489
4.11489
4.11489
4.11489
4.11489
4.11489
4.11489
4.11489
4.11489
4.11489
4.11489
4.11489
4.11489
4.11489
4.11489
4.11489
4.11489
4.11489
4.11489
4.11489
4.11489
4.11489
4.11489
4.11489
4.11489
4.11489
4.11489
4.11489
4.11489
4.11489
4.11489
4.11489
4.11489
4.11489
4.11489
4.11489
4.11489
4.11489
4.11489
4.11489
4.11489
4.11489
4.11489
4.11489
4.11489
4.11489
4.11489
4.11489
4.11489
4.11489
4.11489
4.11489
4.11489
4.11489
4.11489
4.11489
4.11489
4.11489
4.11489
4.11489
4.11489
4.11489
4.11489
4.11489
4.11489
4.11489
4.11489
4.11489
4.11489
4.11489
4.11489
4.11489
4.11489
4.11489
4.11489
4.11489
4.11489
4.11489
4.11489
4.11489
4.11489
4.11489
4.11489
4.11489
4.11489
4.11489
4.11489
4.11489
4.11489
4.11489
4.11489
4.11489
4.11489
4.11489
4.11489
4.11489
4.11489
4.11489
4.11489
4.11489
4.11489
4.11489
4.11489
4.11489
4.11489
4.11489
4.11489
4.11489
4.11489
4.11489
4.11489
4.11489
4.11489
4.11489
4.11489
4.11489
4.11489
4.11489
4.11489
4.11489
4.11489
4.11489
4.11489
4.11489
4.11489
4.11489
4.11489
4.11489
4.11489
4.11489
4.11489
4.11489
4.11489
4.11489
4.11489
4.11489
4.11489
4.11489
4.11489
4.11489
4.11489
4.11489
4.11489
4.11489
4.11489
4.11489
4.11489
4.11489
4.11489
4.11489
4.11489
4.11489
4.11489
4.11489
4.11489
4.11489
4.11489
4.11489
4.11489
4.11489
4.11489
4.11489
4.11489
4.11489
4.11489
4.11489
4.11489
4.11489
4.11489
4.11489
4.11489
4.11489
4.11489
4.11489
4.11489
4.11489
4.11489
4.11489
4.11489
4.11489
4.11489
4.11489
4.11489
4.11489
4.11489
4.11489
4.11489
4.11489
4.11489
4.11489
4.11489
4.11489
4.11489
4.11489
4.11489
4.11489
4.11489
4.11489
4.11489
4.11489
4.11489
4.11489
4.11489
4.11489
4.11489
4.11489
4.11489
4.11489
4.11489
4.11489
4.11489
4.11489
4.11489
4.11489
4.11489
4.11489
4.11489
4.11489
4.11489
4.11489
4.11489
4.11489
4.11489
4.11489
4.11489
4.11489
4.11489
4.11489
4.11489
4.11489
4.11489
4.11489
4.11489
4.11489
4.11489
4.11489
4.11489
4.11489
4.11489
4.11489
4.11489
4.11489
4.11489
4.11489
4.11489
4.11489
4.11489
4.11489
4.11489
4.11489
4.11489
4.11489
4.11489
4.11489
4.11489
4.11489
4.11489
4.11489
4.11489
4.11489
4.11489
4.11489
4.11489
4.11489
4.11489
4.11489
4.11489
4.11489
4.11489
4.11489
4.11489
4.11489
4.11489
4.11489
4.11489
4.11489
4.11489
4.11489
4.11489
4.11489
4.11489
4.11489
4.11489
4.11489
4.11489
4.11489
4.11489
4.11489
4.11489
4.11489
4.11489
4.11489
4.11489
4.11489
4.11489
4.11489
4.11489
4.11489
4.11489
4.11489
4.11489
4.11489
4.11489
4.11489
4.11489
4.11489
4.11489
4.11489
4.11489
4.11489
4.11489
4.11489
4.11489
4.11489
4.11489
4.11489
4.11489
4.11489
4.11489
4.11489
4.11489
4.11489
4.11489
4.11489
4.11489
4.11489
4.11489
4.11489
4.11489
4.11489
4.11489
4.11489
4.11489
4.11489
4.11489
4.11489
4.11489
4.11489
4.11489
4.11489
4.11489
4.11489
4.11489
4.11489
4.11489
4.11489
4.11489
4.11489
4.11489
4.11489
4.11489
4.11489
4.11489
4.11489
4.11489
4.11489
4.11489
4.11489
4.11489
4.11489
4.11489
4.11489
4.11489
4.11489
4.11489
4.11489
4.11489
4.11489
4.11489
4.11489
4.11489
4.11489
4.11489
4.11489
4.11489
4.11489
4.11489
4.11489
4.11489
4.11489
4.11489
4.11489
4.11489
4.11489
4.11489
4.11489
4.11489
4.11489
4.11489
4.11489
4.11489
4.11489
4.11489
4.11489
4.11489
4.11489
4.11489
4.11489
4.11489
4.11489
4.11489
4.11489
4.11489
4.11489
4.11489
4.11489
4.11489
4.11489
4.11489
4.11489
4.11489
4.11489
4.11489
4.11489
4.11489
4.11489
4.11489
4.11489
4.11489
4.11489
4.11489
4.11489
4.11489
4.11489
4.11489
4.11489
4.11489
4.11489
4.11489
4.11489
4.11489
4.11489
4.11489
4.11489
4.11489
4.11489
4.11489
4.11489
4.11489
4.11489
4.11489
4.11489
4.11489
4.11489
4.11489
4.11489
4.11489
4.11489
4.11489
4.11489
4.11489
4.11489
4.11489
4.11489
4.11489
4.11489
4.11489
4.11489
4.11489
4.11489
4.11489
4.11489
4.11489
4.11489
4.11489
4.11489
4.11489
4.11489
4.11489
4.11489
4.11489
4.11489
4.11489
4.11489
4.11489
4.11489
4.11489
4.11489
4.11489
4.11489
4.11489
4.11489
4.11489
4.11489
4.11489
4.11489
4.11489
4.11489
4.11489
4.11489
4.11489
4.11489
4.11489
4.11489
4.11489
4.11489
4.11489
4.11489
4.11489
4.11489
4.11489
4.11489
4.11489
4.11489
4.11489
4.11489
4.11489
4.11489
4.11489
4.11489
4.11489
4.11489
4.11489
4.11489
4.11489
4.11489
4.11489
4.11489
4.11489
4.11489
4.11489
4.11489
4.11489
4.11489
4.11489
4.11489
4.11489
4.11489
4.11489
4.11489
4.11489
4.11489
4.11489
4.11489
4.11489
4.11489
4.11489
4.11489
4.11489
4.11489
4.11489
4.11489
4.11489
4.11489
4.11489
4.11489
4.11489
4.11489
4.11489
4.11489
4.11489
4.11489
4.11489
4.11489
4.11489
4.11489
4.11489
4.11489
4.11489
4.11489
4.11489
4.11489
4.11489
4.11489
4.11489
4.11489
4.11489
4.11489
4.11489
4.11489
4.11489
4.11489
4.11489
4.11489
4.11489
4.11489
4.11489
4.11489
4.11489
4.11489
4.11489
4.11489
4.11489
4.11489
4.11489
4.11489
4.11489
4.11489
4.11489
4.11489
4.11489
4.11489
4.11489
4.11489
4.11489
4.11489
4.11489
4.11489
4.11489
4.11489
4.11489
4.11489
4.11489
4.11489
4.11489
4.11489
4.11489
4.11489
4.11489
4.11489
4.11489
4.11489
4.11489
4.11489
4.11489
4.11489
4.11489
4.11489
4.11489
4.11489
4.11489
4.11489
4.11489
4.11489
4.11489
4.11489
4.11489
4.11489
4.11489
4.11489
4.11489
4.11489
4.11489
4.11489
4.11489
4.11489
4.11489
4.11489
4.11489
4.11489
4.11489
4.11489
4.11489
4.11489
4.11489
4.11489
4.11489
4.11489
4.11489
4.11489
4.11489
4.11489
4.11489
4.11489
4.11489
4.11489
4.11489
4.11489
4.11489
4.11489
4.11489
4.11489
4.11489
4.11489
4.11489
4.11489
4.11489
4.11489
4.11489
4.11489
4.11489
4.11489
4.11489
4.11489
4.11489
4.11489
4.11489
4.11489
4.11489
4.11489
4.11489
4.11489
4.11489
4.11489
4.11489
4.11489
4.11489
4.11489
4.11489
4.11489
4.11489
4.11489
4.11489
4.11489
4.11489
4.11489
4.11489
4.11489
4.11489
4.11489
4.11489
4.11489
4.11489
4.11489
4.11489
4.11489
4.11489
4.11489
4.11489
4.11489
4.11489
4.11489
4.11489
4.11489
4.11489
4.11489
4.11489
4.11489
4.11489
4.11489
4.11489
4.11489
4.11489
4.11489
4.11489
4.11489
4.11489
4.11489
4.11489
4.11489
4.11489
4.11489
4.11489
4.11489
4.11489
4.11489
4.11489
4.11489
4.11489
4.11489
4.11489
4.11489
4.11489
4.11489
4.11489
4.11489
4.11489
4.11489
4.11489
4.11489
4.11489
4.11489
4.11489
4.11489
4.11489
4.11489
4.11489
4.11489
4.11489
4.11489
4.11489
4.11489
4.11489
4.11489
4.11489
4.11489
4.11489
4.11489
4.11489
4.11489
4.11489
4.11489
4.11489
4.11489
4.11489
4.11489
4.11489
4.11489
4.11489
4.11489
4.11489
4.11489
4.11489
4.11489
4.11489
4.11489
4.11489
4.11489
4.11489
4.11489
4.11489
4.11489
4.11489
4.11489
4.11489
4.11489
4.11489
4.11489
4.11489
4.11489
4.11489
4.11489
4.11489
4.11489
4.11489
4.11489
4.11489
4.11489
4.11489
4.11489
4.11489
4.11489
4.11489
4.11489
4.11489
4.11489
4.11489
4.11489
4.11489
4.11489
4.11489
4.11489
4.11489
4.11489
4.11489
4.11489
4.11489
4.11489
4.11489
4.11489
4.11489
4.11489
4.11489
4.11489
4.11489
4.11489
4.11489
4.11489
4.11489
4.11489
4.11489
4.11489
4.11489
4.11489
4.11489
4.11489
4.11489
4.11489
4.11489
4.11489
4.11489
4.11489
4.11489
4.11489
4.11489
4.11489
4.11489
4.11489
4.11489
4.11489
4.11489
4.11489
4.11489
4.11489
4.11489
4.11489
4.11489
4.11489
4.11489
4.11489
4.11489
4.11489
4.11489
4.11489
4.11489
4.11489
4.11489
4.11489
4.11489
4.11489
4.11489
4.11489
4.11489
4.11489
4.11489
4.11489
4.11489
4.11489
4.11489
4.11489
4.11489
4.11489
4.11489
4.11489
4.11489
4.11489
4.11489
4.11489
4.11489
4.11489
4.11489
4.11489
4.11489
4.11489
4.11489
4.11489
4.11489
4.11489
4.11489
4.11489
4.11489
4.11489
4.11489
4.11489
4.11489
4.11489
4.11489
4.11489
4.11489
4.11489
4.11489
4.11489
4.11489
4.11489
4.11489
4.11489
4.11489
4.11489
4.11489
4.11489
4.11489
4.11489
4.11489
4.11489
4.11489
4.11489
4.11489
4.11489
4.11489
4.11489
4.11489
4.11489
4.11489
4.11489
4.11489
4.11489
4.11489
4.11489
4.11489
4.11489
4.11489
4.11489
4.11489
4.11489
4.11489
4.11489
4.11489
4.11489
4.11489
4.11489
4.11489
4.11489
4.11489
4.11489
4.11489
4.11489
4.11489
4.11489
4.11489
4.11489
4.11489
4.11489
4.11489
4.11489
4.11489
4.11489
4.11489
4.11489
4.11489
4.11489
4.11489
4.11489
4.11489
4.11489
4.11489
4.11489
4.11489
4.11489
4.11489
4.11489
4.11489
4.11489
4.11489
4.11489
4.11489
4.11489
4.11489
4.11489
4.11489
4.11489
4.11489
4.11489
4.11489
4.11489
4.11489
4.11489
4.11489
4.11489
4.11489
4.11489
4.11489
4.11489
4.11489
4.11489
4.11489
4.11489
4.11489
4.11489
4.11489
4.11489
4.11489
4.11489
4.11489
4.11489
4.11489
4.11489
4.11489
4.11489
4.11489
4.11489
4.11489
4.11489
4.11489
4.11489
4.11489
4.11489
4.11489
4.11489
4.11489
4.11489
4.11489
4.11489
4.11489
4.11489
4.11489
4.11489
4.11489
4.11489
4.11489
4.11489
4.11489
4.11489
4.11489
4.11489
4.11489
4.11489
4.11489
4.11489
4.11489
4.11489
4.11489
4.11489
4.11489
4.11489
4.11489
4.11489
4.11489
4.11489
4.11489
4.11489
4.11489
4.11489
4.11489
4.11489
4.11489
4.11489
4.11489
4.11489
4.11489
4.11489
4.11489
4.11489
4.11489
4.11489
4.11489
4.11489
4.11489
4.11489
4.11489
4.11489
4.11489
4.11489
4.11489
4.11489
4.11489
4.11489
4.11489
4.11489
4.11489
4.11489
4.11489
4.11489
4.11489
4.11489
4.11489
4.11489
4.11489
4.11489
4.11489
4.11489
4.11489
4.11489
4.11489
4.11489
4.11489
4.11489
4.11489
4.11489
4.11489
4.11489
4.11489
4.11489
4.11489
4.11489
4.11489
4.11489
4.11489
4.11489
4.11489
4.11489
4.11489
4.11489
4.11489
4.11489
4.11489
4.11489
4.11489
4.11489
4.11489
4.11489
4.11489
4.11489
4.11489
4.11489
4.11489
4.11489
4.11489
4.11489
4.11489
4.11489
4.11489
4.11489
4.11489
4.11489
4.11489
4.11489
4.11489
4.11489
4.11489
4.11489
4.11489
4.11489
4.11489
4.11489
4.11489
4.11489
4.11489
4.11489
4.11489
4.11489
4.11489
4.11489
4.11489
4.11489
4.11489
4.11489
4.11489
4.11489
4.11489
4.11489
4.11489
4.11489
4.11489
4.11489
4.11489
4.11489
4.11489
4.11489
4.11489
4.11489
4.11489
4.11489
4.11489
4.11489
4.11489
4.11489
4.11489
4.11489
4.11489
4.11489
4.11489
4.11489
4.11489
4.11489
4.11489
4.11489
4.11489
4.11489
4.11489
4.11489
4.11489
4.11489
4.11489
4.11489
4.11489
4.11489
4.11489
4.11489
4.11489
4.11489
4.11489
4.11489
4.11489
4.11489
4.11489
4.11489
4.11489
4.11489
4.11489
4.11489
4.11489
4.11489
4.11489
4.11489
4.11489
4.11489
4.11489
4.11489
4.11489
4.11489
4.11489
4.11489
4.11489
4.11489
4.11489
4.11489
4.11489
4.11489
4.11489
4.11489
4.11489
4.11489
4.11489
4.11489
4.11489
4.11489
4.11489
4.11489
4.11489
4.11489
4.11489
4.11489
4.11489
4.11489
4.11489
4.11489
4.11489
4.11489
4.11489
4.11489
4.11489
4.11489
4.11489
4.11489
4.11489
4.11489
4.11489
4.11489
4.11489
4.11489
4.11489
4.11489
4.11489
4.11489
4.11489
4.11489
4.11489
4.11489
4.11489
4.11489
4.11489
4.11489
4.11489
4.11489
4.11489
4.11489
4.11489
4.11489
4.11489
4.11489
4.11489
4.11489
4.11489
4.11489
4.11489
4.11489
4.11489
4.11489
4.11489
4.11489
4.11489
4.11489
4.11489
4.11489
4.11489
4.11489
4.11489
4.11489
4.11489
4.11489
4.11489
4.11489
4.11489
4.11489
4.11489
4.11489
4.11489
4.11489
4.11489
4.11489
4.11489
4.11489
4.11489
4.11489
4.11489
4.11489
4.11489
4.11489
4.11489
4.11489
4.11489
4.11489
4.11489
4.11489
4.11489
4.11489
4.11489
4.11489
4.11489
4.11489
4.11489
4.11489
4.11489
4.11489
4.11489
4.11489
4.11489
4.11489
4.11489
4.11489
4.11489
4.11489
4.11489
4.11489
4.11489
4.11489
4.11489
4.11489
4.11489
4.11489
4.11489
4.11489
4.11489
4.11489
4.11489
4.11489
4.11489
4.11489
4.11489
4.11489
4.11489
4.11489
4.11489
4.11489
4.11489
4.11489
4.11489
4.11489
4.11489
4.11489
4.11489
4.11489
4.11489
4.11489
4.11489
4.11489
4.11489
4.11489
4.11489
4.11489
4.11489
4.11489
4.11489
4.11489
4.11489
4.11489
4.11489
4.11489
4.11489
4.11489
4.11489
4.11489
4.11489
4.11489
4.11489
4.11489
4.11489
4.11489
4.11489
4.11489
4.11489
4.11489
4.11489
4.11489
4.11489
4.11489
4.11489
4.11489
4.11489
4.11489
4.11489
4.11489
4.11489
4.11489
4.11489
4.11489
4.11489
4.11489
4.11489
4.11489
4.11489
4.11489
4.11489
4.11489
4.11489
4.11489
4.11489
4.11489
4.11489
4.11489
4.11489
4.11489
4.11489
4.11489
4.11489
4.11489
4.11489
4.11489
4.11489
4.11489
4.11489
4.11489
4.11489
4.11489
4.11489
4.11489
4.11489
4.11489
4.11489
4.11489
4.11489
4.11489
4.11489
4.11489
4.11489
4.11489
4.11489
4.11489
4.11489
4.11489
4.11489
4.11489
4.11489
4.11489
4.11489
4.11489
4.11489
4.11489
4.11489
4.11489
4.11489
4.11489
4.11489
4.11489
4.11489
4.11489
4.11489
4.11489
4.11489
4.11489
4.11489
4.11489
4.11489
4.11489
4.11489
4.11489
4.11489
4.11489
4.11489
4.11489
4.11489
4.11489
4.11489
4.11489
4.11489
4.11489
4.11489
4.11489
4.11489
4.11489
4.11489
4.11489
4.11489
4.11489
4.11489
4.11489
4.11489
4.11489
4.11489
4.11489
4.11489
4.11489
4.11489
4.11489
4.11489
4.11489
4.11489
4.11489
4.11489
4.11489
4.11489
4.11489
4.11489
4.11489
4.11489
4.11489
4.11489
4.11489
4.11489
4.11489
4.11489
4.11489
4.11489
4.11489
4.11489
4.11489
4.11489
4.11489
4.11489
4.11489
4.11489
4.11489
4.11489
4.11489
4.11489
4.11489
4.11489
4.11489
4.11489
4.11489
4.11489
4.11489
4.11489
4.11489
4.11489
4.11489
4.11489
4.11489
4.11489
4.11489
4.11489
4.11489
4.11489
4.11489
4.11489
4.11489
4.11489
4.11489
4.11489
4.11489
4.11489
4.11489
4.11489
4.11489
4.11489
4.11489
4.11489
4.11489
4.11489
4.11489
4.11489
4.11489
4.11489
4.11489
4.11489
4.11489
4.11489
4.11489
4.11489
4.11489
4.11489
4.11489
4.11489
4.11489
4.11489
4.11489
4.11489
4.11489
4.11489
4.11489
4.11489
4.11489
4.11489
4.11489
4.11489
4.11489
4.11489
4.11489
4.11489
4.11489
4.11489
4.11489
4.11489
4.11489
4.11489
4.11489
4.11489
4.11489
4.11489
4.11489
4.11489
4.11489
4.11489
4.11489
4.11489
4.11489
4.11489
4.11489
4.11489
4.11489
4.11489
4.11489
4.11489
4.11489
4.11489
4.11489
4.11489
4.11489
4.11489
4.11489
4.11489
4.11489
4.11489
4.11489
4.11489
4.11489
4.11489
4.11489
4.11489
4.11489
4.11489
4.11489
4.11489
4.11489
4.11489
4.11489
4.11489
4.11489
4.11489
4.11489
4.11489
4.11489
4.11489
4.11489
4.11489
4.11489
4.11489
4.11489
4.11489
4.11489
4.11489
4.11489
4.11489
4.11489
4.11489
4.11489
4.11489
4.11489
4.11489
4.11489
4.11489
4.11489
4.11489
4.11489
4.11489
4.11489
4.11489
4.11489
4.11489
4.11489
4.11489
4.11489
4.11489
4.11489
4.11489
4.11489
4.11489
4.11489
4.11489
4.11489
4.11489
4.11489
4.11489
4.11489
4.11489
4.11489
4.11489
4.11489
4.11489
4.11489
4.11489
4.11489
4.11489
4.11489
4.11489
4.11489
4.11489
4.11489
4.11489
4.11489
4.11489
4.11489
4.11489
4.11489
4.11489
4.11489
4.11489
4.11489
4.11489
4.11489
4.11489
4.11489
4.11489
4.11489
4.11489
4.11489
4.11489
4.11489
4.11489
4.11489
4.11489
4.11489
4.11489
4.11489
4.11489
4.11489
4.11489
4.11489
4.11489
4.11489
4.11489
4.11489
4.11489
4.11489
4.11489
4.11489
4.11489
4.11489
4.11489
4.11489
4.11489
4.11489
4.11489
4.11489
4.11489
4.11489
4.11489
4.11489
4.11489
4.11489
4.11489
4.11489
4.11489
4.11489
4.11489
4.11489
4.11489
4.11489
4.11489
4.11489
4.11489
4.11489
4.11489
4.11489
4.11489
4.11489
4.11489
4.11489
4.11489
4.11489
4.11489
4.11489
4.11489
4.11489
4.11489
4.11489
4.11489
4.11489
4.11489
4.11489
4.11489
4.11489
4.11489
4.11489
4.11489
4.11489
4.11489
4.11489
4.11489
4.11489
4.11489
4.11489
4.11489
4.11489
4.11489
4.11489
4.11489
4.11489
4.11489
4.11489
4.11489
4.11489
4.11489
4.11489
4.11489
4.11489
4.11489
4.11489
4.11489
4.11489
4.11489
4.11489
4.11489
4.11489
4.11489
4.11489
4.11489
4.11489
4.11489
4.11489
4.11489
4.11489
4.11489
4.11489
4.11489
4.11489
4.11489
4.11489
4.11489
4.11489
4.11489
4.11489
4.11489
4.11489
4.11489
4.11489
4.11489
4.11489
4.11489
4.11489
4.11489
4.11489
4.11489
4.11489
4.11489
4.11489
4.11489
4.11489
4.11489
4.11489
4.11489
4.11489
4.11489
4.11489
4.11489
4.11489
4.11489
4.11489
4.11489
4.11489
4.11489
4.11489
4.11489
4.11489
4.11489
4.11489
4.11489
4.11489
4.11489
4.11489
4.11489
4.11489
4.11489
4.11489
4.11489
4.11489
4.11489
4.11489
4.11489
4.11489
4.11489
4.11489
4.11489
4.11489
4.11489
4.11489
4.11489
4.11489
4.11489
4.11489
4.11489
4.11489
4.11489
4.11489
4.11489
4.11489
4.11489
4.11489
4.11489
4.11489
4.11489
4.11489
4.11489
4.11489
4.11489
4.11489
4.11489
4.11489
4.11489
4.11489
4.11489
4.11489
4.11489
4.11489
4.11489
4.11489
4.11489
4.11489
4.11489
4.11489
4.11489
4.11489
4.11489
4.11489
4.11489
4.11489
4.11489
4.11489
4.11489
4.11489
4.11489
4.11489
4.11489
4.11489
4.11489
4.11489
4.11489
4.11489
4.11489
4.11489
4.11489
4.11489
4.11489
4.11489
4.11489
4.11489
4.11489
4.11489
4.11489
4.11489
4.11489
4.11489
4.11489
4.11489
4.11489
4.11489
4.11489
4.11489
4.11489
4.11489
4.11489
4.11489
4.11489
4.11489
4.11489
4.11489
4.11489
4.11489
4.11489
4.11489
4.11489
4.11489
4.11489
4.11489
4.11489
4.11489
4.11489
4.11489
4.11489
4.11489
4.11489
4.11489
4.11489
4.11489
4.11489
4.11489
4.11489
4.11489
4.11489
4.11489
4.11489
4.11489
4.11489
4.11489
4.11489
4.11489
4.11489
4.11489
4.11489
4.11489
4.11489
4.11489
4.11489
4.11489
4.11489
4.11489
4.11489
4.11489
4.11489
4.11489
4.11489
4.11489
4.11489
4.11489
4.11489
4.11489
4.11489
4.11489
4.11489
4.11489
4.11489
4.11489
4.11489
4.11489
4.11489
4.11489
4.11489
4.11489
4.11489
4.11489
4.11489
4.11489
4.11489
4.11489
4.11489
4.11489
4.11489
4.11489
4.11489
4.11489
4.11489
4.11489
4.11489
4.11489
4.11489
4.11489
4.11489
4.11489
4.11489
4.11489
4.11489
4.11489
4.11489
4.11489
4.11489
4.11489
4.11489
4.11489
4.11489
4.11489
4.11489
4.11489
4.11489
4.11489
4.11489
4.11489
4.11489
4.11489
4.11489
4.11489
4.11489
4.11489
4.11489
4.11489
4.11489
4.11489
4.11489
4.11489
4.11489
4.11489
4.11489
4.11489
4.11489
4.11489
4.11489
4.11489
4.11489
4.11489
4.11489
4.11489
4.11489
4.11489
4.11489
4.11489
4.11489
4.11489
4.11489
4.11489
4.11489
4.11489
4.11489
4.11489
4.11489
4.11489
4.11489
4.11489
4.11489
4.11489
4.11489
4.11489
4.11489
4.11489
4.11489
4.11489
4.11489
4.11489
4.11489
4.11489
4.11489
4.11489
4.11489
4.11489
4.11489
4.11489
4.11489
4.11489
4.11489
4.11489
4.11489
4.11489
4.11489
4.11489
4.11489
4.11489
4.11489
4.11489
4.11489
4.11489
4.11489
4.11489
4.11489
4.11489
4.11489
4.11489
4.11489
4.11489
4.11489
4.11489
4.11489
4.11489
4.11489
4.11489
4.11489
4.11489
4.11489
4.11489
4.11489
4.11489
4.11489
4.11489
4.11489
4.11489
4.11489
4.11489
4.11489
4.11489
4.11489
4.11489
4.11489
4.11489
4.11489
4.11489
4.11489
4.11489
4.11489
4.11489
4.11489
4.11489
4.11489
4.11489
4.11489
4.11489
4.11489
4.11489
4.11489
4.11489
4.11489
4.11489
4.11489
4.11489
4.11489
4.11489
4.11489
4.11489
4.11489
4.11489
4.11489
4.11489
4.11489
4.11489
4.11489
4.11489
4.11489
4.11489
4.11489
4.11489
4.11489
4.11489
4.11489
4.11489
4.11489
4.11489
4.11489
4.11489
4.11489
4.11489
4.11489
4.11489
4.11489
4.11489
4.11489
4.11489
4.11489
4.11489
4.11489
4.11489
4.11489
4.11489
4.11489
4.11489
4.11489
4.11489
4.11489
4.11489
4.11489
4.11489
4.11489
4.11489
4.11489
4.11489
4.11489
4.11489
4.11489
4.11489
4.11489
4.11489
4.11489
4.11489
4.11489
4.11489
4.11489
4.11489
4.11489
4.11489
4.11489
4.11489
4.11489
4.11489
4.11489
4.11489
4.11489
4.11489
4.11489
4.11489
4.11489
4.11489
4.11489
4.11489
4.11489
4.11489
4.11489
4.11489
4.11489
4.11489
4.11489
4.11489
4.11489
4.11489
4.11489
4.11489
4.11489
4.11489
4.11489
4.11489
4.11489
4.11489
4.11489
4.11489
4.11489
4.11489
4.11489
4.11489
4.11489
4.11489
4.11489
4.11489
4.11489
4.11489
4.11489
4.11489
4.11489
4.11489
4.11489
4.11489
4.11489
4.11489
4.11489
4.11489
4.11489
4.11489
4.11489
4.11489
4.11489
4.11489
4.11489
4.11489
4.11489
4.11489
4.11489
4.11489
4.11489
4.11489
4.11489
4.11489
4.11489
4.11489
4.11489
4.11489
4.11489
4.11489
4.11489
4.11489
4.11489
4.11489
4.11489
4.11489
4.11489
4.11489
4.11489
4.11489
4.11489
4.11489
4.11489
4.11489
4.11489
4.11489
4.11489
4.11489
4.11489
4.11489
4.11489
4.11489
4.11489
4.11489
4.11489
4.11489
4.11489
4.11489
4.11489
4.11489
4.11489
4.11489
4.11489
4.11489
4.11489
4.11489
4.11489
4.11489
4.11489
4.11489
4.11489
4.11489
4.11489
4.11489
4.11489
4.11489
4.11489
4.11489
4.11489
4.11489
4.11489
4.11489
4.11489
4.11489
4.11489
4.11489
4.11489
4.11489
4.11489
4.11489
4.11489
4.11489
4.11489
4.11489
4.11489
4.11489
4.11489
4.11489
4.11489
4.11489
4.11489
4.11489
4.11489
4.11489
4.11489
4.11489
4.11489
4.11489
4.11489
4.11489
4.11489
4.11489
4.11489
4.11489
4.11489
4.11489
4.11489
4.11489
4.11489
4.11489
4.11489
4.11489
4.11489
4.11489
4.11489
4.11489
4.11489
4.11489
4.11489
4.11489
4.11489
4.11489
4.11489
4.11489
4.11489
4.11489
4.11489
4.11489
4.11489
4.11489
4.11489
4.11489
4.11489
4.11489
4.11489
4.11489
4.11489
4.11489
4.11489
4.11489
4.11489
4.11489
4.11489
4.11489
4.11489
4.11489
4.11489
4.11489
4.11489
4.11489
4.11489
4.11489
4.11489
4.11489
4.11489
4.11489
4.11489
4.11489
4.11489
4.11489
4.11489
4.11489
4.11489
4.11489
4.11489
4.11489
4.11489
4.11489
4.11489
4.11489
4.11489
4.11489
4.11489
4.11489
4.11489
4.11489
4.11489
4.11489
4.11489
4.11489
4.11489
4.11489
4.11489
4.11489
4.11489
4.11489
4.11489
4.11489
4.11489
4.11489
4.11489
4.11489
4.11489
4.11489
4.11489
4.11489
4.11489
4.11489
4.11489
4.11489
4.11489
4.11489
4.11489
4.11489
4.11489
4.11489
4.11489
4.11489
4.11489
4.11489
4.11489
4.11489
4.11489
4.11489
4.11489
4.11489
4.11489
4.11489
4.11489
4.11489
4.11489
4.11489
4.11489
4.11489
4.11489
4.11489
4.11489
4.11489
4.11489
4.11489
4.11489
4.11489
4.11489
4.11489
4.11489
4.11489
4.11489
4.11489
4.11489
4.11489
4.11489
4.11489
4.11489
4.11489
4.11489
4.11489
4.11489
4.11489
4.11489
4.11489
4.11489
4.11489
4.11489
4.11489
4.11489
4.11489
4.11489
4.11489
4.11489
4.11489
4.11489
4.11489
4.11489
4.11489
4.11489
4.11489
4.11489
4.11489
4.11489
4.11489
4.11489
4.11489
4.11489
4.11489
4.11489
4.11489
4.11489
4.11489
4.11489
4.11489
4.11489
4.11489
4.11489
4.11489
4.11489
4.11489
4.11489
4.11489
4.11489
4.11489
4.11489
4.11489
4.11489
4.11489
4.11489
4.11489
4.11489
4.11489
4.11489
4.11489
4.11489
4.11489
4.11489
4.11489
4.11489
4.11489
4.11489
4.11489
4.11489
4.11489
4.11489
4.11489
4.11489
4.11489
4.11489
4.11489
4.11489
4.11489
4.11489
4.11489
4.11489
4.11489
4.11489
4.11489
4.11489
4.11489
4.11489
4.11489
4.11489
4.11489
4.11489
4.11489
4.11489
4.11489
4.11489
4.11489
4.11489
4.11489
4.11489
4.11489
4.11489
4.11489
4.11489
4.11489
4.11489
4.11489
4.11489
4.11489
4.11489
4.11489
4.11489
4.11489
4.11489
4.11489
4.11489
4.11489
4.11489
4.11489
4.11489
4.11489
4.11489
4.11489
4.11489
4.11489
4.11489
4.11489
4.11489
4.11489
4.11489
4.11489
4.11489
4.11489
4.11489
4.11489
4.11489
4.11489
4.11489
4.11489
4.11489
4.11489
4.11489
4.11489
4.11489
4.11489
4.11489
4.11489
4.11489
4.11489
4.11489
4.11489
4.11489
4.11489
4.11489
4.11489
4.11489
4.11489
4.11489
4.11489
4.11489
4.11489
4.11489
4.11489
4.11489
4.11489
4.11489
4.11489
4.11489
4.11489
4.11489
4.11489
4.11489
4.11489
4.11489
4.11489
4.11489
4.11489
4.11489
4.11489
4.11489
4.11489
4.11489
4.11489
4.11489
4.11489
4.11489
4.11489
4.11489
4.11489
4.11489
4.11489
4.11489
4.11489
4.11489
4.11489
4.11489
4.11489
4.11489
4.11489
4.11489
4.11489
4.11489
4.11489
4.11489
4.11489
4.11489
4.11489
4.11489
4.11489
4.11489
4.11489
4.11489
4.11489
4.11489
4.11489
4.11489
4.11489
4.11489
4.11489
4.11489
4.11489
4.11489
4.11489
4.11489
4.11489
4.11489
4.11489
4.11489
4.11489
4.11489
4.11489
4.11489
4.11489
4.11489
4.11489
4.11489
4.11489
4.11489
4.11489
4.11489
4.11489
4.11489
4.11489
4.11489
4.11489
4.11489
4.11489
4.11489
4.11489
4.11489
4.11489
4.11489
4.11489
4.11489
4.11489
4.11489
4.11489
4.11489
4.11489
4.11489
4.11489
4.11489
4.11489
4.11489
4.11489
4.11489
4.11489
4.11489
4.11489
4.11489
4.11489
4.11489
4.11489
4.11489
4.11489
4.11489
4.11489
4.11489
4.11489
4.11489
4.11489
4.11489
4.11489
4.11489
4.11489
4.11489
4.11489
4.11489
4.11489
4.11489
4.11489
4.11489
4.11489
4.11489
4.11489
4.11489
4.11489
4.11489
4.11489
4.11489
4.11489
4.11489
4.11489
4.11489
4.11489
4.11489
4.11489
4.11489
4.11489
4.11489
4.11489
4.11489
4.11489
4.11489
4.11489
4.11489
4.11489
4.11489
4.11489
4.11489
4.11489
4.11489
4.11489
4.11489
4.11489
4.11489
4.11489
4.11489
4.11489
4.11489
4.11489
4.11489
4.11489
4.11489
4.11489
4.11489
4.11489
4.11489
4.11489
4.11489
4.11489
4.11489
4.11489
4.11489
4.11489
4.11489
4.11489
4.11489
4.11489
4.11489
4.11489
4.11489
4.11489
4.11489
4.11489
4.11489
4.11489
4.11489
4.11489
4.11489
4.11489
4.11489
4.11489
4.11489
4.11489
4.11489
4.11489
4.11489
4.11489
4.11489
4.11489
4.11489
4.11489
4.11489
4.11489
4.11489
4.11489
4.11489
4.11489
4.11489
4.11489
4.11489
4.11489
4.11489
4.11489
4.11489
4.11489
4.11489
4.11489
4.11489
4.11489
4.11489
4.11489
4.11489
4.11489
4.11489
4.11489
4.11489
4.11489
4.11489
4.11489
4.11489
4.11489
4.11489
4.11489
4.11489
4.11489
4.11489
4.11489
4.11489
4.11489
4.11489
4.11489
4.11489
4.11489
4.11489
4.11489
4.11489
4.11489
4.11489
4.11489
4.11489
4.11489
4.11489
4.11489
4.11489
4.11489
4.11489
4.11489
4.11489
4.11489
4.11489
4.11489
4.11489
4.11489
4.11489
4.11489
4.11489
4.11489
4.11489
4.11489
4.11489
4.11489
4.11489
4.11489
4.11489
4.11489
4.11489
4.11489
4.11489
4.11489
4.11489
4.11489
4.11489
4.11489
4.11489
4.11489
4.11489
4.11489
4.11489
4.11489
4.11489
4.11489
4.11489
4.11489
4.11489
4.11489
4.11489
4.11489
4.11489
4.11489
4.11489
4.11489
4.11489
4.11489
4.11489
4.11489
4.11489
4.11489
4.11489
4.11489
4.11489
4.11489
4.11489
4.11489
4.11489
4.11489
4.11489
4.11489
4.11489
4.11489
4.11489
4.11489
4.11489
4.11489
4.11489
4.11489
4.11489
4.11489
4.11489
4.11489
4.11489
4.11489
4.11489
4.11489
4.11489
4.11489
4.11489
4.11489
4.11489
4.11489
4.11489
4.11489
4.11489
4.11489
4.11489
4.11489
4.11489
4.11489
4.11489
4.11489
4.11489
4.11489
4.11489
4.11489
4.11489
4.11489
4.11489
4.11489
4.11489
4.11489
4.11489
4.11489
4.11489
4.11489
4.11489
4.11489
4.11489
4.11489
4.11489
4.11489
4.11489
4.11489
4.11489
4.11489
4.11489
4.11489
4.11489
4.11489
4.11489
4.11489
4.11489
4.11489
4.11489
4.11489
4.11489
4.11489
4.11489
4.11489
4.11489
4.11489
4.11489
4.11489
4.11489
4.11489
4.11489
4.11489
4.11489
4.11489
4.11489
4.11489
4.11489
4.11489
4.11489
4.11489
4.11489
4.11489
4.11489
4.11489
4.11489
4.11489
4.11489
4.11489
4.11489
4.11489
4.11489
4.11489
4.11489
4.11489
4.11489
4.11489
4.11489
4.11489
4.11489
4.11489
4.11489
4.11489
4.11489
4.11489
4.11489
4.11489
4.11489
4.11489
4.11489
4.11489
4.11489
4.11489
4.11489
4.11489
4.11489
4.11489
4.11489
4.11489
4.11489
4.11489
4.11489
4.11489
4.11489
4.11489
4.11489
4.11489
4.11489
4.11489
4.11489
4.11489
4.11489
4.11489
4.11489
4.11489
4.11489
4.11489
4.11489
4.11489
4.11489
4.11489
4.11489
4.11489
4.11489
4.11489
4.11489
4.11489
4.11489
4.11489
4.11489
4.11489
4.11489
4.11489
4.11489
4.11489
4.11489
4.11489
4.11489
4.11489
4.11489
4.11489
4.11489
4.11489
4.11489
4.11489
4.11489
4.11489
4.11489
4.11489
4.11489
4.11489
4.11489
4.11489
4.11489
4.11489
4.11489
4.11489
4.11489
4.11489
4.11489
4.11489
4.11489
4.11489
4.11489
4.11489
4.11489
4.11489
4.11489
4.11489
4.11489
4.11489
4.11489
4.11489
4.11489
4.11489
4.11489
4.11489
4.11489
4.11489
4.11489
4.11489
4.11489
4.11489
4.11489
4.11489
4.11489
4.11489
4.11489
4.11489
4.11489
4.11489
4.11489
4.11489
4.11489
4.11489
4.11489
4.11489
4.11489
4.11489
4.11489
4.11489
4.11489
4.11489
4.11489
4.11489
4.11489
4.11489
4.11489
4.11489
4.11489
4.11489
4.11489
4.11489
4.11489
4.11489
4.11489
4.11489
4.11489
4.11489
4.11489
4.11489
4.11489
4.11489
4.11489
4.11489
4.11489
4.11489
4.11489
4.11489
4.11489
4.11489
4.11489
4.11489
4.11489
4.11489
4.11489
4.11489
4.11489
4.11489
4.11489
4.11489
4.11489
4.11489
4.11489
4.11489
4.11489
4.11489
4.11489
4.11489
4.11489
4.11489
4.11489
4.11489
4.11489
4.11489
4.11489
4.11489
4.11489
4.11489
4.11489
4.11489
4.11489
4.11489
4.11489
4.11489
4.11489
4.11489
4.11489
4.11489
4.11489
4.11489
4.11489
4.11489
4.11489
4.11489
4.11489
4.11489
4.11489
4.11489
4.11489
4.11489
4.11489
4.11489
4.11489
4.11489
4.11489
4.11489
4.11489
4.11489
4.11489
4.11489
4.11489
4.11489
4.11489
4.11489
4.11489
4.11489
4.11489
4.11489
4.11489
4.11489
4.11489
4.11489
4.11489
4.11489
4.11489
4.11489
4.11489
4.11489
4.11489
4.11489
4.11489
4.11489
4.11489
4.11489
4.11489
4.11489
4.11489
4.11489
4.11489
4.11489
4.11489
4.11489
4.11489
4.11489
4.11489
4.11489
4.11489
4.11489
4.11489
4.11489
4.11489
4.11489
4.11489
4.11489
4.11489
4.11489
4.11489
4.11489
4.11489
4.11489
4.11489
4.11489
4.11489
4.11489
4.11489
4.11489
4.11489
4.11489
4.11489
4.11489
4.11489
4.11489
4.11489
4.11489
4.11489
4.11489
4.11489
4.11489
4.11489
4.11489
4.11489
4.11489
4.11489
4.11489
4.11489
4.11489
4.11489
4.11489
4.11489
4.11489
4.11489
4.11489
4.11489
4.11489
4.11489
4.11489
4.11489
4.11489
4.11489
4.11489
4.11489
4.11489
4.11489
4.11489
4.11489
4.11489
4.11489
4.11489
4.11489
4.11489
4.11489
4.11489
4.11489
4.11489
4.11489
4.11489
4.11489
4.11489
4.11489
4.11489
4.11489
4.11489
4.11489
4.11489
4.11489
4.11489
4.11489
4.11489
4.11489
4.11489
4.11489
4.11489
4.11489
4.11489
4.11489
4.11489
4.11489
4.11489
4.11489
4.11489
4.11489
4.11489
4.11489
4.11489
4.11489
4.11489
4.11489
4.11489
4.11489
4.11489
4.11489
4.11489
4.11489
4.11489
4.11489
4.11489
4.11489
4.11489
4.11489
4.11489
4.11489
4.11489
4.11489
4.11489
4.11489
4.11489
4.11489
4.11489
4.11489
4.11489
4.11489
4.11489
4.11489
4.11489
4.11489
4.11489
4.11489
4.11489
4.11489
4.11489
4.11489
4.11489
4.11489
4.11489
4.11489
4.11489
4.11489
4.11489
4.11489
4.11489
4.11489
4.11489
4.11489
4.11489
4.11489
4.11489
4.11489
4.11489
4.11489
4.11489
4.11489
4.11489
4.11489
4.11489
4.11489
4.11489
4.11489
4.11489
4.11489
4.11489
4.11489
4.11489
4.11489
4.11489
4.11489
4.11489
4.11489
4.11489
4.11489
4.11489
4.11489
4.11489
4.11489
4.11489
4.11489
4.11489
4.11489
4.11489
4.11489
4.11489
4.11489
4.11489
4.11489
4.11489
4.11489
4.11489
4.11489
4.11489
4.11489
4.11489
4.11489
4.11489
4.11489
4.11489
4.11489
4.11489
4.11489
4.11489
4.11489
4.11489
4.11489
4.11489
4.11489
4.11489
4.11489
4.11489
4.11489
4.11489
4.11489
4.11489
4.11489
4.11489
4.11489
4.11489
4.11489
4.11489
4.11489
4.11489
4.11489
4.11489
4.11489
4.11489
4.11489
4.11489
4.11489
4.11489
4.11489
4.11489
4.11489
4.11489
4.11489
4.11489
4.11489
4.11489
4.11489
4.11489
4.11489
4.11489
4.11489
4.11489
4.11489
4.11489
4.11489
4.11489
4.11489
4.11489
4.11489
4.11489
4.11489
4.11489
4.11489
4.11489
4.11489
4.11489
4.11489
4.11489
4.11489
4.11489
4.11489
4.11489
4.11489
4.11489
4.11489
4.11489
4.11489
4.11489
4.11489
4.11489
4.11489
4.11489
4.11489
4.11489
4.11489
4.11489
4.11489
4.11489
4.11489
4.11489
4.11489
4.11489
4.11489
4.11489
4.11489
4.11489
4.11489
4.11489
4.11489
4.11489
4.11489
4.11489
4.11489
4.11489
4.11489
4.11489
4.11489
4.11489
4.11489
4.11489
4.11489
4.11489
4.11489
4.11489
4.11489
4.11489
4.11489
4.11489
4.11489
4.11489
4.11489
4.11489
4.11489
4.11489
4.11489
4.11489
4.11489
4.11489
4.11489
4.11489
4.11489
4.11489
4.11489
4.11489
4.11489
4.11489
4.11489
4.11489
4.11489
4.11489
4.11489
4.11489
4.11489
4.11489
4.11489
4.11489
4.11489
4.11489
4.11489
4.11489
4.11489
4.11489
4.11489
4.11489
4.11489
4.11489
4.11489
4.11489
4.11489
4.11489
4.11489
4.11489
4.11489
4.11489
4.11489
4.11489
4.11489
4.11489
4.11489
4.11489
4.11489
4.11489
4.11489
4.11489
4.11489
4.11489
4.11489
4.11489
4.11489
4.11489
4.11489
4.11489
4.11489
4.11489
4.11489
4.11489
4.11489
4.11489
4.11489
4.11489
4.11489
4.11489
4.11489
4.11489
4.11489
4.11489
4.11489
4.11489
4.11489
4.11489
4.11489
4.11489
4.11489
4.11489
4.11489
4.11489
4.11489
4.11489
4.11489
4.11489
4.11489
4.11489
4.11489
4.11489
4.11489
4.11489
4.11489
4.11489
4.11489
4.11489
4.11489
4.11489
4.11489
4.11489
4.11489
4.11489
4.11489
4.11489
4.11489
4.11489
4.11489
4.11489
4.11489
4.11489
4.11489
4.11489
4.11489
4.11489
4.11489
4.11489
4.11489
4.11489
4.11489
4.11489
4.11489
4.11489
4.11489
4.11489
4.11489
4.11489
4.11489
4.11489
4.11489
4.11489
4.11489
4.11489
4.11489
4.11489
4.11489
4.11489
4.11489
4.11489
4.11489
4.11489
4.11489
4.11489
4.11489
4.11489
4.11489
4.11489
4.11489
4.11489
4.11489
4.11489
4.11489
4.11489
4.11489
4.11489
4.11489
4.11489
4.11489
4.11489
4.11489
4.11489
4.11489
4.11489
4.11489
4.11489
4.11489
4.11489
4.11489
4.11489
4.11489
4.11489
4.11489
4.11489
4.11489
4.11489
4.11489
4.11489
4.11489
4.11489
4.11489
4.11489
4.11489
4.11489
4.11489
4.11489
4.11489
4.11489
4.11489
4.11489
4.11489
4.11489
4.11489
4.11489
4.11489
4.11489
4.11489
4.11489
4.11489
4.11489
4.11489
4.11489
4.11489
4.11489
4.11489
4.11489
4.11489
4.11489
4.11489
4.11489
4.11489
4.11489
4.11489
4.11489
4.11489
4.11489
4.11489
4.11489
4.11489
4.11489
4.11489
4.11489
4.11489
4.11489
4.11489
4.11489
4.11489
4.11489
4.11489
4.11489
4.11489
4.11489
4.11489
4.11489
4.11489
4.11489
4.11489
4.11489
4.11489
4.11489
4.11489
4.11489
4.11489
4.11489
4.11489
4.11489
4.11489
4.11489
4.11489
4.11489
4.11489
4.11489
4.11489
4.11489
4.11489
4.11489
4.11489
4.11489
4.11489
4.11489
4.11489
4.11489
4.11489
4.11489
4.11489
4.11489
4.11489
4.11489
4.11489
4.11489
4.11489
4.11489
4.11489
4.11489
4.11489
4.11489
4.11489
4.11489
4.11489
4.11489
4.11489
4.11489
4.11489
4.11489
4.11489
4.11489
4.11489
4.11489
4.11489
4.11489
4.11489
4.11489
4.11489
4.11489
4.11489
4.11489
4.11489
4.11489
4.11489
4.11489
4.11489
4.11489
4.11489
4.11489
4.11489
4.11489
4.11489
4.11489
4.11489
4.11489
4.11489
4.11489
4.11489
4.11489
4.11489
4.11489
4.11489
4.11489
4.11489
4.11489
4.11489
4.11489
4.11489
4.11489
4.11489
4.11489
4.11489
4.11489
4.11489
4.11489
4.11489
4.11489
4.11489
4.11489
4.11489
4.11489
4.11489
4.11489
4.11489
4.11489
4.11489
4.11489
4.11489
4.11489
4.11489
4.11489
4.11489
4.11489
4.11489
4.11489
4.11489
4.11489
4.11489
4.11489
4.11489
4.11489
4.11489
4.11489
4.11489
4.11489
4.11489
4.11489
4.11489
4.11489
4.11489
4.11489
4.11489
4.11489
4.11489
4.11489
4.11489
4.11489
4.11489
4.11489
4.11489
4.11489
4.11489
4.11489
4.11489
4.11489
4.11489
4.11489
4.11489
4.11489
4.11489
4.11489
4.11489
4.11489
4.11489
4.11489
4.11489
4.11489
4.11489
4.11489
4.11489
4.11489
4.11489
4.11489
4.11489
4.11489
4.11489
4.11489
4.11489
4.11489
4.11489
4.11489
4.11489
4.11489
4.11489
4.11489
4.11489
4.11489
4.11489
4.11489
4.11489
4.11489
4.11489
4.11489
4.11489
4.11489
4.11489
4.11489
4.11489
4.11489
4.11489
4.11489
4.11489
4.11489
4.11489
4.11489
4.11489
4.11489
4.11489
4.11489
4.11489
4.11489
4.11489
4.11489
4.11489
4.11489
4.11489
4.11489
4.11489
4.11489
4.11489
4.11489
4.11489
4.11489
4.11489
4.11489
4.11489
4.11489
4.11489
4.11489
4.11489
4.11489
4.11489
4.11489
4.11489
4.11489
4.11489
4.11489
4.11489
4.11489
4.11489
4.11489
4.11489
4.11489
4.11489
4.11489
4.11489
4.11489
4.11489
4.11489
4.11489
4.11489
4.11489
4.11489
4.11489
4.11489
4.11489
4.11489
4.11489
4.11489
4.11489
4.11489
4.11489
4.11489
4.11489
4.11489
4.11489
4.11489
4.11489
4.11489
4.11489
4.11489
4.11489
4.11489
4.11489
4.11489
4.11489
4.11489
4.11489
4.11489
4.11489
4.11489
4.11489
4.11489
4.11489
4.11489
4.11489
4.11489
4.11489
4.11489
4.11489
4.11489
4.11489
4.11489
4.11489
4.11489
4.11489
4.11489
4.11489
4.11489
4.11489
4.11489
4.11489
4.11489
4.11489
4.11489
4.11489
4.11489
4.11489
4.11489
4.11489
4.11489
4.11489
4.11489
4.11489
4.11489
4.11489
4.11489
4.11489
4.11489
4.11489
4.11489
4.11489
4.11489
4.11489
4.11489
4.11489
4.11489
4.11489
4.11489
4.11489
4.11489
4.11489
4.11489
4.11489
4.11489
4.11489
4.11489
4.11489
4.11489
4.11489
4.11489
4.11489
4.11489
4.11489
4.11489
4.11489
4.11489
4.11489
4.11489
4.11489
4.11489
4.11489
4.11489
4.11489
4.11489
4.11489
4.11489
4.11489
4.11489
4.11489
4.11489
4.11489
4.11489
4.11489
4.11489
4.11489
4.11489
4.11489
4.11489
4.11489
4.11489
4.11489
4.11489
4.11489
4.11489
4.11489
4.11489
4.11489
4.11489
4.11489
4.11489
4.11489
4.11489
4.11489
4.11489
4.11489
4.11489
4.11489
4.11489
4.11489
4.11489
4.11489
4.11489
4.11489
4.11489
4.11489
4.11489
4.11489
4.11489
4.11489
4.11489
4.11489
4.11489
4.11489
4.11489
4.11489
4.11489
4.11489
4.11489
4.11489
4.11489
4.11489
4.11489
4.11489
4.11489
4.11489
4.11489
4.11489
4.11489
4.11489
4.11489
4.11489
4.11489
4.11489
4.11489
4.11489
4.11489
4.11489
4.11489
4.11489
4.11489
4.11489
4.11489
4.11489
4.11489
4.11489
4.11489
4.11489
4.11489
4.11489
4.11489
4.11489
4.11489
4.11489
4.11489
4.11489
4.11489
4.11489
4.11489
4.11489
4.11489
4.11489
4.11489
4.11489
4.11489
4.11489
4.11489
4.11489
4.11489
4.11489
4.11489
4.11489
4.11489
4.11489
4.11489
4.11489
4.11489
4.11489
4.11489
4.11489
4.11489
4.11489
4.11489
4.11489
4.11489
4.11489
4.11489
4.11489
4.11489
4.11489
4.11489
4.11489
4.11489
4.11489
4.11489
4.11489
4.11489
4.11489
4.11489
4.11489
4.11489
4.11489
4.11489
4.11489
4.11489
4.11489
4.11489
4.11489
4.11489
4.11489
4.11489
4.11489
4.11489
4.11489
4.11489
4.11489
4.11489
4.11489
4.11489
4.11489
4.11489
4.11489
4.11489
4.11489
4.11489
4.11489
4.11489
4.11489
4.11489
4.11489
4.11489
4.11489
4.11489
4.11489
4.11489
4.11489
4.11489
4.11489
4.11489
4.11489
4.11489
4.11489
4.11489
4.11489
4.11489
4.11489
4.11489
4.11489
4.11489
4.11489
4.11489
4.11489
4.11489
4.11489
4.11489
4.11489
4.11489
4.11489
4.11489
4.11489
4.11489
4.11489
4.11489
4.11489
4.11489
4.11489
4.11489
4.11489
4.11489
4.11489
4.11489
4.11489
4.11489
4.11489
4.11489
4.11489
4.11489
4.11489
4.11489
4.11489
4.11489
4.11489
4.11489
4.11489
4.11489
4.11489
4.11489
4.11489
4.11489
4.11489
4.11489
4.11489
4.11489
4.11489
4.11489
4.11489
4.11489
4.11489
4.11489
4.11489
4.11489
4.11489
4.11489
4.11489
4.11489
4.11489
4.11489
4.11489
4.11489
4.11489
4.11489
4.11489
4.11489
4.11489
4.11489
4.11489
4.11489
4.11489
4.11489
4.11489
4.11489
4.11489
4.11489
4.11489
4.11489
4.11489
4.11489
4.11489
4.11489
4.11489
4.11489
4.11489
4.11489
4.11489
4.11489
4.11489
4.11489
4.11489
4.11489
4.11489
4.11489
4.11489
4.11489
4.11489
4.11489
4.11489
4.11489
4.11489
4.11489
4.11489
4.11489
4.11489
4.11489
4.11489
4.11489
4.11489
4.11489
4.11489
4.11489
4.11489
4.11489
4.11489
4.11489
4.11489
4.11489
4.11489
4.11489
4.11489
4.11489
4.11489
4.11489
4.11489
4.11489
4.11489
4.11489
4.11489
4.11489
4.11489
4.11489
4.11489
4.11489
4.11489
4.11489
4.11489
4.11489
4.11489
4.11489
4.11489
4.11489
4.11489
4.11489
4.11489
4.11489
4.11489
4.11489
4.11489
4.11489
4.11489
4.11489
4.11489
4.11489
4.11489
4.11489
4.11489
4.11489
4.11489
4.11489
4.11489
4.11489
4.11489
4.11489
4.11489
4.11489
4.11489
4.11489
4.11489
4.11489
4.11489
4.11489
4.11489
4.11489
4.11489
4.11489
4.11489
4.11489
4.11489
4.11489
4.11489
4.11489
4.11489
4.11489
4.11489
4.11489
4.11489
4.11489
4.11489
4.11489
4.11489
4.11489
4.11489
4.11489
4.11489
4.11489
4.11489
4.11489
4.11489
4.11489
4.11489
4.11489
4.11489
4.11489
4.11489
4.11489
4.11489
4.11489
4.11489
4.11489
4.11489
4.11489
4.11489
4.11489
4.11489
4.11489
4.11489
4.11489
4.11489
4.11489
4.11489
4.11489
4.11489
4.11489
4.11489
4.11489
4.11489
4.11489
4.11489
4.11489
4.11489
4.11489
4.11489
4.11489
4.11489
4.11489
4.11489
4.11489
4.11489
4.11489
4.11489
4.11489
4.11489
4.11489
4.11489
4.11489
4.11489
4.11489
4.11489
4.11489
4.11489
4.11489
4.11489
4.11489
4.11489
4.11489
4.11489
4.11489
4.11489
4.11489
4.11489
4.11489
4.11489
4.11489
4.11489
4.11489
4.11489
4.11489
4.11489
4.11489
4.11489
4.11489
4.11489
4.11489
4.11489
4.11489
4.11489
4.11489
4.11489
4.11489
4.11489
4.11489
4.11489
4.11489
4.11489
4.11489
4.11489
4.11489
4.11489
4.11489
4.11489
4.11489
4.11489
4.11489
4.11489
4.11489
4.11489
4.11489
4.11489
4.11489
4.11489
4.11489
4.11489
4.11489
4.11489
4.11489
4.11489
4.11489
4.11489
4.11489
4.11489
4.11489
4.11489
4.11489
4.11489
4.11489
4.11489
4.11489
4.11489
4.11489
4.11489
4.11489
4.11489
4.11489
4.11489
4.11489
4.11489
4.11489
4.11489
4.11489
4.11489
4.11489
4.11489
4.11489
4.11489
4.11489
4.11489
4.11489
4.11489
4.11489
4.11489
4.11489
4.11489
4.11489
4.11489
4.11489
4.11489
4.11489
4.11489
4.11489
4.11489
4.11489
4.11489
4.11489
4.11489
4.11489
4.11489
4.11489
4.11489
4.11489
4.11489
4.11489
4.11489
4.11489
4.11489
4.11489
4.11489
4.11489
4.11489
4.11489
4.11489
4.11489
4.11489
4.11489
4.11489
4.11489
4.11489
4.11489
4.11489
4.11489
4.11489
4.11489
4.11489
4.11489
4.11489
4.11489
4.11489
4.11489
4.11489
4.11489
4.11489
4.11489
4.11489
4.11489
4.11489
4.11489
4.11489
4.11489
4.11489
4.11489
4.11489
4.11489
4.11489
4.11489
4.11489
4.11489
4.11489
4.11489
4.11489
4.11489
4.11489
4.11489
4.11489
4.11489
4.11489
4.11489
4.11489
4.11489
4.11489
4.11489
4.11489
4.11489
4.11489
4.11489
4.11489
4.11489
4.11489
4.11489
4.11489
4.11489
4.11489
4.11489
4.11489
4.11489
4.11489
4.11489
4.11489
4.11489
4.11489
4.11489
4.11489
4.11489
4.11489
4.11489
4.11489
4.11489
4.11489
4.11489
4.11489
4.11489
4.11489
4.11489
4.11489
4.11489
4.11489
4.11489
4.11489
4.11489
4.11489
4.11489
4.11489
4.11489
4.11489
4.11489
4.11489
4.11489
4.11489
4.11489
4.11489
4.11489
4.11489
4.11489
4.11489
4.11489
4.11489
4.11489
4.11489
4.11489
4.11489
4.11489
4.11489
4.11489
4.11489
4.11489
4.11489
4.11489
4.11489
4.11489
4.11489
4.11489
4.11489
4.11489
4.11489
4.11489
4.11489
4.11489
4.11489
4.11489
4.11489
4.11489
4.11489
4.11489
4.11489
4.11489
4.11489
4.11489
4.11489
4.11489
4.11489
4.11489
4.11489
4.11489
4.11489
4.11489
4.11489
4.11489
4.11489
4.11489
4.11489
4.11489
4.11489
4.11489
4.11489
4.11489
4.11489
4.11489
4.11489
4.11489
4.11489
4.11489
4.11489
4.11489
4.11489
4.11489
4.11489
4.11489
4.11489
4.11489
4.11489
4.11489
4.11489
4.11489
4.11489
4.11489
4.11489
4.11489
4.11489
4.11489
4.11489
4.11489
4.11489
4.11489
4.11489
4.11489
4.11489
4.11489
4.11489
4.11489
4.11489
4.11489
4.11489
4.11489
4.11489
4.11489
4.11489
4.11489
4.11489
4.11489
4.11489
4.11489
4.11489
4.11489
4.11489
4.11489
4.11489
4.11489
4.11489
4.11489
4.11489
4.11489
4.11489
4.11489
4.11489
4.11489
4.11489
4.11489
4.11489
4.11489
4.11489
4.11489
4.11489
4.11489
4.11489
4.11489
4.11489
4.11489
4.11489
4.11489
4.11489
4.11489
4.11489
4.11489
4.11489
4.11489
4.11489
4.11489
4.11489
4.11489
4.11489
4.11489
4.11489
4.11489
4.11489
4.11489
4.11489
4.11489
4.11489
4.11489
4.11489
4.11489
4.11489
4.11489
4.11489
4.11489
4.11489
4.11489
4.11489
4.11489
4.11489
4.11489
4.11489
4.11489
4.11489
4.11489
4.11489
4.11489
4.11489
4.11489
4.11489
4.11489
4.11489
4.11489
4.11489
4.11489
4.11489
4.11489
4.11489
4.11489
4.11489
4.11489
4.11489
4.11489
4.11489
4.11489
4.11489
4.11489
4.11489
4.11489
4.11489
4.11489
4.11489
4.11489
4.11489
4.11489
4.11489
4.11489
4.11489
4.11489
4.11489
4.11489
4.11489
4.11489
4.11489
4.11489
4.11489
4.11489
4.11489
4.11489
4.11489
4.11489
4.11489
4.11489
4.11489
4.11489
4.11489
4.11489
4.11489
4.11489
4.11489
4.11489
4.11489
4.11489
4.11489
4.11489
4.11489
4.11489
4.11489
4.11489
4.11489
4.11489
4.11489
4.11489
4.11489
4.11489
4.11489
4.11489
4.11489
4.11489
4.11489
4.11489
4.11489
4.11489
4.11489
4.11489
4.11489
4.11489
4.11489
4.11489
4.11489
4.11489
4.11489
4.11489
4.11489
4.11489
4.11489
4.11489
4.11489
4.11489
4.11489
4.11489
4.11489
4.11489
4.11489
4.11489
4.11489
4.11489
4.11489
4.11489
4.11489
4.11489
4.11489
4.11489
4.11489
4.11489
4.11489
4.11489
4.11489
4.11489
4.11489
4.11489
4.11489
4.11489
4.11489
4.11489
4.11489
4.11489
4.11489
4.11489
4.11489
4.11489
4.11489
4.11489
4.11489
4.11489
4.11489
4.11489
4.11489
4.11489
4.11489
4.11489
4.11489
4.11489
4.11489
4.11489
4.11489
4.11489
4.11489
4.11489
4.11489
4.11489
4.11489
4.11489
4.11489
4.11489
4.11489
4.11489
4.11489
4.11489
4.11489
4.11489
4.11489
4.11489
4.11489
4.11489
4.11489
4.11489
4.11489
4.11489
4.11489
4.11489
4.11489
4.11489
4.11489
4.11489
4.11489
4.11489
4.11489
4.11489
4.11489
4.11489
4.11489
4.11489
4.11489
4.11489
4.11489
4.11489
4.11489
4.11489
4.11489
4.11489
4.11489
4.11489
4.11489
4.11489
4.11489
4.11489
4.11489
4.11489
4.11489
4.11489
4.11489
4.11489
4.11489
4.11489
4.11489
4.11489
4.11489
4.11489
4.11489
4.11489
4.11489
4.11489
4.11489
4.11489
4.11489
4.11489
4.11489
4.11489
4.11489
4.11489
4.11489
4.11489
4.11489
4.11489
4.11489
4.11489
4.11489
4.11489
4.11489
4.11489
4.11489
4.11489
4.11489
4.11489
4.11489
4.11489
4.11489
4.11489
4.11489
4.11489
4.11489
4.11489
4.11489
4.11489
4.11489
4.11489
4.11489
4.11489
4.11489
4.11489
4.11489
4.11489
4.11489
4.11489
4.11489
4.11489
4.11489
4.11489
4.11489
4.11489
4.11489
4.11489
4.11489
4.11489
4.11489
4.11489
4.11489
4.11489
4.11489
4.11489
4.11489
4.11489
4.11489
4.11489
4.11489
4.11489
4.11489
4.11489
4.11489
4.11489
4.11489
4.11489
4.11489
4.11489
4.11489
4.11489
4.11489
4.11489
4.11489
4.11489
4.11489
4.11489
4.11489
4.11489
4.11489
4.11489
4.11489
4.11489
4.11489
4.11489
4.11489
4.11489
4.11489
4.11489
4.11489
4.11489
4.11489
4.11489
4.11489
4.11489
4.11489
4.11489
4.11489
4.11489
4.11489
4.11489
4.11489
4.11489
4.11489
4.11489
4.11489
4.11489
4.11489
4.11489
4.11489
4.11489
4.11489
4.11489
4.11489
4.11489
4.11489
4.11489
4.11489
4.11489
4.11489
4.11489
4.11489
4.11489
4.11489
4.11489
4.11489
4.11489
4.11489
4.11489
4.11489
4.11489
4.11489
4.11489
4.11489
4.11489
4.11489
4.11489
4.11489
4.11489
4.11489
4.11489
4.11489
4.11489
4.11489
4.11489
4.11489
4.11489
4.11489
4.11489
4.11489
4.11489
4.11489
4.11489
4.11489
4.11489
4.11489
4.11489
4.11489
4.11489
4.11489
4.11489
4.11489
4.11489
4.11489
4.11489
4.11489
4.11489
4.11489
4.11489
4.11489
4.11489
4.11489
4.11489
4.11489
4.11489
4.11489
4.11489
4.11489
4.11489
4.11489
4.11489
4.11489
4.11489
4.11489
4.11489
4.11489
4.11489
4.11489
4.11489
4.11489
4.11489
4.11489
4.11489
4.11489
4.11489
4.11489
4.11489
4.11489
4.11489
4.11489
4.11489
4.11489
4.11489
4.11489
4.11489
4.11489
4.11489
4.11489
4.11489
4.11489
4.11489
4.11489
4.11489
4.11489
4.11489
4.11489
4.11489
4.11489
4.11489
4.11489
4.11489
4.11489
4.11489
4.11489
4.11489
4.11489
4.11489
4.11489
4.11489
4.11489
4.11489
4.11489
4.11489
4.11489
4.11489
4.11489
4.11489
4.11489
4.11489
4.11489
4.11489
4.11489
4.11489
4.11489
4.11489
4.11489
4.11489
4.11489
4.11489
4.11489
4.11489
4.11489
4.11489
4.11489
4.11489
4.11489
4.11489
4.11489
4.11489
4.11489
4.11489
4.11489
4.11489
4.11489
4.11489
4.11489
4.11489
4.11489
4.11489
4.11489
4.11489
4.11489
4.11489
4.11489
4.11489
4.11489
4.11489
4.11489
4.11489
4.11489
4.11489
4.11489
4.11489
4.11489
4.11489
4.11489
4.11489
4.11489
4.11489
4.11489
4.11489
4.11489
4.11489
4.11489
4.11489
4.11489
4.11489
4.11489
4.11489
4.11489
4.11489
4.11489
4.11489
4.11489
4.11489
4.11489
4.11489
4.11489
4.11489
4.11489
4.11489
4.11489
4.11489
4.11489
4.11489
4.11489
4.11489
4.11489
4.11489
4.11489
4.11489
4.11489
4.11489
4.11489
4.11489
4.11489
4.11489
4.11489
4.11489
4.11489
4.11489
4.11489
4.11489
4.11489
4.11489
4.11489
4.11489
4.11489
4.11489
4.11489
4.11489
4.11489
4.11489
4.11489
4.11489
4.11489
4.11489
4.11489
4.11489
4.11489
4.11489
4.11489
4.11489
4.11489
4.11489
4.11489
4.11489
4.11489
4.11489
4.11489
4.11489
4.11489
4.11489
4.11489
4.11489
4.11489
4.11489
4.11489
4.11489
4.11489
4.11489
4.11489
4.11489
4.11489
4.11489
4.11489
4.11489
4.11489
4.11489
4.11489
4.11489
4.11489
4.11489
4.11489
4.11489
4.11489
4.11489
4.11489
4.11489
4.11489
4.11489
4.11489
4.11489
4.11489
4.11489
4.11489
4.11489
4.11489
4.11489
4.11489
4.11489
4.11489
4.11489
4.11489
4.11489
4.11489
4.11489
4.11489
4.11489
4.11489
4.11489
4.11489
4.11489
4.11489
4.11489
4.11489
4.11489
4.11489
4.11489
4.11489
4.11489
4.11489
4.11489
4.11489
4.11489
4.11489
4.11489
4.11489
4.11489
4.11489
4.11489
4.11489
4.11489
4.11489
4.11489
4.11489
4.11489
4.11489
4.11489
4.11489
4.11489
4.11489
4.11489
4.11489
4.11489
4.11489
4.11489
4.11489
4.11489
4.11489
4.11489
4.11489
4.11489
4.11489
4.11489
4.11489
4.11489
4.11489
4.11489
4.11489
4.11489
4.11489
4.11489
4.11489
4.11489
4.11489
4.11489
4.11489
4.11489
4.11489
4.11489
4.11489
4.11489
4.11489
4.11489
4.11489
4.11489
4.11489
4.11489
4.11489
4.11489
4.11489
4.11489
4.11489
4.11489
4.11489
4.11489
4.11489
4.11489
4.11489
4.11489
4.11489
4.11489
4.11489
4.11489
4.11489
4.11489
4.11489
4.11489
4.11489
4.11489
4.11489
4.11489
4.11489
4.11489
4.11489
4.11489
4.11489
4.11489
4.11489
4.11489
4.11489
4.11489
4.11489
4.11489
4.11489
4.11489
4.11489
4.11489
4.11489
4.11489
4.11489
4.11489
4.11489
4.11489
4.11489
4.11489
4.11489
4.11489
4.11489
4.11489
4.11489
4.11489
4.11489
4.11489
4.11489
4.11489
4.11489
4.11489
4.11489
4.11489
4.11489
4.11489
4.11489
4.11489
4.11489
4.11489
4.11489
4.11489
4.11489
4.11489
4.11489
4.11489
4.11489
