52907.2
52907.2
43146
41690.7
35615.7
28844.8
28747.4
28747.4
26551.7
24618.5
18580.1
16697.7
16697.7
16697.7
14726.1
14726.1
13910.6
11443.2
8051.03
8051.03
8051.03
7917.33
7097.25
6850.41
6196.32
4865.82
4865.82
4865.82
4232.06
3765.07
3765.07
3291.83
2546.55
1740.43
1740.43
1740.43
1643.59
1527.25
1264.86
1264.86
1063.08
1063.08
994.054
990.383
876.695
772.565
692.22
628.563
618.998
589.023
589.023
507.943
507.943
459.057
355.357
341.461
341.461
330.34
273.265
254.405
199.783
158.021
149.591
149.591
149.591
126.158
126.158
112.829
104.731
90.6894
90.6894
85.7942
75.3056
61.3839
61.3839
51.7548
41.2771
41.2771
41.2771
39.2207
35.0898
33.4762
28.6059
28.6059
28.2164
22.1856
22.1856
18.2469
18.2469
16.5066
16.5066
14.6531
10.9573
10.9573
10.2317
9.29911
7.01939
6.82905
5.77977
5.77977
5.49855
3.80737
3.66267
2.99829
2.99829
2.99075
2.09738
2.09738
1.73634
1.73634
1.73634
1.73634
1.73634
1.46023
1.46023
1.07594
1.07594
1.07136
0.928266
0.928266
0.928266
0.864371
0.665546
0.665452
0.665452
0.665452
0.561802
0.561802
0.411929
0.411929
0.403533
0.370361
0.338958
0.338958
0.331372
0.258877
0.22776
0.178626
0.178626
0.178626
0.178626
0.175805
0.163376
0.0956694
0.0956694
0.0956694
0.0864145
0.0864145
0.0692622
0.0682766
0.0601722
0.0595944
0.0546048
0.0471419
0.0451443
0.0348425
0.0348425
0.031222
0.031222
0.0282337
0.0282337
0.0273695
0.0242431
0.0242431
0.021135
0.021135
0.018354
0.0179041
0.0166024
0.0144137
0.0144137
0.0131679
0.0109191
0.0109191
0.0105132
0.00925169
0.00925169
0.00925169
0.00827876
0.00827876
0.00808224
0.00714646
0.00520666
0.00520666
0.00520666
0.00455808
0.00353929
0.00269448
0.00269448
0.00260902
0.00259492
0.00204806
0.00204806
0.00187091
0.00182888
0.00172613
0.00168869
0.00119331
0.000790088
0.000790088
0.000790088
0.000790088
0.000643922
0.000643922
0.000590523
0.000590523
0.000435249
0.000435249
0.000266361
0.000266361
0.000266361
0.000266361
0.000266361
0.000266361
0.000232885
0.000219296
0.000216703
0.000167094
0.000167094
0.000149641
0.00014756
0.000106906
8.09267e-005
7.39041e-005
7.39041e-005
7.39041e-005
5.63094e-005
5.52785e-005
5.52785e-005
5.52785e-005
4.46643e-005
4.16932e-005
3.6441e-005
3.59046e-005
3.59046e-005
2.64109e-005
2.0539e-005
1.84104e-005
1.84104e-005
1.84104e-005
1.84104e-005
1.51823e-005
1.3403e-005
1.2809e-005
1.2809e-005
1.2809e-005
1.2809e-005
1.23286e-005
1.15328e-005
1.02309e-005
1.02309e-005
8.81885e-006
8.11257e-006
8.11257e-006
8.01187e-006
6.73467e-006
6.73467e-006
6.73467e-006
6.73467e-006
4.21573e-006
4.21573e-006
4.21573e-006
4.21573e-006
4.21573e-006
3.8188e-006
3.33064e-006
2.51358e-006
1.63594e-006
1.63594e-006
1.63594e-006
1.63594e-006
1.63594e-006
1.32285e-006
9.87458e-007
8.53946e-007
8.53946e-007
8.53946e-007
8.53946e-007
5.93647e-007
5.93647e-007
5.93647e-007
5.07842e-007
4.86267e-007
4.86267e-007
4.86267e-007
4.86267e-007
4.03921e-007
3.69169e-007
3.26288e-007
2.44674e-007
2.44674e-007
2.44674e-007
2.06908e-007
2.04465e-007
2.04465e-007
2.03019e-007
1.537e-007
1.537e-007
1.537e-007
1.2692e-007
1.2692e-007
1.14647e-007
1.12804e-007
1.06471e-007
1.05689e-007
7.85423e-008
7.85423e-008
7.85423e-008
7.85423e-008
7.12729e-008
7.12729e-008
6.08676e-008
5.12008e-008
5.12008e-008
4.64127e-008
4.51004e-008
4.32975e-008
3.33233e-008
3.33233e-008
3.33233e-008
3.33233e-008
2.80353e-008
2.80353e-008
2.80353e-008
2.80353e-008
2.61563e-008
2.61563e-008
2.52189e-008
1.81148e-008
1.81148e-008
1.79733e-008
1.79733e-008
1.79419e-008
1.79401e-008
1.59357e-008
1.47918e-008
1.47918e-008
1.47918e-008
1.35349e-008
1.12823e-008
1.10096e-008
1.08686e-008
8.95415e-009
7.55241e-009
6.82548e-009
6.43632e-009
5.37761e-009
5.37761e-009
5.37761e-009
4.3344e-009
4.11296e-009
3.18323e-009
3.18323e-009
3.18323e-009
2.56031e-009
2.56031e-009
2.56031e-009
2.40065e-009
2.28675e-009
2.28675e-009
2.27897e-009
1.58014e-009
1.58014e-009
1.48902e-009
1.39737e-009
1.35982e-009
1.08428e-009
1.04644e-009
1.04644e-009
1.04644e-009
8.0769e-010
6.53997e-010
5.76362e-010
4.74396e-010
4.74396e-010
4.74396e-010
3.94742e-010
3.55212e-010
3.55212e-010
3.07613e-010
3.07613e-010
3.00381e-010
2.92209e-010
2.83963e-010
1.97516e-010
1.87869e-010
1.70939e-010
1.50811e-010
1.28544e-010
1.21784e-010
8.31266e-011
8.31266e-011
8.28224e-011
7.4334e-011
7.09843e-011
6.53753e-011
6.53753e-011
5.69446e-011
4.89022e-011
4.89022e-011
4.32664e-011
3.92242e-011
2.9279e-011
2.9279e-011
2.40119e-011
2.40119e-011
2.40119e-011
2.40119e-011
2.40119e-011
2.06339e-011
1.83972e-011
1.47492e-011
1.17402e-011
1.17402e-011
1.08127e-011
1.03027e-011
1.03027e-011
1.03027e-011
1.00295e-011
9.7202e-012
8.61368e-012
8.02201e-012
6.7155e-012
6.7155e-012
6.7155e-012
4.7085e-012
4.7085e-012
3.78622e-012
2.54669e-012
2.54669e-012
2.41758e-012
2.41758e-012
2.41758e-012
2.41758e-012
2.22626e-012
1.96785e-012
1.96785e-012
1.33945e-012
1.33945e-012
1.30628e-012
1.25002e-012
1.1042e-012
1.1042e-012
9.79572e-013
9.73723e-013
9.73723e-013
7.30917e-013
7.30917e-013
6.94849e-013
5.40108e-013
4.75286e-013
4.75286e-013
4.73809e-013
4.04253e-013
4.04253e-013
4.04253e-013
4.04253e-013
4.04253e-013
3.34444e-013
2.41063e-013
2.41063e-013
1.95636e-013
1.95636e-013
1.76866e-013
1.71757e-013
1.64566e-013
1.60005e-013
1.46753e-013
1.31018e-013
1.28242e-013
1.23951e-013
1.14052e-013
8.62014e-014
8.62014e-014
7.67297e-014
5.9772e-014
5.9772e-014
5.9772e-014
5.9772e-014
5.86731e-014
3.8834e-014
2.87216e-014
2.87216e-014
2.64738e-014
2.45787e-014
2.39786e-014
2.00381e-014
1.98306e-014
1.98306e-014
1.50217e-014
1.21588e-014
1.21588e-014
1.03222e-014
1.02875e-014
7.48958e-015
6.70364e-015
6.70364e-015
6.70364e-015
6.44889e-015
6.44889e-015
6.44889e-015
5.71461e-015
4.69776e-015
4.5026e-015
4.04768e-015
3.8428e-015
3.53909e-015
3.345e-015
3.25088e-015
3.04226e-015
2.19354e-015
2.19354e-015
2.19354e-015
1.76931e-015
1.76931e-015
1.48061e-015
1.48061e-015
1.18677e-015
9.83773e-016
9.83773e-016
8.83611e-016
6.95566e-016
6.95566e-016
6.95566e-016
6.1767e-016
6.17522e-016
4.98654e-016
4.25661e-016
3.47336e-016
3.45931e-016
3.45931e-016
2.48572e-016
2.48572e-016
2.48572e-016
2.48572e-016
2.48572e-016
2.41282e-016
2.27404e-016
2.27404e-016
1.91734e-016
1.91734e-016
1.75764e-016
1.36129e-016
1.36129e-016
9.78076e-017
9.78076e-017
9.78076e-017
9.78076e-017
9.78076e-017
8.63832e-017
8.63832e-017
7.38864e-017
7.38864e-017
6.32035e-017
5.77929e-017
5.74612e-017
5.13389e-017
4.70419e-017
4.10657e-017
4.10657e-017
4.08163e-017
3.48667e-017
3.48667e-017
2.90993e-017
2.90993e-017
2.84543e-017
2.64975e-017
2.17095e-017
1.91578e-017
1.91578e-017
1.5914e-017
1.5914e-017
1.29309e-017
1.24859e-017
1.24859e-017
1.08449e-017
8.62313e-018
8.62313e-018
6.89366e-018
6.89366e-018
5.31168e-018
5.19886e-018
5.19886e-018
4.46113e-018
4.46113e-018
4.46113e-018
3.25731e-018
3.25731e-018
3.18961e-018
3.18961e-018
3.11492e-018
3.07106e-018
2.72947e-018
2.26571e-018
1.53457e-018
1.53457e-018
1.53457e-018
1.53457e-018
1.53457e-018
1.46551e-018
1.39241e-018
1.16382e-018
1.13554e-018
1.10956e-018
7.95092e-019
6.98911e-019
6.98911e-019
6.2662e-019
5.65985e-019
3.8913e-019
3.8913e-019
3.43411e-019
3.39386e-019
3.39386e-019
2.94695e-019
2.55797e-019
2.49446e-019
2.27499e-019
2.23776e-019
2.1574e-019
2.11332e-019
2.11332e-019
2.01213e-019
1.70836e-019
1.53339e-019
1.53339e-019
1.50535e-019
1.42325e-019
1.33183e-019
1.30175e-019
1.20906e-019
1.18422e-019
1.04351e-019
1.04351e-019
9.12567e-020
8.58964e-020
7.70971e-020
6.71457e-020
6.71457e-020
6.71457e-020
6.05446e-020
6.05446e-020
5.50578e-020
5.21082e-020
5.10032e-020
4.73157e-020
4.63173e-020
4.39929e-020
3.74102e-020
3.57744e-020
3.57744e-020
3.25843e-020
2.76628e-020
2.38353e-020
2.38353e-020
1.97689e-020
1.95781e-020
1.75458e-020
1.45194e-020
1.02769e-020
9.35527e-021
9.35527e-021
6.79195e-021
5.35499e-021
5.35499e-021
5.26007e-021
4.7131e-021
4.7131e-021
4.65032e-021
3.07424e-021
3.07424e-021
3.07424e-021
3.03469e-021
3.03469e-021
2.90267e-021
2.71572e-021
1.74542e-021
1.74542e-021
1.67116e-021
1.67116e-021
1.59452e-021
1.59452e-021
1.36934e-021
1.17603e-021
1.07487e-021
1.05139e-021
1.05139e-021
1.05139e-021
9.31428e-022
7.74101e-022
7.12485e-022
5.68244e-022
5.68244e-022
5.14494e-022
5.14494e-022
4.11477e-022
4.11477e-022
4.04497e-022
3.45414e-022
3.45414e-022
3.30737e-022
3.25907e-022
2.94804e-022
2.94804e-022
2.54906e-022
2.30592e-022
2.30592e-022
2.30592e-022
1.64268e-022
1.59426e-022
1.42207e-022
1.42207e-022
9.86819e-023
9.86819e-023
9.86819e-023
9.86819e-023
8.15702e-023
8.15702e-023
8.15702e-023
7.26308e-023
7.00643e-023
5.92369e-023
5.0138e-023
5.0138e-023
3.94988e-023
3.54881e-023
3.36541e-023
2.88487e-023
2.12041e-023
2.12041e-023
2.07619e-023
1.71404e-023
1.63469e-023
1.63469e-023
1.13152e-023
1.13152e-023
1.08338e-023
1.08338e-023
1.08338e-023
1.03882e-023
9.23024e-024
8.83128e-024
8.83128e-024
6.83391e-024
6.63086e-024
6.37884e-024
5.67144e-024
4.80092e-024
4.37562e-024
4.37562e-024
3.68094e-024
3.23233e-024
2.51793e-024
2.51793e-024
2.51793e-024
2.20501e-024
2.20501e-024
2.20501e-024
2.20501e-024
2.20501e-024
1.95098e-024
1.75218e-024
1.75218e-024
1.32736e-024
1.32736e-024
1.30077e-024
1.24612e-024
9.82849e-025
9.60192e-025
7.71251e-025
7.36644e-025
6.16383e-025
6.16383e-025
5.28997e-025
4.23496e-025
4.23496e-025
4.23496e-025
3.07568e-025
3.07568e-025
3.07568e-025
3.05664e-025
2.69016e-025
2.16677e-025
2.12396e-025
1.79658e-025
1.69918e-025
1.69918e-025
1.16392e-025
1.07966e-025
1.07966e-025
9.88731e-026
9.30822e-026
9.30822e-026
9.30822e-026
7.82469e-026
7.65076e-026
6.34224e-026
6.17456e-026
6.13406e-026
6.13406e-026
4.42216e-026
4.42216e-026
3.8312e-026
3.8312e-026
3.29013e-026
3.29013e-026
3.04926e-026
3.04926e-026
2.64269e-026
2.64269e-026
2.24071e-026
1.88564e-026
1.88564e-026
1.78562e-026
1.71375e-026
1.55681e-026
1.15997e-026
1.15997e-026
1.15997e-026
1.05882e-026
9.43259e-027
8.02699e-027
8.02699e-027
7.49263e-027
7.21856e-027
6.39734e-027
5.8407e-027
4.61342e-027
4.15037e-027
4.15037e-027
4.10021e-027
3.98537e-027
3.81588e-027
3.33753e-027
2.81722e-027
2.81722e-027
2.30049e-027
2.30049e-027
2.30049e-027
2.21087e-027
2.05606e-027
1.39161e-027
1.39161e-027
1.16182e-027
1.12366e-027
1.07187e-027
7.88077e-028
6.88395e-028
6.38254e-028
6.38254e-028
6.38254e-028
6.00204e-028
5.90762e-028
5.37434e-028
5.37434e-028
4.46858e-028
4.46858e-028
3.94708e-028
3.44982e-028
3.14678e-028
3.14678e-028
2.8523e-028
2.32565e-028
2.25292e-028
2.25292e-028
2.25292e-028
2.18071e-028
2.02888e-028
1.98277e-028
1.90264e-028
1.78684e-028
1.69281e-028
1.28844e-028
1.25118e-028
1.25118e-028
1.23796e-028
8.60317e-029
8.60317e-029
6.7083e-029
6.65852e-029
5.5473e-029
5.5473e-029
4.40161e-029
4.40161e-029
4.28079e-029
3.85514e-029
3.85514e-029
3.30864e-029
3.30864e-029
2.90352e-029
2.68469e-029
2.68469e-029
2.68469e-029
2.51243e-029
2.34679e-029
1.86794e-029
1.67235e-029
1.25074e-029
1.05376e-029
1.05376e-029
1.05376e-029
1.05376e-029
7.99169e-030
7.99169e-030
7.99169e-030
5.90315e-030
5.90315e-030
5.30719e-030
5.28263e-030
4.92031e-030
4.92031e-030
4.36645e-030
4.0699e-030
4.0699e-030
3.64032e-030
3.64032e-030
3.21241e-030
2.87038e-030
2.87038e-030
2.29405e-030
2.29405e-030
2.29405e-030
2.14719e-030
1.74531e-030
1.68902e-030
1.68902e-030
1.68902e-030
1.52023e-030
1.52023e-030
1.33777e-030
1.23397e-030
1.11739e-030
1.09879e-030
9.30068e-031
9.30068e-031
8.56201e-031
7.4847e-031
7.34555e-031
5.61811e-031
4.84143e-031
4.84143e-031
4.84143e-031
4.50123e-031
4.37225e-031
4.37225e-031
3.11447e-031
2.87196e-031
2.87196e-031
2.72668e-031
2.72668e-031
2.34673e-031
1.81442e-031
1.65365e-031
1.31584e-031
1.31584e-031
1.25434e-031
1.17559e-031
8.92475e-032
8.92475e-032
8.6105e-032
8.6105e-032
5.5306e-032
5.5306e-032
5.5306e-032
4.96583e-032
4.91865e-032
3.17667e-032
2.82997e-032
2.82997e-032
2.82997e-032
2.26016e-032
2.26016e-032
2.26016e-032
2.26016e-032
2.00137e-032
1.8425e-032
1.34936e-032
1.34936e-032
1.34936e-032
1.34936e-032
1.14023e-032
1.14023e-032
1.0925e-032
1.05099e-032
9.55567e-033
8.40886e-033
7.55187e-033
6.67372e-033
6.43478e-033
6.43478e-033
5.41659e-033
4.93713e-033
4.70766e-033
4.60398e-033
3.39073e-033
2.95175e-033
2.95175e-033
2.42718e-033
2.42718e-033
1.8212e-033
1.8212e-033
1.64539e-033
1.54489e-033
1.51069e-033
1.51069e-033
1.20562e-033
1.11476e-033
1.11476e-033
1.02995e-033
8.75126e-034
6.98053e-034
6.61794e-034
5.14708e-034
4.66633e-034
4.66633e-034
4.43078e-034
3.33235e-034
3.33235e-034
3.04073e-034
3.04073e-034
2.39399e-034
1.96025e-034
1.96025e-034
1.69557e-034
1.66489e-034
1.50331e-034
1.41984e-034
1.41984e-034
1.1353e-034
1.1353e-034
8.48054e-035
8.48054e-035
6.97689e-035
6.97689e-035
6.97689e-035
6.97689e-035
4.75668e-035
4.37053e-035
4.37053e-035
3.82598e-035
3.73293e-035
3.02153e-035
3.0062e-035
2.94086e-035
2.7436e-035
2.16091e-035
2.16091e-035
2.16091e-035
2.1269e-035
1.48638e-035
1.48638e-035
1.42426e-035
1.23224e-035
1.23224e-035
1.1984e-035
9.06294e-036
6.75478e-036
6.75478e-036
5.89647e-036
5.89647e-036
5.89647e-036
5.89647e-036
4.9437e-036
4.61225e-036
4.32847e-036
4.32847e-036
3.08664e-036
3.04757e-036
2.75923e-036
2.5364e-036
2.16193e-036
1.99255e-036
1.65161e-036
1.43943e-036
1.43943e-036
1.43943e-036
1.43943e-036
1.00546e-036
1.00546e-036
9.46644e-037
8.23642e-037
7.57506e-037
7.57506e-037
7.01385e-037
5.72612e-037
5.72612e-037
4.04883e-037
3.71464e-037
3.71464e-037
3.71464e-037
3.67539e-037
3.6126e-037
2.88386e-037
2.35543e-037
2.35543e-037
1.98652e-037
1.84316e-037
1.2358e-037
9.66763e-038
9.66763e-038
9.66763e-038
9.40477e-038
7.82483e-038
6.97561e-038
6.10304e-038
6.01559e-038
6.01559e-038
5.89496e-038
5.74182e-038
4.76225e-038
4.76225e-038
3.19958e-038
3.18164e-038
2.77805e-038
2.71357e-038
2.71357e-038
2.71357e-038
2.71357e-038
1.84807e-038
1.74554e-038
1.74554e-038
1.58994e-038
1.19233e-038
1.19233e-038
1.16469e-038
1.16469e-038
9.24792e-039
6.28737e-039
6.28737e-039
6.28737e-039
6.28737e-039
6.28737e-039
5.25614e-039
4.50997e-039
4.33254e-039
4.33254e-039
4.2401e-039
3.38673e-039
2.91758e-039
2.67737e-039
2.59237e-039
2.59237e-039
2.31835e-039
2.26883e-039
1.99124e-039
1.62596e-039
1.62596e-039
1.58136e-039
1.48248e-039
1.28266e-039
1.28266e-039
1.06659e-039
1.06659e-039
8.3713e-040
8.3713e-040
7.33015e-040
7.33015e-040
6.69697e-040
6.34696e-040
6.34696e-040
5.70232e-040
5.2699e-040
5.09968e-040
4.71978e-040
3.90968e-040
3.90968e-040
3.55582e-040
3.23002e-040
2.50119e-040
2.50119e-040
2.50119e-040
2.08713e-040
2.08713e-040
2.08713e-040
1.81049e-040
1.67423e-040
1.5345e-040
1.3509e-040
1.07884e-040
1.07884e-040
9.11173e-041
7.05904e-041
7.017e-041
6.96217e-041
6.66098e-041
5.95633e-041
5.95633e-041
4.85022e-041
4.32146e-041
4.32146e-041
4.01576e-041
3.95802e-041
2.8051e-041
2.78798e-041
2.78798e-041
2.6262e-041
2.38536e-041
2.28119e-041
1.94461e-041
1.87353e-041
1.67935e-041
1.52756e-041
1.27264e-041
1.18652e-041
1.17045e-041
9.04173e-042
9.04173e-042
8.7639e-042
7.45015e-042
7.25271e-042
6.61059e-042
6.30274e-042
5.98109e-042
5.36186e-042
5.36186e-042
4.39408e-042
3.57243e-042
3.57243e-042
2.60349e-042
2.60349e-042
2.60349e-042
2.52435e-042
2.20815e-042
2.20815e-042
2.10054e-042
1.63649e-042
1.63649e-042
1.4539e-042
1.4539e-042
1.19851e-042
1.17282e-042
1.15424e-042
1.03511e-042
9.12598e-043
8.69632e-043
6.55323e-043
6.38437e-043
6.38437e-043
5.49786e-043
5.49786e-043
5.1463e-043
4.18044e-043
4.0913e-043
3.75591e-043
2.99956e-043
2.99956e-043
2.99956e-043
2.85011e-043
2.53482e-043
2.53482e-043
2.53482e-043
2.19174e-043
1.57487e-043
1.4584e-043
1.3888e-043
1.3888e-043
1.3888e-043
1.3888e-043
1.32843e-043
1.21485e-043
1.14238e-043
1.06257e-043
8.2537e-044
6.91241e-044
5.67879e-044
4.92322e-044
4.92322e-044
4.92322e-044
3.47893e-044
3.47893e-044
3.20972e-044
2.76287e-044
2.69231e-044
2.69231e-044
2.32284e-044
2.32284e-044
2.1699e-044
1.8339e-044
1.65756e-044
1.51087e-044
1.39639e-044
1.39639e-044
1.32084e-044
1.00546e-044
8.27002e-045
8.27002e-045
7.42959e-045
5.7959e-045
5.18471e-045
4.7891e-045
4.31738e-045
4.23858e-045
3.79848e-045
3.79848e-045
3.6957e-045
3.34412e-045
3.14018e-045
3.14018e-045
2.36892e-045
2.36892e-045
2.36892e-045
2.1367e-045
2.1367e-045
1.74304e-045
1.28027e-045
1.24556e-045
9.93067e-046
9.93067e-046
9.93067e-046
9.7527e-046
9.7527e-046
9.7527e-046
9.7527e-046
8.55816e-046
8.55816e-046
8.55816e-046
8.23898e-046
7.49816e-046
6.10555e-046
6.10555e-046
6.10555e-046
5.81818e-046
5.3792e-046
4.00656e-046
3.87888e-046
3.51195e-046
3.34363e-046
3.19741e-046
2.9646e-046
2.9646e-046
2.84866e-046
2.4157e-046
2.34834e-046
2.20703e-046
2.14188e-046
1.69514e-046
1.51091e-046
1.5009e-046
1.39717e-046
1.31326e-046
1.25475e-046
1.25475e-046
1.16519e-046
1.04551e-046
1.04551e-046
9.00706e-047
9.00706e-047
7.7679e-047
7.7679e-047
7.2384e-047
6.28866e-047
5.3837e-047
4.35738e-047
4.35738e-047
4.35738e-047
4.35738e-047
3.92175e-047
3.72411e-047
3.72096e-047
3.2844e-047
2.933e-047
2.85442e-047
2.76676e-047
2.36354e-047
2.26649e-047
2.06017e-047
1.8163e-047
1.53962e-047
1.50818e-047
1.43876e-047
1.21544e-047
1.21544e-047
1.21544e-047
9.27124e-048
9.27124e-048
7.26458e-048
6.64512e-048
6.64512e-048
5.50973e-048
5.24848e-048
5.24848e-048
4.97375e-048
3.62412e-048
3.62412e-048
2.98445e-048
2.98445e-048
2.98445e-048
2.91098e-048
2.86223e-048
2.86223e-048
2.81857e-048
2.1754e-048
2.1754e-048
2.01398e-048
2.01398e-048
1.94561e-048
1.84549e-048
1.26835e-048
1.24778e-048
1.03759e-048
1.0375e-048
1.0375e-048
1.0375e-048
8.97946e-049
6.92591e-049
6.92591e-049
6.18076e-049
5.49675e-049
5.06659e-049
4.02728e-049
3.72501e-049
3.67476e-049
3.67476e-049
3.67476e-049
2.9146e-049
2.80005e-049
2.1171e-049
1.95077e-049
1.85775e-049
1.58646e-049
1.58646e-049
1.58646e-049
1.5157e-049
1.1314e-049
1.05722e-049
1.05722e-049
9.34329e-050
8.1129e-050
7.57622e-050
7.57622e-050
6.19596e-050
5.86055e-050
5.34296e-050
4.91372e-050
4.22378e-050
3.64387e-050
3.64387e-050
3.01483e-050
3.01483e-050
2.54266e-050
2.35976e-050
2.35976e-050
2.35976e-050
2.35976e-050
1.70412e-050
1.70412e-050
1.51827e-050
1.46685e-050
1.39695e-050
1.2878e-050
8.85249e-051
8.85249e-051
8.85249e-051
7.41557e-051
7.41557e-051
7.41557e-051
7.10158e-051
7.10158e-051
5.53072e-051
4.90255e-051
4.62042e-051
3.87419e-051
3.87419e-051
3.47554e-051
3.37608e-051
2.8275e-051
2.8275e-051
2.65804e-051
2.65804e-051
2.25555e-051
1.99542e-051
1.88866e-051
1.5003e-051
1.34973e-051
1.34973e-051
1.31935e-051
1.28588e-051
1.23428e-051
1.09166e-051
9.03484e-052
8.93431e-052
7.53579e-052
5.87242e-052
5.52184e-052
5.52184e-052
4.76934e-052
4.76934e-052
4.76934e-052
4.62611e-052
4.42374e-052
4.42374e-052
3.40712e-052
3.35383e-052
2.46471e-052
2.46471e-052
2.21506e-052
2.21506e-052
1.92504e-052
1.4749e-052
1.42315e-052
1.18755e-052
8.52187e-053
8.52187e-053
8.52187e-053
8.52187e-053
7.97148e-053
6.29998e-053
6.29998e-053
6.13201e-053
4.95782e-053
4.63325e-053
4.54597e-053
4.0136e-053
3.371e-053
3.36757e-053
2.2313e-053
2.2313e-053
1.96862e-053
1.95797e-053
1.95797e-053
1.95797e-053
1.522e-053
1.41277e-053
1.24474e-053
1.12197e-053
9.20178e-054
7.09685e-054
6.47098e-054
5.55634e-054
5.55634e-054
5.39266e-054
4.86696e-054
4.30083e-054
3.41422e-054
3.39393e-054
2.52494e-054
2.52494e-054
2.35621e-054
2.35621e-054
1.98701e-054
1.98701e-054
1.78365e-054
1.74338e-054
1.48208e-054
1.44357e-054
1.34752e-054
1.29751e-054
1.08971e-054
9.52084e-055
9.2047e-055
7.92337e-055
7.92337e-055
7.92337e-055
7.41996e-055
7.41996e-055
6.64865e-055
6.1576e-055
6.1576e-055
5.66277e-055
4.25117e-055
4.25117e-055
4.25117e-055
3.64999e-055
3.64999e-055
3.13432e-055
3.13432e-055
3.0674e-055
2.75654e-055
2.63662e-055
2.41243e-055
2.21896e-055
2.19588e-055
1.63746e-055
1.60554e-055
1.56919e-055
1.44471e-055
1.44471e-055
1.34388e-055
1.13265e-055
1.13265e-055
9.85721e-056
9.85721e-056
9.1572e-056
7.90283e-056
7.82259e-056
7.82259e-056
7.28144e-056
6.11588e-056
5.77825e-056
5.77825e-056
5.36431e-056
4.64463e-056
4.25071e-056
4.25071e-056
3.69871e-056
3.2306e-056
2.92914e-056
2.52889e-056
2.10358e-056
1.97979e-056
1.97979e-056
1.64239e-056
1.64239e-056
1.64239e-056
1.64239e-056
1.60411e-056
1.23756e-056
1.23756e-056
1.23756e-056
1.14076e-056
1.14076e-056
1.02628e-056
9.74408e-057
9.6955e-057
9.36909e-057
9.29976e-057
8.78212e-057
8.24209e-057
8.24209e-057
7.56782e-057
7.39542e-057
7.06015e-057
7.06015e-057
6.59539e-057
5.95563e-057
5.95563e-057
5.86658e-057
5.00879e-057
5.00879e-057
4.60283e-057
3.28833e-057
2.88419e-057
2.75811e-057
2.54237e-057
2.38178e-057
2.32738e-057
2.12565e-057
2.0338e-057
1.78478e-057
1.41433e-057
1.20696e-057
1.18973e-057
1.05432e-057
8.49282e-058
8.29587e-058
8.25965e-058
8.25965e-058
6.89557e-058
6.83404e-058
6.62979e-058
5.92388e-058
4.99513e-058
4.53493e-058
4.53493e-058
4.25661e-058
4.25661e-058
3.39598e-058
3.27164e-058
2.87848e-058
2.87848e-058
2.87848e-058
2.87848e-058
2.48516e-058
2.48516e-058
2.06286e-058
2.06286e-058
2.04537e-058
1.93628e-058
1.93628e-058
1.89889e-058
1.79874e-058
1.79874e-058
1.51735e-058
1.51735e-058
1.23066e-058
1.23066e-058
1.23066e-058
1.22698e-058
1.22648e-058
1.20908e-058
1.15552e-058
1.15552e-058
1.09342e-058
1.08752e-058
1.04485e-058
1.02514e-058
1.01133e-058
9.01874e-059
8.99239e-059
8.98374e-059
6.71001e-059
6.38031e-059
5.26774e-059
3.94065e-059
3.35755e-059
3.05325e-059
2.53582e-059
2.49368e-059
2.03295e-059
1.90639e-059
1.90639e-059
1.75083e-059
1.75083e-059
1.18754e-059
1.18754e-059
1.13191e-059
1.036e-059
9.30738e-060
9.20525e-060
8.94041e-060
7.92399e-060
6.67165e-060
6.54754e-060
6.54754e-060
4.74879e-060
4.74879e-060
4.74879e-060
4.10168e-060
4.10168e-060
3.86744e-060
3.86744e-060
3.86607e-060
3.52465e-060
3.04801e-060
2.93522e-060
2.42047e-060
2.15875e-060
1.88489e-060
1.56824e-060
1.56824e-060
1.56824e-060
1.56824e-060
1.51507e-060
1.41587e-060
1.34405e-060
1.14941e-060
1.00155e-060
7.85668e-061
7.14892e-061
7.14892e-061
5.93774e-061
5.93774e-061
5.81853e-061
5.81853e-061
5.41158e-061
5.17626e-061
4.76125e-061
4.49489e-061
4.1958e-061
3.67281e-061
3.67281e-061
3.67281e-061
3.48438e-061
3.17459e-061
3.17459e-061
2.58292e-061
2.52287e-061
2.4912e-061
2.38093e-061
2.26633e-061
2.24285e-061
2.10433e-061
1.73606e-061
1.73606e-061
1.51309e-061
1.51309e-061
1.51309e-061
1.34506e-061
1.29103e-061
1.21229e-061
1.08109e-061
1.03752e-061
8.33539e-062
5.70475e-062
5.70475e-062
5.59883e-062
5.59883e-062
5.54851e-062
4.88881e-062
4.53971e-062
3.6235e-062
3.6235e-062
3.6235e-062
3.26798e-062
3.2303e-062
3.09171e-062
2.651e-062
2.27915e-062
2.27915e-062
2.26153e-062
1.97819e-062
1.68476e-062
1.62027e-062
1.40985e-062
1.21787e-062
1.20052e-062
1.10037e-062
1.07885e-062
1.01438e-062
9.37377e-063
9.2758e-063
8.76393e-063
7.88335e-063
7.46918e-063
6.58709e-063
6.58709e-063
6.29172e-063
5.4134e-063
5.4134e-063
4.8984e-063
4.8984e-063
4.30021e-063
3.81636e-063
3.66768e-063
3.52421e-063
3.32881e-063
2.64421e-063
2.29512e-063
1.90453e-063
1.46596e-063
1.46596e-063
1.46596e-063
1.27891e-063
9.96939e-064
6.91936e-064
6.91936e-064
6.91936e-064
6.91936e-064
6.5132e-064
6.5132e-064
5.48397e-064
5.43554e-064
4.41995e-064
4.41995e-064
4.26376e-064
3.77063e-064
3.6867e-064
2.65914e-064
2.65914e-064
2.65914e-064
2.65914e-064
2.56297e-064
1.96103e-064
1.96103e-064
1.9306e-064
1.76761e-064
1.56464e-064
1.49818e-064
1.01806e-064
1.01806e-064
1.01806e-064
1.01806e-064
1.01806e-064
9.23343e-065
9.23343e-065
8.84578e-065
6.87167e-065
5.69305e-065
5.49991e-065
4.5602e-065
3.63776e-065
3.49243e-065
3.27036e-065
3.01462e-065
2.93186e-065
2.3458e-065
1.98452e-065
1.9001e-065
1.66427e-065
1.5813e-065
1.25099e-065
1.21946e-065
1.21946e-065
1.208e-065
1.10846e-065
8.24874e-066
8.24874e-066
7.43887e-066
6.53967e-066
6.53967e-066
5.96166e-066
5.32353e-066
4.47188e-066
4.11964e-066
3.91089e-066
3.91089e-066
3.70798e-066
3.70798e-066
3.30783e-066
3.30783e-066
3.12361e-066
2.79609e-066
2.79609e-066
2.37033e-066
2.37033e-066
2.15889e-066
2.15889e-066
2.01508e-066
1.78398e-066
1.78398e-066
1.77234e-066
1.51582e-066
1.42326e-066
1.24888e-066
1.12263e-066
1.12263e-066
1.06691e-066
1.06691e-066
1.01066e-066
9.59567e-067
7.2045e-067
7.06672e-067
6.74733e-067
5.91331e-067
5.40236e-067
4.47286e-067
4.47286e-067
4.47286e-067
3.38732e-067
3.38732e-067
3.1087e-067
2.91379e-067
2.26387e-067
1.73078e-067
1.73078e-067
1.67393e-067
1.61514e-067
1.23156e-067
1.05098e-067
9.83152e-068
6.80282e-068
6.80282e-068
6.80282e-068
6.80282e-068
6.80282e-068
6.11098e-068
5.67613e-068
5.47001e-068
5.3311e-068
5.07751e-068
4.3163e-068
3.80985e-068
3.80985e-068
3.25886e-068
2.8099e-068
2.69466e-068
2.02206e-068
2.02206e-068
2.02206e-068
1.94237e-068
1.94237e-068
1.85176e-068
1.40272e-068
1.40272e-068
1.12633e-068
1.12633e-068
1.12633e-068
1.0242e-068
9.59511e-069
9.59511e-069
9.59511e-069
8.83344e-069
8.42485e-069
8.31829e-069
8.04044e-069
7.11342e-069
7.02971e-069
6.56043e-069
5.82076e-069
5.82076e-069
5.47713e-069
5.01361e-069
4.2319e-069
4.06916e-069
3.74743e-069
3.37231e-069
2.92295e-069
2.78721e-069
2.25939e-069
1.81548e-069
1.81548e-069
1.70598e-069
1.70062e-069
1.50148e-069
1.50148e-069
1.50148e-069
1.50148e-069
1.39161e-069
1.2699e-069
1.12139e-069
1.12139e-069
1.12139e-069
9.37696e-070
9.01373e-070
8.12366e-070
7.14368e-070
6.37306e-070
6.37306e-070
6.37306e-070
6.37306e-070
6.17392e-070
6.17392e-070
6.17392e-070
6.17392e-070
6.17392e-070
6.13109e-070
5.89832e-070
5.63057e-070
5.63057e-070
5.52847e-070
5.40737e-070
5.09958e-070
4.66511e-070
4.26465e-070
3.66637e-070
3.50997e-070
2.85678e-070
2.18364e-070
1.98254e-070
1.86757e-070
1.5111e-070
1.44686e-070
1.44686e-070
1.31209e-070
1.29392e-070
1.03479e-070
9.34039e-071
8.28076e-071
8.11013e-071
7.74594e-071
7.03325e-071
5.34347e-071
4.86685e-071
4.86685e-071
4.86685e-071
4.71449e-071
4.40123e-071
4.25171e-071
4.03158e-071
3.01728e-071
2.94255e-071
2.66043e-071
2.66043e-071
2.56606e-071
2.3535e-071
2.10387e-071
2.10387e-071
1.7383e-071
1.5754e-071
1.20266e-071
1.20266e-071
1.20266e-071
1.04543e-071
8.06031e-072
7.37757e-072
7.37757e-072
7.16108e-072
6.19774e-072
5.5969e-072
3.83093e-072
3.633e-072
3.633e-072
3.633e-072
3.53769e-072
2.89951e-072
2.89951e-072
2.89951e-072
2.74195e-072
2.16946e-072
1.68851e-072
1.68851e-072
1.25219e-072
1.25219e-072
1.25219e-072
1.25219e-072
1.08633e-072
9.65815e-073
9.65815e-073
9.65815e-073
7.00625e-073
7.00625e-073
6.65728e-073
6.14778e-073
5.39265e-073
5.39265e-073
4.30022e-073
3.60248e-073
3.60248e-073
3.32988e-073
3.32988e-073
3.04397e-073
3.04397e-073
3.04397e-073
3.04397e-073
2.64687e-073
2.64687e-073
2.35153e-073
2.17926e-073
1.96609e-073
1.80485e-073
1.80485e-073
1.76496e-073
1.65214e-073
1.52767e-073
1.44e-073
1.35521e-073
1.35521e-073
1.35413e-073
1.19597e-073
1.19597e-073
1.09795e-073
1.06438e-073
1.06438e-073
1.06438e-073
9.88849e-074
9.88849e-074
9.13484e-074
9.13484e-074
8.32844e-074
7.32547e-074
7.24208e-074
6.52909e-074
5.95649e-074
5.66179e-074
4.48229e-074
4.45426e-074
3.81763e-074
3.81763e-074
3.29307e-074
2.86997e-074
2.62339e-074
2.33311e-074
2.18321e-074
1.96343e-074
1.70422e-074
1.62345e-074
1.62345e-074
1.49674e-074
1.49674e-074
1.24578e-074
1.07804e-074
1.07804e-074
9.04894e-075
8.22518e-075
7.7655e-075
7.7655e-075
7.7655e-075
5.97597e-075
5.36962e-075
5.36962e-075
5.36962e-075
4.98057e-075
3.97624e-075
3.97624e-075
3.8628e-075
3.34194e-075
2.91285e-075
2.90834e-075
2.43365e-075
2.30699e-075
1.89068e-075
1.89068e-075
1.64292e-075
1.21681e-075
1.21681e-075
1.21681e-075
1.16642e-075
1.06448e-075
9.77906e-076
9.77906e-076
8.25534e-076
7.72554e-076
7.72554e-076
6.80515e-076
5.76002e-076
5.76002e-076
5.6309e-076
5.17843e-076
5.17843e-076
4.65339e-076
4.23359e-076
3.85906e-076
3.44876e-076
3.44876e-076
3.44362e-076
3.44362e-076
3.21821e-076
3.19411e-076
3.19411e-076
2.59929e-076
2.42718e-076
2.15421e-076
2.13727e-076
2.13727e-076
1.70884e-076
1.70884e-076
1.5777e-076
1.49912e-076
1.45313e-076
1.34628e-076
1.27776e-076
1.21435e-076
1.12379e-076
1.1149e-076
9.61266e-077
8.63237e-077
8.18621e-077
7.65584e-077
6.70798e-077
6.70798e-077
6.41396e-077
5.37783e-077
5.37783e-077
4.99603e-077
4.82303e-077
4.79913e-077
3.8661e-077
3.8661e-077
3.20657e-077
3.04959e-077
2.95044e-077
2.09506e-077
1.88097e-077
1.84131e-077
1.62724e-077
1.45534e-077
1.42659e-077
1.39765e-077
1.23465e-077
1.08531e-077
9.18515e-078
8.49855e-078
8.49855e-078
8.49855e-078
6.94067e-078
6.94067e-078
6.94067e-078
6.94067e-078
6.60494e-078
6.60494e-078
6.26977e-078
5.84191e-078
4.98235e-078
4.8405e-078
4.82127e-078
4.39847e-078
4.246e-078
3.71085e-078
3.42094e-078
3.42094e-078
3.2733e-078
3.10304e-078
2.87422e-078
2.43985e-078
2.13354e-078
1.93018e-078
1.93018e-078
1.88263e-078
1.82141e-078
1.76715e-078
1.67245e-078
1.67245e-078
1.34416e-078
1.19565e-078
1.11802e-078
1.11802e-078
1.02505e-078
8.35313e-079
5.84918e-079
5.84918e-079
5.70493e-079
5.55671e-079
5.06192e-079
4.96575e-079
4.12201e-079
3.71542e-079
3.71542e-079
3.59708e-079
3.4101e-079
3.21905e-079
2.87492e-079
2.77288e-079
2.69351e-079
2.69351e-079
2.65346e-079
2.57129e-079
2.42379e-079
2.14548e-079
2.03576e-079
1.98646e-079
1.76826e-079
1.59502e-079
1.52439e-079
1.49474e-079
1.40074e-079
1.12512e-079
1.08506e-079
1.00674e-079
8.62206e-080
7.82795e-080
6.66955e-080
5.68883e-080
5.66931e-080
5.44492e-080
4.79857e-080
4.62091e-080
4.1919e-080
3.6883e-080
3.6519e-080
3.11421e-080
2.93155e-080
2.64146e-080
2.14035e-080
1.95832e-080
1.90209e-080
1.90209e-080
1.54806e-080
1.54806e-080
1.49358e-080
9.7515e-081
9.7515e-081
9.32417e-081
9.02934e-081
8.39752e-081
7.60269e-081
6.05378e-081
6.05378e-081
4.87178e-081
4.87178e-081
4.56184e-081
3.79539e-081
3.79539e-081
3.72325e-081
3.72325e-081
3.31303e-081
3.19293e-081
2.83704e-081
2.66852e-081
2.17512e-081
1.97934e-081
1.80153e-081
1.62914e-081
1.62914e-081
1.49694e-081
1.07991e-081
1.07991e-081
1.01217e-081
9.86866e-082
8.53743e-082
7.6552e-082
7.36789e-082
7.22898e-082
5.29273e-082
5.29273e-082
5.29273e-082
5.29273e-082
4.4039e-082
3.52161e-082
3.52161e-082
3.52161e-082
3.52161e-082
3.32877e-082
3.09569e-082
3.09569e-082
3.09569e-082
2.853e-082
2.80677e-082
2.56308e-082
2.56308e-082
2.44916e-082
2.44916e-082
1.9858e-082
1.9858e-082
1.71695e-082
1.63191e-082
1.475e-082
1.475e-082
1.2257e-082
1.14975e-082
9.85891e-083
8.6427e-083
7.16174e-083
6.31043e-083
5.93181e-083
5.90125e-083
5.90125e-083
4.22011e-083
4.21392e-083
4.07541e-083
3.77404e-083
3.71616e-083
3.67627e-083
3.51392e-083
3.16809e-083
2.98792e-083
2.98792e-083
2.76042e-083
2.76042e-083
2.52027e-083
2.52027e-083
2.43424e-083
2.13604e-083
2.13604e-083
1.8568e-083
1.68946e-083
1.61244e-083
1.46807e-083
1.11769e-083
1.03365e-083
9.44734e-084
6.52462e-084
6.52462e-084
6.03321e-084
5.6003e-084
5.41191e-084
5.41191e-084
4.30611e-084
4.30611e-084
4.30611e-084
4.04622e-084
3.81298e-084
3.26674e-084
2.88611e-084
2.88611e-084
2.75059e-084
2.55052e-084
2.55052e-084
2.14252e-084
1.9915e-084
1.71122e-084
1.56091e-084
1.36375e-084
1.36375e-084
1.08595e-084
1.08595e-084
1.08595e-084
1.07975e-084
1.00256e-084
9.70139e-085
9.70139e-085
8.27033e-085
8.08815e-085
8.08815e-085
7.22791e-085
6.60849e-085
6.0106e-085
4.82329e-085
4.82329e-085
4.42099e-085
4.42099e-085
3.51746e-085
3.51746e-085
3.51746e-085
3.51746e-085
3.39321e-085
2.92598e-085
2.66166e-085
2.60987e-085
2.03198e-085
2.03198e-085
1.9264e-085
1.77484e-085
1.77484e-085
1.77484e-085
1.74368e-085
1.51319e-085
1.31444e-085
1.31444e-085
1.31444e-085
1.31444e-085
1.21e-085
1.06383e-085
1.01524e-085
9.50666e-086
9.07465e-086
8.75554e-086
7.84057e-086
7.84057e-086
7.40245e-086
6.91522e-086
6.41259e-086
5.6399e-086
5.01323e-086
4.55499e-086
3.88956e-086
3.88956e-086
3.52011e-086
3.52011e-086
3.51504e-086
3.51445e-086
3.15827e-086
3.11049e-086
3.11049e-086
2.93191e-086
2.78683e-086
2.7617e-086
2.60091e-086
2.60091e-086
2.54454e-086
2.53772e-086
2.16378e-086
2.05077e-086
1.9786e-086
1.9786e-086
1.76108e-086
1.61717e-086
1.61717e-086
1.61649e-086
1.503e-086
1.30489e-086
1.24606e-086
1.21694e-086
1.13393e-086
1.12989e-086
1.05469e-086
1.02979e-086
9.60791e-087
9.56487e-087
9.36998e-087
8.65495e-087
7.65856e-087
5.31852e-087
5.24694e-087
4.58877e-087
3.85368e-087
3.30093e-087
3.30093e-087
3.1383e-087
2.3375e-087
2.01215e-087
2.01215e-087
2.01215e-087
1.97756e-087
1.97756e-087
1.76916e-087
1.62282e-087
1.59491e-087
1.46075e-087
1.24397e-087
1.15793e-087
1.05563e-087
1.05563e-087
1.00611e-087
9.7295e-088
8.25772e-088
8.25772e-088
8.25772e-088
8.25772e-088
7.14555e-088
7.14555e-088
6.24169e-088
5.57117e-088
4.87686e-088
4.87686e-088
4.87686e-088
4.04629e-088
4.04629e-088
4.04629e-088
3.68938e-088
3.26666e-088
2.75301e-088
2.43033e-088
2.30297e-088
2.23871e-088
1.7993e-088
1.5656e-088
1.49867e-088
1.49867e-088
1.36874e-088
1.32268e-088
1.11331e-088
1.11331e-088
1.07103e-088
1.07103e-088
9.04892e-089
9.00504e-089
9.00504e-089
9.00504e-089
9.00504e-089
8.12821e-089
7.49438e-089
7.30459e-089
6.84742e-089
5.59291e-089
4.66208e-089
4.66208e-089
4.66208e-089
4.26816e-089
4.08804e-089
3.79518e-089
3.46117e-089
2.67412e-089
2.56239e-089
2.4271e-089
2.4271e-089
2.1685e-089
1.91883e-089
1.91883e-089
1.91883e-089
1.85248e-089
1.7844e-089
1.66231e-089
1.66206e-089
1.62745e-089
1.45439e-089
1.45439e-089
1.31041e-089
1.20118e-089
1.05213e-089
1.05213e-089
9.87285e-090
8.56309e-090
8.32514e-090
7.55559e-090
7.55559e-090
7.49555e-090
7.20869e-090
6.73247e-090
6.20147e-090
6.20147e-090
5.64731e-090
4.76445e-090
4.76445e-090
4.65291e-090
3.98547e-090
3.77177e-090
3.5729e-090
3.31518e-090
3.31518e-090
2.7279e-090
2.62377e-090
2.33721e-090
2.15812e-090
2.07898e-090
1.96386e-090
1.46751e-090
1.31544e-090
1.16234e-090
1.14859e-090
9.78328e-091
9.75546e-091
7.88264e-091
7.60336e-091
7.60336e-091
6.27215e-091
6.27215e-091
6.27215e-091
6.27215e-091
5.11149e-091
4.80831e-091
4.55279e-091
4.55279e-091
4.40085e-091
4.40085e-091
4.40085e-091
3.82548e-091
3.49479e-091
3.3676e-091
3.20706e-091
3.20706e-091
2.89879e-091
2.72031e-091
2.72031e-091
2.55762e-091
2.45143e-091
2.29381e-091
2.02632e-091
1.94811e-091
1.69933e-091
1.48713e-091
1.36878e-091
1.36878e-091
1.1875e-091
1.1875e-091
1.15375e-091
1.06609e-091
1.00866e-091
8.82961e-092
8.61261e-092
7.62298e-092
7.62298e-092
7.51197e-092
6.86451e-092
6.77516e-092
6.77516e-092
6.77516e-092
6.75317e-092
6.57816e-092
6.31694e-092
6.31694e-092
5.96566e-092
5.78327e-092
5.53431e-092
5.44304e-092
5.41217e-092
5.11539e-092
4.15846e-092
4.15846e-092
4.01861e-092
4.00763e-092
3.59245e-092
3.12409e-092
3.12409e-092
3.12409e-092
3.11985e-092
2.94478e-092
2.85776e-092
2.54068e-092
2.45366e-092
2.44948e-092
2.33008e-092
2.16032e-092
2.04889e-092
1.96176e-092
1.68028e-092
1.68028e-092
1.68028e-092
1.44883e-092
1.26394e-092
1.07357e-092
8.59425e-093
7.09561e-093
7.09561e-093
6.24916e-093
5.34665e-093
5.34665e-093
5.34665e-093
4.8926e-093
4.8926e-093
4.8926e-093
4.8926e-093
4.60765e-093
4.60765e-093
4.50509e-093
4.50509e-093
3.7318e-093
3.7318e-093
3.7318e-093
3.7318e-093
3.7318e-093
3.62377e-093
3.45485e-093
3.36007e-093
3.24033e-093
3.03246e-093
2.84186e-093
2.42157e-093
2.3224e-093
2.3224e-093
2.19174e-093
1.97618e-093
1.81935e-093
1.79433e-093
1.74421e-093
1.3543e-093
1.31611e-093
1.31611e-093
1.31416e-093
1.20181e-093
1.20181e-093
1.04968e-093
1.02342e-093
9.67196e-094
8.5395e-094
7.43427e-094
7.43427e-094
7.39433e-094
5.75005e-094
4.97946e-094
4.36756e-094
3.58734e-094
3.58734e-094
3.58692e-094
2.85907e-094
2.85378e-094
2.59423e-094
2.15735e-094
1.80755e-094
1.58218e-094
1.43716e-094
1.43716e-094
1.1375e-094
1.10133e-094
1.00141e-094
1.00141e-094
9.4689e-095
9.4689e-095
9.43508e-095
8.25588e-095
8.25588e-095
6.42648e-095
6.42648e-095
6.21871e-095
5.85599e-095
5.85599e-095
4.67293e-095
4.60333e-095
4.34835e-095
4.16075e-095
4.05202e-095
3.61097e-095
3.61097e-095
3.16667e-095
3.16667e-095
2.76121e-095
2.6724e-095
2.49748e-095
2.17542e-095
1.75371e-095
1.49572e-095
1.4102e-095
1.25243e-095
1.10629e-095
1.10629e-095
9.27507e-096
8.10253e-096
7.15691e-096
6.9309e-096
6.64092e-096
5.61713e-096
4.89175e-096
4.89175e-096
4.89175e-096
4.80418e-096
4.12467e-096
4.12467e-096
3.82658e-096
3.78573e-096
3.62888e-096
3.52575e-096
3.48456e-096
2.98318e-096
2.35547e-096
2.25218e-096
2.25218e-096
2.07666e-096
1.96912e-096
1.888e-096
1.78043e-096
1.75116e-096
1.69838e-096
1.63855e-096
1.46233e-096
1.33421e-096
1.21266e-096
1.15966e-096
1.11009e-096
1.0993e-096
9.28008e-097
8.92022e-097
7.99907e-097
7.42133e-097
7.42133e-097
6.01291e-097
4.92533e-097
4.61007e-097
4.61007e-097
4.61007e-097
4.41617e-097
4.41617e-097
4.13662e-097
3.6336e-097
3.61514e-097
3.12444e-097
2.84941e-097
2.84941e-097
2.84941e-097
2.72127e-097
2.59946e-097
2.24315e-097
2.19704e-097
2.19704e-097
2.10377e-097
1.75928e-097
1.72615e-097
1.71885e-097
1.38173e-097
1.38173e-097
1.27449e-097
1.27129e-097
1.15736e-097
1.10041e-097
1.01796e-097
9.62846e-098
8.43471e-098
7.9654e-098
7.9654e-098
7.57265e-098
7.57265e-098
6.49022e-098
6.49022e-098
5.61786e-098
5.59866e-098
4.91286e-098
4.52695e-098
4.52695e-098
4.16595e-098
3.47091e-098
3.04936e-098
2.86415e-098
2.72501e-098
2.72501e-098
2.42449e-098
2.28178e-098
2.17766e-098
1.84953e-098
1.84953e-098
1.53469e-098
1.51633e-098
1.3148e-098
1.20719e-098
9.57541e-099
9.57541e-099
8.88224e-099
8.20475e-099
7.42849e-099
6.51097e-099
5.42936e-099
5.40134e-099
5.2958e-099
4.80967e-099
3.72194e-099
3.72194e-099
3.72194e-099
3.70994e-099
3.4896e-099
3.30684e-099
3.1787e-099
3.04523e-099
3.02932e-099
2.74343e-099
2.41641e-099
2.14169e-099
2.10983e-099
2.10983e-099
1.80009e-099
1.67847e-099
1.61391e-099
1.39752e-099
1.39752e-099
1.36955e-099
1.2132e-099
1.2132e-099
9.65368e-100
9.65368e-100
7.63208e-100
5.7788e-100
5.46525e-100
4.92675e-100
4.64041e-100
4.39113e-100
4.19257e-100
4.09687e-100
3.37381e-100
3.26897e-100
3.0437e-100
2.98372e-100
2.83005e-100
2.83005e-100
2.48682e-100
2.36797e-100
1.95624e-100
1.95624e-100
1.88954e-100
1.88954e-100
1.81365e-100
1.73837e-100
1.48085e-100
1.47635e-100
1.28399e-100
1.28399e-100
1.24766e-100
1.08082e-100
1.08082e-100
1.0219e-100
1.00089e-100
9.01276e-101
8.87169e-101
7.572e-101
7.37759e-101
6.83912e-101
6.13717e-101
5.85863e-101
5.09895e-101
5.09895e-101
4.90128e-101
4.90128e-101
4.37082e-101
3.94607e-101
3.27584e-101
3.27584e-101
3.17075e-101
3.02505e-101
3.0036e-101
2.45701e-101
2.19516e-101
1.99977e-101
1.80651e-101
1.71499e-101
1.70854e-101
1.6079e-101
1.4102e-101
1.14439e-101
9.7329e-102
9.7329e-102
9.7329e-102
9.26089e-102
8.30233e-102
8.11903e-102
7.6223e-102
7.38263e-102
7.216e-102
6.71357e-102
6.19961e-102
6.19961e-102
6.13766e-102
6.12664e-102
4.92641e-102
4.63204e-102
4.05455e-102
3.69494e-102
3.52105e-102
3.52105e-102
3.27901e-102
3.06751e-102
3.04691e-102
2.6783e-102
2.16794e-102
1.75128e-102
1.75128e-102
1.52727e-102
1.52727e-102
1.32598e-102
1.32598e-102
1.22753e-102
1.04573e-102
9.77739e-103
8.20653e-103
8.20653e-103
7.64222e-103
6.94798e-103
6.94798e-103
6.23621e-103
6.23621e-103
4.64263e-103
4.64263e-103
4.64263e-103
3.9062e-103
3.9062e-103
3.10752e-103
3.10752e-103
3.10752e-103
2.68386e-103
2.68386e-103
2.23295e-103
2.23295e-103
2.23295e-103
2.05206e-103
1.70434e-103
1.70434e-103
1.70434e-103
1.56227e-103
1.2346e-103
1.2346e-103
1.01434e-103
9.78525e-104
8.95104e-104
8.95104e-104
8.50591e-104
7.54686e-104
5.87261e-104
4.71745e-104
4.71745e-104
4.71745e-104
4.61408e-104
4.61408e-104
4.09154e-104
4.03872e-104
3.46727e-104
3.29462e-104
2.70293e-104
2.70293e-104
2.27435e-104
2.14955e-104
1.93613e-104
1.81408e-104
1.63844e-104
1.44151e-104
1.44151e-104
1.44151e-104
1.18541e-104
1.18541e-104
1.18541e-104
1.04158e-104
1.02997e-104
1.02997e-104
9.79424e-105
7.33848e-105
7.33848e-105
6.54126e-105
6.54126e-105
6.01233e-105
5.27159e-105
5.27159e-105
5.27159e-105
4.84281e-105
4.84281e-105
4.62226e-105
4.49739e-105
4.19732e-105
3.84348e-105
3.52112e-105
3.09115e-105
3.01835e-105
3.01835e-105
2.91006e-105
2.61008e-105
2.61008e-105
2.59812e-105
2.22986e-105
2.22986e-105
1.8994e-105
1.8994e-105
1.59078e-105
1.59078e-105
1.58406e-105
1.46407e-105
1.38353e-105
1.34662e-105
1.16529e-105
1.06673e-105
8.3502e-106
7.92988e-106
5.83696e-106
5.83696e-106
5.71178e-106
5.5055e-106
4.57868e-106
3.81713e-106
3.81713e-106
3.81713e-106
3.81713e-106
3.81713e-106
3.69565e-106
3.18409e-106
2.98435e-106
2.77567e-106
2.75269e-106
2.75269e-106
2.48904e-106
2.44205e-106
2.42358e-106
2.23169e-106
2.04313e-106
1.76287e-106
1.52926e-106
1.48717e-106
1.45887e-106
1.3087e-106
1.22234e-106
1.04453e-106
1.04453e-106
1.04453e-106
9.64617e-107
8.34805e-107
6.60539e-107
5.64668e-107
4.82049e-107
4.82049e-107
4.82049e-107
4.02189e-107
4.02189e-107
3.65016e-107
3.45758e-107
3.09982e-107
3.09982e-107
3.09982e-107
2.73844e-107
2.46456e-107
2.36979e-107
2.11782e-107
1.90217e-107
1.86017e-107
1.86017e-107
1.51134e-107
1.4352e-107
1.4352e-107
1.38864e-107
1.17395e-107
1.15812e-107
1.13704e-107
1.01809e-107
8.247e-108
6.95199e-108
6.95199e-108
6.43608e-108
6.37021e-108
6.37021e-108
5.53888e-108
5.42176e-108
4.4785e-108
4.17364e-108
3.5132e-108
3.5132e-108
3.39966e-108
3.25824e-108
2.47316e-108
2.47316e-108
2.33745e-108
1.96873e-108
1.95033e-108
1.79798e-108
1.57585e-108
1.57585e-108
1.57585e-108
1.36447e-108
1.28582e-108
1.25922e-108
1.0922e-108
9.30134e-109
8.77134e-109
7.09045e-109
6.15311e-109
6.13474e-109
6.13474e-109
5.9879e-109
5.45649e-109
4.45618e-109
4.45618e-109
4.45618e-109
4.07489e-109
4.07489e-109
4.07489e-109
3.74832e-109
3.56616e-109
3.1837e-109
3.07674e-109
3.07674e-109
3.02334e-109
2.85617e-109
2.56902e-109
2.23247e-109
2.23247e-109
2.137e-109
1.95453e-109
1.66708e-109
1.60582e-109
1.60582e-109
1.45224e-109
1.40987e-109
1.14386e-109
9.38252e-110
9.16859e-110
8.99277e-110
7.32768e-110
6.96332e-110
6.19998e-110
6.19998e-110
4.95343e-110
4.95343e-110
4.3773e-110
4.3773e-110
3.27964e-110
3.27964e-110
3.16819e-110
3.04223e-110
2.9749e-110
2.26166e-110
2.11716e-110
2.11716e-110
1.83157e-110
1.83157e-110
1.83157e-110
1.77177e-110
1.77177e-110
1.77177e-110
1.46948e-110
1.40819e-110
1.38528e-110
1.35837e-110
1.33626e-110
1.1809e-110
1.03289e-110
1.03289e-110
9.46849e-111
8.66506e-111
7.94766e-111
7.08538e-111
7.08538e-111
6.25535e-111
6.25535e-111
6.25535e-111
6.0582e-111
5.84507e-111
5.41369e-111
5.14633e-111
5.01333e-111
4.76599e-111
3.93776e-111
3.77441e-111
2.95615e-111
2.95615e-111
2.92623e-111
2.69318e-111
2.57378e-111
2.2978e-111
2.2978e-111
1.82057e-111
1.82057e-111
1.82057e-111
1.82057e-111
1.69249e-111
1.69249e-111
1.39788e-111
1.35594e-111
1.14123e-111
1.05568e-111
9.11479e-112
8.35765e-112
7.38961e-112
7.3194e-112
6.40701e-112
6.00268e-112
5.78085e-112
5.2627e-112
5.09912e-112
4.99044e-112
4.34594e-112
3.83744e-112
3.83744e-112
2.99179e-112
2.91695e-112
2.80414e-112
2.47442e-112
1.72756e-112
1.72756e-112
1.6441e-112
1.38048e-112
1.12439e-112
1.07661e-112
9.91521e-113
9.91521e-113
9.91521e-113
8.64955e-113
7.91116e-113
6.91505e-113
6.91505e-113
5.77033e-113
5.09614e-113
5.09614e-113
4.47098e-113
4.47098e-113
3.90172e-113
3.64785e-113
3.64785e-113
3.64785e-113
3.64785e-113
2.78475e-113
2.70403e-113
2.45954e-113
2.12914e-113
2.12914e-113
1.86937e-113
1.86937e-113
1.72386e-113
1.57706e-113
1.37706e-113
1.33021e-113
1.17883e-113
1.10306e-113
9.73707e-114
9.27534e-114
8.72925e-114
7.5112e-114
7.5112e-114
7.47057e-114
6.87467e-114
6.87467e-114
6.87467e-114
5.68309e-114
5.5496e-114
5.36832e-114
5.36832e-114
5.25653e-114
5.06001e-114
4.40243e-114
4.18637e-114
3.80845e-114
3.73848e-114
3.5266e-114
3.15486e-114
2.79893e-114
2.73907e-114
2.54073e-114
2.33715e-114
2.32975e-114
2.32062e-114
2.09259e-114
2.05382e-114
2.01477e-114
1.74116e-114
1.65271e-114
1.58917e-114
1.46529e-114
1.44133e-114
1.21531e-114
1.21008e-114
1.04417e-114
1.04417e-114
9.11468e-115
8.83127e-115
8.38429e-115
7.8238e-115
7.30652e-115
5.52096e-115
5.21327e-115
4.76172e-115
4.32229e-115
3.88406e-115
3.88406e-115
3.88406e-115
3.20928e-115
3.20928e-115
3.06467e-115
2.59904e-115
2.47367e-115
2.31826e-115
1.69153e-115
1.69153e-115
1.567e-115
1.24527e-115
1.24527e-115
1.24527e-115
1.18633e-115
1.15506e-115
1.05715e-115
9.0375e-116
9.0375e-116
7.68798e-116
5.5453e-116
5.5453e-116
5.5453e-116
5.18535e-116
5.10665e-116
4.35765e-116
4.22714e-116
2.95036e-116
2.67681e-116
2.2456e-116
2.2456e-116
2.10339e-116
2.10339e-116
2.10339e-116
1.94371e-116
1.80591e-116
1.51634e-116
1.51634e-116
1.27947e-116
1.27947e-116
1.27699e-116
1.07292e-116
9.61988e-117
9.06794e-117
8.79721e-117
7.84834e-117
7.84834e-117
7.31847e-117
7.31847e-117
6.36678e-117
6.36678e-117
6.36678e-117
5.68708e-117
5.23016e-117
4.94808e-117
4.47076e-117
4.04412e-117
4.04412e-117
3.82292e-117
3.82292e-117
3.6981e-117
3.47164e-117
3.47164e-117
3.3565e-117
3.20537e-117
3.01926e-117
2.99371e-117
2.90117e-117
2.90117e-117
2.90117e-117
2.68575e-117
2.54646e-117
2.41254e-117
2.23609e-117
2.17498e-117
2.09115e-117
1.99566e-117
1.88794e-117
1.83515e-117
1.49808e-117
1.48234e-117
1.28692e-117
1.28692e-117
1.13953e-117
1.02734e-117
1.02734e-117
1.02734e-117
9.88037e-118
9.62625e-118
9.62625e-118
8.86722e-118
7.96151e-118
7.12818e-118
6.45829e-118
6.43293e-118
6.10717e-118
6.10717e-118
5.46307e-118
5.3847e-118
4.9579e-118
3.78871e-118
3.65818e-118
3.33352e-118
3.205e-118
3.205e-118
2.84164e-118
2.84164e-118
2.50752e-118
2.47767e-118
2.38565e-118
2.10032e-118
2.07776e-118
1.906e-118
1.906e-118
1.79383e-118
1.79383e-118
1.64342e-118
1.63477e-118
1.54726e-118
1.49668e-118
1.36152e-118
1.34395e-118
1.29146e-118
1.24413e-118
1.13816e-118
9.35165e-119
8.03197e-119
7.87398e-119
7.76387e-119
6.87775e-119
6.67169e-119
6.52444e-119
5.65031e-119
5.65031e-119
5.33453e-119
5.33453e-119
5.0017e-119
5.0017e-119
5.0017e-119
4.07573e-119
3.84984e-119
3.84984e-119
3.74985e-119
3.58841e-119
3.5002e-119
3.25056e-119
3.1723e-119
2.97787e-119
2.83236e-119
2.63978e-119
2.46309e-119
2.38587e-119
2.13982e-119
2.12536e-119
2.09133e-119
1.8446e-119
1.8446e-119
1.73778e-119
1.62783e-119
1.50071e-119
1.23383e-119
1.12523e-119
1.12523e-119
1.07441e-119
1.05244e-119
1.05244e-119
1.05244e-119
9.67324e-120
9.35826e-120
7.74054e-120
7.13291e-120
5.40592e-120
3.6273e-120
3.44888e-120
3.01779e-120
2.67204e-120
2.32186e-120
2.05451e-120
2.05451e-120
1.98449e-120
1.66485e-120
1.51842e-120
1.5174e-120
1.18262e-120
1.18262e-120
1.12266e-120
8.12645e-121
6.78749e-121
6.73541e-121
6.05217e-121
5.05698e-121
5.05698e-121
5.05698e-121
5.05611e-121
5.05611e-121
4.55513e-121
4.52254e-121
4.21094e-121
3.98742e-121
3.90849e-121
3.74375e-121
3.59625e-121
3.59625e-121
3.27252e-121
3.17526e-121
2.88955e-121
2.64939e-121
2.15606e-121
1.96601e-121
1.83837e-121
1.81423e-121
1.64177e-121
1.64177e-121
1.64177e-121
1.52858e-121
1.52858e-121
1.50387e-121
1.38768e-121
1.35938e-121
1.30923e-121
1.24959e-121
9.99292e-122
9.99292e-122
8.85247e-122
8.85247e-122
8.85247e-122
8.61876e-122
7.95734e-122
6.92378e-122
6.92378e-122
6.39365e-122
5.74196e-122
5.74196e-122
5.54391e-122
4.67485e-122
3.55762e-122
3.55762e-122
3.14e-122
2.61105e-122
2.47007e-122
1.97256e-122
1.97256e-122
1.97256e-122
1.64546e-122
1.55206e-122
1.52596e-122
1.34811e-122
1.34811e-122
1.31679e-122
1.21387e-122
1.21387e-122
1.16886e-122
1.01853e-122
1.01853e-122
1.01853e-122
1.00668e-122
9.34302e-123
9.34302e-123
8.12006e-123
8.12006e-123
7.55137e-123
6.86272e-123
6.0057e-123
6.0057e-123
6.0057e-123
5.52368e-123
5.30348e-123
4.70541e-123
4.20156e-123
4.20156e-123
4.20156e-123
3.09717e-123
3.09717e-123
2.64014e-123
2.64014e-123
2.5142e-123
2.5142e-123
2.21344e-123
2.20694e-123
2.03071e-123
1.78121e-123
1.76498e-123
1.55322e-123
1.47462e-123
1.30746e-123
1.27444e-123
1.2402e-123
1.23443e-123
1.16353e-123
1.128e-123
1.11329e-123
9.91289e-124
9.91289e-124
9.91289e-124
9.60265e-124
9.18289e-124
9.06327e-124
8.42147e-124
8.09943e-124
7.52854e-124
6.54903e-124
6.54903e-124
6.54903e-124
5.97285e-124
5.1091e-124
5.00237e-124
4.6092e-124
4.36749e-124
4.36749e-124
3.95788e-124
3.47531e-124
3.47531e-124
3.16926e-124
3.16926e-124
2.72202e-124
2.60369e-124
2.46825e-124
2.46825e-124
2.38666e-124
2.38666e-124
2.38666e-124
2.29391e-124
2.04554e-124
1.94008e-124
1.49945e-124
1.49945e-124
1.36728e-124
1.36728e-124
1.03091e-124
1.03091e-124
9.57534e-125
7.70837e-125
6.82789e-125
6.82789e-125
6.78135e-125
6.78135e-125
6.34684e-125
6.11722e-125
6.11722e-125
5.42882e-125
5.42882e-125
5.03348e-125
4.44413e-125
4.44413e-125
4.44413e-125
3.9282e-125
3.67209e-125
3.66397e-125
3.66397e-125
3.25217e-125
3.07763e-125
2.64537e-125
2.51019e-125
2.12226e-125
2.06928e-125
1.98984e-125
1.71635e-125
1.57458e-125
1.49064e-125
1.49064e-125
1.41166e-125
1.13094e-125
1.13094e-125
1.02599e-125
9.04078e-126
8.68117e-126
8.48723e-126
8.17143e-126
7.22576e-126
6.33706e-126
5.62678e-126
5.62678e-126
5.20984e-126
5.20984e-126
4.22304e-126
4.22304e-126
4.18716e-126
4.16692e-126
4.0572e-126
3.77427e-126
3.09512e-126
3.09512e-126
3.09512e-126
2.67847e-126
2.47562e-126
2.47562e-126
2.47562e-126
2.28973e-126
2.13863e-126
2.12812e-126
1.9234e-126
1.7921e-126
1.6466e-126
1.6466e-126
1.57221e-126
1.39817e-126
1.35685e-126
1.03123e-126
1.03123e-126
9.72642e-127
9.72642e-127
9.36071e-127
8.30246e-127
8.30246e-127
7.36489e-127
7.292e-127
7.27649e-127
6.46229e-127
6.00006e-127
5.55813e-127
5.54387e-127
4.90142e-127
4.79881e-127
4.24325e-127
3.78375e-127
3.65477e-127
3.65477e-127
3.16787e-127
2.77436e-127
2.64051e-127
2.39867e-127
2.16347e-127
2.03368e-127
1.92803e-127
1.92803e-127
1.92803e-127
1.77248e-127
1.66693e-127
1.6202e-127
1.53549e-127
1.44726e-127
1.44726e-127
1.44726e-127
1.38245e-127
1.38245e-127
1.13876e-127
1.1171e-127
1.06056e-127
9.82889e-128
9.41621e-128
8.87447e-128
8.33212e-128
8.33212e-128
8.33212e-128
8.12329e-128
7.97895e-128
7.86226e-128
7.49694e-128
6.60416e-128
6.47362e-128
6.47362e-128
6.44139e-128
6.1836e-128
5.84071e-128
5.65924e-128
5.62829e-128
5.29024e-128
5.29024e-128
5.14099e-128
5.06443e-128
4.97858e-128
4.80074e-128
4.15921e-128
4.12754e-128
3.79441e-128
3.62326e-128
3.06597e-128
2.69319e-128
2.34309e-128
2.19249e-128
1.92378e-128
1.6011e-128
1.55041e-128
1.55041e-128
1.32927e-128
1.32927e-128
1.31445e-128
1.23008e-128
1.20446e-128
1.1402e-128
1.04193e-128
9.46215e-129
9.46215e-129
9.02985e-129
6.84965e-129
6.84965e-129
6.84965e-129
6.84965e-129
6.84965e-129
6.45772e-129
5.04794e-129
3.90972e-129
3.90972e-129
3.90972e-129
3.81115e-129
3.76206e-129
3.33026e-129
3.2649e-129
2.70936e-129
2.11706e-129
2.11706e-129
1.58488e-129
1.53285e-129
1.41686e-129
1.41686e-129
1.41686e-129
1.41686e-129
1.19825e-129
1.19825e-129
1.08179e-129
1.08179e-129
9.00682e-130
9.00682e-130
7.13469e-130
7.13469e-130
7.13469e-130
6.31268e-130
6.1401e-130
6.1401e-130
5.79922e-130
4.86731e-130
4.86731e-130
4.76889e-130
4.49671e-130
4.49671e-130
3.99081e-130
3.3414e-130
3.3414e-130
3.3414e-130
3.02808e-130
2.90573e-130
2.45547e-130
2.40164e-130
2.31634e-130
2.17197e-130
2.07976e-130
1.85562e-130
1.85562e-130
1.85562e-130
1.69171e-130
1.50331e-130
1.50331e-130
1.50331e-130
1.31502e-130
1.1987e-130
1.06646e-130
1.0319e-130
8.84509e-131
8.84509e-131
8.84509e-131
8.84509e-131
7.5433e-131
6.27899e-131
6.27899e-131
6.09854e-131
5.74374e-131
5.25644e-131
4.81769e-131
4.76251e-131
3.87012e-131
3.56924e-131
3.08778e-131
3.08778e-131
2.72469e-131
2.62766e-131
2.47821e-131
2.25141e-131
2.14891e-131
1.86802e-131
1.86802e-131
1.65499e-131
1.5139e-131
1.5139e-131
1.23998e-131
1.22054e-131
9.93253e-132
9.52977e-132
8.90756e-132
7.94593e-132
7.92248e-132
6.80647e-132
6.37209e-132
5.41088e-132
5.41088e-132
5.2909e-132
5.2909e-132
5.19118e-132
4.64052e-132
4.64052e-132
4.08043e-132
4.05389e-132
3.81761e-132
3.32604e-132
3.32604e-132
3.32604e-132
2.60291e-132
2.60291e-132
2.45954e-132
2.38208e-132
1.85416e-132
1.85416e-132
1.46945e-132
1.39938e-132
1.31891e-132
1.25454e-132
1.06659e-132
1.06659e-132
1.06659e-132
7.14754e-133
6.88727e-133
6.38393e-133
6.38393e-133
5.91905e-133
5.91905e-133
5.41899e-133
4.90289e-133
4.90289e-133
4.90289e-133
4.20535e-133
3.42303e-133
3.42303e-133
3.42303e-133
2.92e-133
2.91403e-133
2.46311e-133
2.46311e-133
2.44028e-133
2.31049e-133
2.12982e-133
2.12982e-133
1.91672e-133
1.91672e-133
1.91672e-133
1.87607e-133
1.68329e-133
1.57055e-133
1.47751e-133
1.0466e-133
1.0466e-133
9.24837e-134
9.24837e-134
9.24837e-134
7.47539e-134
6.43571e-134
5.86065e-134
4.67197e-134
4.67197e-134
4.29983e-134
4.29983e-134
4.15081e-134
3.38765e-134
3.29549e-134
3.29549e-134
3.29549e-134
2.90804e-134
2.78816e-134
2.55417e-134
2.53921e-134
2.53921e-134
2.11577e-134
2.11577e-134
2.11577e-134
2.11577e-134
1.91394e-134
1.91394e-134
1.81458e-134
1.58731e-134
1.43136e-134
1.17376e-134
1.11486e-134
1.11486e-134
9.49252e-135
8.65105e-135
8.65105e-135
8.65105e-135
7.58555e-135
6.91973e-135
6.68452e-135
6.41655e-135
6.33651e-135
5.89772e-135
5.30401e-135
4.70101e-135
4.70101e-135
4.70101e-135
4.01366e-135
4.01366e-135
3.74322e-135
2.93482e-135
2.93482e-135
2.73555e-135
2.62498e-135
2.49683e-135
2.36105e-135
2.22904e-135
2.12884e-135
2.00254e-135
2.00254e-135
1.91007e-135
1.71449e-135
1.65526e-135
1.63347e-135
1.63347e-135
1.45127e-135
1.30713e-135
1.25903e-135
1.17421e-135
1.16203e-135
1.15491e-135
1.04082e-135
9.412e-136
9.25327e-136
8.32545e-136
8.32545e-136
8.06493e-136
6.74178e-136
6.37772e-136
5.61314e-136
5.45268e-136
5.08942e-136
4.87158e-136
4.78783e-136
4.78783e-136
4.53731e-136
4.33201e-136
3.86093e-136
3.79475e-136
3.67511e-136
3.25236e-136
3.01191e-136
2.80801e-136
2.37023e-136
2.22701e-136
1.91826e-136
1.91826e-136
1.78808e-136
1.69217e-136
1.4948e-136
1.40747e-136
1.28856e-136
1.20045e-136
1.17325e-136
1.02317e-136
1.02317e-136
9.22628e-137
9.22628e-137
8.87086e-137
7.9985e-137
7.9985e-137
6.89142e-137
6.79021e-137
6.43425e-137
4.92668e-137
4.24349e-137
4.11357e-137
4.11357e-137
3.80008e-137
3.03473e-137
2.95548e-137
2.22042e-137
2.22042e-137
2.22042e-137
1.8169e-137
1.48723e-137
1.44159e-137
1.32226e-137
1.24005e-137
1.19398e-137
9.53886e-138
9.53886e-138
9.06298e-138
7.73428e-138
7.73428e-138
6.48741e-138
6.48741e-138
5.81132e-138
4.58049e-138
4.56068e-138
4.56068e-138
4.56068e-138
3.82704e-138
3.30159e-138
3.14287e-138
3.02514e-138
2.58808e-138
2.58808e-138
2.05934e-138
2.05934e-138
2.05934e-138
2.05934e-138
1.66696e-138
1.66696e-138
1.66696e-138
1.66696e-138
1.66696e-138
1.49615e-138
1.4067e-138
1.32025e-138
1.27546e-138
1.18869e-138
1.18869e-138
1.11024e-138
8.21269e-139
7.92138e-139
7.92138e-139
7.88948e-139
7.08106e-139
6.18532e-139
5.99788e-139
5.99788e-139
4.58857e-139
4.58857e-139
4.58118e-139
3.8073e-139
3.8073e-139
3.60949e-139
3.60949e-139
3.09944e-139
3.05522e-139
2.76799e-139
2.76799e-139
2.76799e-139
2.64026e-139
2.38591e-139
2.38591e-139
2.04781e-139
1.64648e-139
1.64648e-139
1.51716e-139
1.38071e-139
1.34364e-139
1.27188e-139
1.13679e-139
1.13679e-139
1.13679e-139
1.13679e-139
1.13679e-139
1.03455e-139
9.35838e-140
9.35838e-140
8.82329e-140
8.04854e-140
8.04854e-140
7.33162e-140
6.78506e-140
6.41278e-140
6.36193e-140
4.70029e-140
4.56295e-140
3.89696e-140
3.89696e-140
3.89696e-140
3.46944e-140
3.18422e-140
3.18422e-140
2.51194e-140
2.38787e-140
2.19011e-140
2.18166e-140
1.69919e-140
1.69919e-140
1.69919e-140
1.68462e-140
1.41309e-140
1.36484e-140
1.27503e-140
1.03367e-140
9.73427e-141
9.0126e-141
6.97369e-141
6.97369e-141
6.2007e-141
5.72494e-141
5.72494e-141
5.13751e-141
4.72506e-141
4.50131e-141
3.85089e-141
3.3003e-141
3.28154e-141
3.28154e-141
3.28154e-141
3.14334e-141
3.00626e-141
2.83885e-141
2.61298e-141
2.50515e-141
2.47035e-141
2.26242e-141
2.0728e-141
1.79092e-141
1.79092e-141
1.79092e-141
1.64069e-141
1.62504e-141
1.43561e-141
9.81683e-142
9.81683e-142
9.81683e-142
9.74232e-142
8.65069e-142
8.65069e-142
8.65069e-142
8.20718e-142
7.85201e-142
6.71627e-142
6.71627e-142
4.93102e-142
4.66228e-142
4.66228e-142
4.41931e-142
4.14176e-142
3.61355e-142
3.61355e-142
3.12461e-142
2.70471e-142
2.3543e-142
2.16572e-142
2.16572e-142
2.02017e-142
1.89228e-142
1.7624e-142
1.66463e-142
1.53583e-142
1.53583e-142
1.37547e-142
1.35385e-142
1.25517e-142
1.08182e-142
1.04805e-142
9.42705e-143
9.30184e-143
8.77055e-143
8.0968e-143
8.0968e-143
7.70732e-143
7.70732e-143
7.01309e-143
6.57248e-143
6.0457e-143
5.66922e-143
4.48787e-143
4.48787e-143
3.6911e-143
3.51482e-143
2.9727e-143
2.61372e-143
2.53411e-143
2.17066e-143
2.17066e-143
2.17066e-143
1.8335e-143
1.77079e-143
1.71497e-143
1.63484e-143
1.48491e-143
1.38368e-143
1.38368e-143
1.31352e-143
1.29415e-143
1.24101e-143
1.12472e-143
1.10599e-143
1.08008e-143
1.0749e-143
1.03722e-143
1.03049e-143
9.88809e-144
9.0014e-144
8.18741e-144
7.91288e-144
7.3706e-144
7.08944e-144
6.6692e-144
6.49906e-144
5.73581e-144
4.89064e-144
4.89064e-144
4.1855e-144
4.16638e-144
4.0604e-144
4.05794e-144
3.92178e-144
3.85158e-144
3.55981e-144
3.12166e-144
3.00495e-144
2.59614e-144
2.59614e-144
2.40616e-144
2.40616e-144
2.32116e-144
2.09285e-144
2.03255e-144
1.88809e-144
1.70948e-144
1.42544e-144
1.24428e-144
1.16625e-144
1.03507e-144
9.83149e-145
9.13421e-145
8.40354e-145
8.40354e-145
8.40354e-145
8.40354e-145
8.26426e-145
7.75463e-145
7.14736e-145
6.60768e-145
5.78061e-145
5.44955e-145
5.36286e-145
5.36286e-145
5.04904e-145
4.60518e-145
4.32715e-145
4.32715e-145
4.16394e-145
3.72933e-145
3.6106e-145
3.43279e-145
3.43279e-145
3.24928e-145
3.12534e-145
3.12534e-145
3.12534e-145
3.12279e-145
3.12279e-145
2.95753e-145
2.8379e-145
2.7396e-145
2.68249e-145
2.55749e-145
2.33204e-145
2.2586e-145
1.96654e-145
1.96654e-145
1.75392e-145
1.70762e-145
1.37035e-145
1.11514e-145
1.11514e-145
9.96668e-146
7.49036e-146
7.2954e-146
7.2954e-146
5.69628e-146
5.23946e-146
5.11163e-146
4.58914e-146
4.37328e-146
4.29009e-146
3.90072e-146
3.61853e-146
3.2526e-146
3.2526e-146
3.16482e-146
3.0459e-146
2.81843e-146
2.81843e-146
2.81843e-146
2.76424e-146
2.57469e-146
2.4993e-146
2.38784e-146
2.31321e-146
2.09143e-146
2.09143e-146
1.73164e-146
1.73164e-146
1.63963e-146
1.63963e-146
1.59611e-146
1.43792e-146
1.40111e-146
1.40111e-146
1.21146e-146
1.21146e-146
1.21143e-146
1.08276e-146
9.60952e-147
9.60952e-147
8.94708e-147
8.66665e-147
7.955e-147
7.06273e-147
7.06273e-147
6.64137e-147
6.15427e-147
5.79155e-147
5.79155e-147
5.23274e-147
4.79296e-147
4.79038e-147
4.0247e-147
4.0247e-147
3.91108e-147
3.67891e-147
3.56517e-147
3.22248e-147
3.22248e-147
3.17379e-147
2.76531e-147
2.76531e-147
2.76531e-147
2.66614e-147
2.38424e-147
2.26825e-147
2.25081e-147
2.06696e-147
2.02171e-147
1.8699e-147
1.8699e-147
1.76077e-147
1.6101e-147
1.37729e-147
1.37729e-147
1.28472e-147
1.20848e-147
1.10946e-147
1.09483e-147
9.86395e-148
9.29938e-148
7.58199e-148
7.2588e-148
6.01478e-148
6.01478e-148
6.01478e-148
5.22564e-148
5.22564e-148
5.22564e-148
4.66774e-148
4.39262e-148
3.88649e-148
3.637e-148
3.50352e-148
3.38724e-148
3.15987e-148
2.38105e-148
1.90342e-148
1.90342e-148
1.90342e-148
1.47422e-148
1.26624e-148
1.11177e-148
1.11177e-148
1.09316e-148
9.92517e-149
9.92517e-149
8.7507e-149
8.49165e-149
5.98531e-149
5.98531e-149
5.98531e-149
5.20517e-149
4.98216e-149
4.88291e-149
4.72023e-149
4.72023e-149
4.23114e-149
3.77257e-149
3.75399e-149
3.24278e-149
3.24278e-149
2.89111e-149
2.83356e-149
2.44707e-149
2.44707e-149
2.44707e-149
2.44707e-149
2.44707e-149
2.25076e-149
1.97229e-149
1.97229e-149
1.90793e-149
1.75253e-149
1.75253e-149
1.72627e-149
1.70498e-149
1.69748e-149
1.52882e-149
1.45793e-149
1.42146e-149
1.42146e-149
1.34115e-149
1.22489e-149
1.12548e-149
9.30051e-150
9.30051e-150
8.4429e-150
8.23649e-150
6.56702e-150
6.56702e-150
6.52384e-150
5.89058e-150
5.89058e-150
5.76117e-150
5.2119e-150
5.21173e-150
4.74467e-150
4.27979e-150
3.78172e-150
3.12028e-150
2.83257e-150
2.15594e-150
2.15594e-150
2.09112e-150
1.67112e-150
1.67112e-150
1.67112e-150
1.63363e-150
1.31838e-150
1.28774e-150
1.17859e-150
1.14908e-150
1.14908e-150
1.03824e-150
9.26533e-151
9.16878e-151
8.01988e-151
8.01988e-151
7.89798e-151
7.77407e-151
7.77407e-151
7.77407e-151
7.04203e-151
6.29252e-151
6.25263e-151
5.71506e-151
5.12437e-151
4.91277e-151
4.88227e-151
4.76224e-151
4.47076e-151
3.6286e-151
3.58981e-151
3.58981e-151
3.29507e-151
3.29507e-151
3.29507e-151
2.96321e-151
2.96321e-151
2.92817e-151
2.82122e-151
2.62148e-151
2.36556e-151
2.23891e-151
2.02066e-151
1.71834e-151
1.611e-151
1.49618e-151
1.31431e-151
1.25105e-151
9.90848e-152
9.90848e-152
9.90848e-152
8.42923e-152
8.42923e-152
8.29772e-152
7.93892e-152
7.34586e-152
6.22266e-152
6.15062e-152
5.88502e-152
5.88502e-152
5.58447e-152
5.07153e-152
4.59733e-152
4.59733e-152
4.59733e-152
4.59733e-152
3.90478e-152
3.70873e-152
3.70873e-152
3.43197e-152
3.18757e-152
3.08565e-152
2.77319e-152
2.56698e-152
2.47491e-152
2.28125e-152
2.15728e-152
2.04971e-152
1.98213e-152
1.93845e-152
1.86442e-152
1.73073e-152
1.60366e-152
1.53916e-152
1.3913e-152
1.25501e-152
1.21268e-152
1.12288e-152
1.0447e-152
1.0276e-152
9.71709e-153
9.49747e-153
9.19161e-153
8.5017e-153
8.5017e-153
8.07774e-153
7.6459e-153
6.89594e-153
6.65691e-153
6.01147e-153
5.85481e-153
5.85481e-153
5.85481e-153
5.3736e-153
4.96281e-153
4.71711e-153
3.74322e-153
3.30982e-153
2.56513e-153
2.56513e-153
2.56513e-153
2.54334e-153
2.54334e-153
2.46827e-153
2.06604e-153
1.95261e-153
1.83685e-153
1.80813e-153
1.6277e-153
1.4922e-153
1.41681e-153
1.41681e-153
1.33721e-153
1.16126e-153
1.16126e-153
9.91947e-154
9.91947e-154
8.76737e-154
7.40823e-154
6.84027e-154
6.17404e-154
6.03908e-154
5.73439e-154
5.32657e-154
5.32657e-154
5.32657e-154
5.32657e-154
5.25008e-154
4.45455e-154
4.43282e-154
4.04012e-154
3.87716e-154
3.71746e-154
3.59447e-154
3.59447e-154
3.53568e-154
3.37341e-154
2.8758e-154
2.73298e-154
2.46821e-154
2.30182e-154
2.30182e-154
2.30182e-154
2.23843e-154
2.12189e-154
1.98961e-154
1.98961e-154
1.81442e-154
1.77064e-154
1.56256e-154
1.56256e-154
1.33267e-154
1.25547e-154
1.23107e-154
1.16377e-154
1.16377e-154
1.01283e-154
1.00773e-154
9.32007e-155
9.0147e-155
7.22995e-155
7.22995e-155
6.52057e-155
5.87599e-155
4.95179e-155
4.63487e-155
4.1853e-155
4.07162e-155
3.98527e-155
2.99644e-155
2.38648e-155
2.19927e-155
1.76677e-155
1.76677e-155
1.76677e-155
1.65557e-155
1.30293e-155
1.30293e-155
1.16949e-155
1.01849e-155
1.01849e-155
9.82311e-156
7.42505e-156
5.71954e-156
5.71954e-156
5.71954e-156
4.74971e-156
4.74971e-156
4.12615e-156
4.12615e-156
3.7444e-156
3.27015e-156
3.18436e-156
2.39338e-156
2.39338e-156
2.39338e-156
2.0337e-156
2.0337e-156
1.62714e-156
1.62714e-156
1.47783e-156
1.47783e-156
1.47783e-156
1.32452e-156
1.12054e-156
1.10952e-156
1.10303e-156
9.93607e-157
9.28217e-157
9.06709e-157
8.0243e-157
8.0243e-157
7.05499e-157
6.44835e-157
6.44835e-157
6.18693e-157
5.17439e-157
5.1627e-157
4.31211e-157
4.31211e-157
4.31211e-157
4.31211e-157
4.31211e-157
4.07273e-157
3.97929e-157
3.62077e-157
3.30691e-157
3.0446e-157
2.88546e-157
2.82828e-157
2.59685e-157
2.51073e-157
2.38341e-157
2.34804e-157
2.33292e-157
2.14481e-157
2.04152e-157
1.87255e-157
1.63253e-157
1.63253e-157
1.56999e-157
1.52817e-157
1.34932e-157
1.33186e-157
1.22636e-157
1.15792e-157
1.15792e-157
1.0908e-157
1.06585e-157
9.83805e-158
9.17512e-158
8.49844e-158
8.48024e-158
7.78806e-158
7.73578e-158
7.28772e-158
7.28772e-158
7.20163e-158
6.36391e-158
6.36391e-158
4.79781e-158
4.05941e-158
3.9422e-158
2.49265e-158
1.86965e-158
1.86965e-158
1.86965e-158
1.58376e-158
1.58376e-158
1.58376e-158
1.58376e-158
1.39205e-158
1.39205e-158
1.39205e-158
1.17187e-158
1.17187e-158
1.17187e-158
1.09837e-158
1.04948e-158
9.68285e-159
8.39417e-159
8.07226e-159
8.07226e-159
6.86121e-159
6.86121e-159
6.71107e-159
6.20078e-159
6.17338e-159
6.17338e-159
6.17338e-159
5.80653e-159
5.68532e-159
4.94163e-159
4.4539e-159
3.8402e-159
3.24614e-159
3.24614e-159
3.17367e-159
3.06973e-159
3.06973e-159
2.80051e-159
2.62738e-159
2.45338e-159
2.45338e-159
2.39858e-159
2.34347e-159
2.23629e-159
2.23629e-159
2.00993e-159
1.85496e-159
1.81373e-159
1.4961e-159
1.4961e-159
1.36253e-159
1.2917e-159
1.12652e-159
1.04377e-159
8.04745e-160
7.88185e-160
6.28312e-160
6.28312e-160
4.41366e-160
4.41366e-160
4.41366e-160
4.41366e-160
3.80175e-160
3.80175e-160
3.59062e-160
3.12559e-160
2.89669e-160
2.85812e-160
2.43568e-160
2.14689e-160
2.0237e-160
1.56799e-160
1.45943e-160
1.39542e-160
1.23165e-160
1.0393e-160
7.79763e-161
7.79763e-161
7.79763e-161
7.72794e-161
6.0442e-161
5.86005e-161
5.86005e-161
5.52672e-161
5.36005e-161
4.75164e-161
4.75164e-161
4.29434e-161
4.29434e-161
3.53957e-161
3.0214e-161
2.84613e-161
2.43277e-161
2.35798e-161
2.0787e-161
2.00759e-161
2.00759e-161
1.93976e-161
1.56082e-161
1.53179e-161
1.53179e-161
1.32537e-161
