2.40298e+008
1.26976e+008
1.26976e+008
1.26976e+008
5.05785e+007
5.05785e+007
5.05785e+007
5.05785e+007
5.05785e+007
4.94602e+007
2.11696e+007
1.55363e+007
1.0382e+007
6.16757e+006
6.16757e+006
6.16757e+006
5.74039e+006
5.45338e+006
5.45338e+006
4.77087e+006
4.12819e+006
4.12819e+006
3.27445e+006
2.13257e+006
2.13257e+006
2.01516e+006
1.96333e+006
1.70089e+006
1.70089e+006
1.44362e+006
1.18611e+006
1.18611e+006
861620
856997
733341
490080
490080
374084
374084
363557
363557
314651
128466
128466
115110
115110
115110
84606.1
84606.1
75418
65840.3
61556.3
45275.3
45275.3
31658
31658
31073.1
29554.6
18621.9
18621.9
18621.9
18621.9
17325.7
12083.6
12083.6
9786.23
9698.5
9698.5
9698.5
9698.5
8978.15
7415.01
5403.55
5403.55
5403.55
5403.55
5403.55
4238.74
3809.97
3635.57
3635.57
3635.57
3635.57
3386.94
3291.22
3291.22
2996.51
2996.51
2901.78
2810.76
2606.6
2477.01
2477.01
2219.17
1930.21
1930.21
1809.78
1742.44
1742.44
1742.44
1697.73
1657.2
1657.2
1622.93
1394.12
1330.56
1330.56
1248.37
1045.94
826.168
804.052
662.636
662.636
613.054
613.054
613.054
485.21
485.21
485.21
420.748
402.984
392.837
392.837
392.837
392.837
392.837
351.786
347.468
320.412
313.268
307.552
307.552
284.318
284.318
284.318
265.755
255.056
255.056
249.905
249.905
244.119
215.255
215.255
215.255
215.255
201.271
195.755
193.813
188.174
181.501
173.86
173.237
173.237
173.237
170.587
161.547
161.547
157.961
148.624
148.624
147.708
135.539
135.109
129.011
125.355
125.355
125.355
125.263
125.263
114.532
114.532
113.099
113.099
106.035
102.112
101.849
96.0537
91.7442
91.7442
85.1579
80.6112
77.8535
72.4221
71.4998
68.105
68.105
66.9181
66.9181
65.3284
61.8295
53.9886
53.9886
52.5382
52.5382
50.5474
47.6344
47.6344
47.3843
47.0596
46.6751
46.6751
45.7922
42.697
42.697
42.6347
41.2531
40.3777
40.1788
39.8686
38.3738
36.9648
35.4993
35.4993
34.7837
33.9605
31.6459
31.6459
31.6459
31.6459
31.6459
31.6459
31.6001
31.6001
30.7964
30.4676
30.4676
30.2239
30.1535
29.9536
29.5629
29.5629
29.4157
29.2583
29.2583
29.2411
29.2411
29.2181
29.0388
29.0036
29.0036
28.8828
28.8828
28.7488
28.5637
28.5602
28.5024
28.4112
28.3014
28.2013
27.996
27.996
27.9628
27.9628
27.9391
27.8478
27.8478
27.8478
27.7765
27.7149
27.675
27.6447
27.6269
27.5111
27.4054
27.4054
27.4054
27.4054
27.3409
27.2986
27.0662
27.0662
27.027
27.027
27.027
26.8857
26.8857
26.8857
26.8582
26.8582
26.8582
26.8582
26.8582
26.8582
26.8402
26.8402
26.8398
26.8394
26.7896
26.7292
26.7292
26.7125
26.6836
26.6526
26.6526
26.6069
26.5459
26.4955
26.4955
26.4321
26.3875
26.3875
26.3875
26.2831
26.2831
26.1868
26.1868
26.1868
26.1868
26.1868
26.1868
26.1868
26.1809
26.129
26.129
26.0982
26.0614
26.0614
26.0614
26.0614
26.0614
26.0462
25.9986
25.9986
25.9957
25.9957
25.9719
25.9719
25.9089
25.9089
25.9089
25.9089
25.9089
25.9056
25.9056
25.8592
25.8177
25.8177
25.8177
25.8177
25.8177
25.8116
25.8116
25.7391
25.5918
25.5918
25.5918
25.5918
25.5514
25.4874
25.4874
25.4874
25.4275
25.4045
25.3485
25.3412
25.3412
25.2681
25.2681
25.2681
25.2287
25.2287
25.2134
25.1141
25.1141
25.1141
25.1092
25.1092
25.1092
25.1092
25.0655
25.0655
25.0655
25.0655
25.0655
25.0007
24.9725
24.9725
24.9725
24.9725
24.9725
24.9455
24.9455
24.9455
24.9455
24.9265
24.9124
24.877
24.877
24.877
24.8478
24.846
24.7887
24.7734
24.7734
24.7297
24.6985
24.6496
24.6496
24.6496
24.5689
24.5689
24.4135
24.4135
24.325
24.2757
24.2757
24.2757
24.2757
24.2646
24.1778
24.1778
24.1065
24.1065
24.1065
24.0767
24.0767
24.0274
24.0274
24.0274
24.0274
24.0274
24.0274
24.0274
24.0274
24.0171
24.0171
24.0171
24.0034
23.9931
23.9684
23.9684
23.9603
23.9603
23.9603
23.9603
23.9603
23.9603
23.9603
23.9146
23.9146
23.8953
23.8952
23.8461
23.8221
23.8042
23.8042
23.7864
23.7364
23.7019
23.6702
23.6554
23.603
23.5141
23.5104
23.5005
23.4421
23.2944
23.252
23.2431
23.186
23.186
23.155
23.155
23.155
23.155
23.155
23.155
23.155
23.155
23.1481
23.096
23.096
23.0674
23.0674
23.0583
23.0583
23.0329
23.0225
22.9965
22.992
22.9892
22.9805
22.9572
22.9255
22.9255
22.9001
22.862
22.862
22.8457
22.7914
22.7631
22.7631
22.7631
22.7195
22.7099
22.6382
22.6382
22.6083
22.6078
22.5605
22.5605
22.5428
22.5428
22.4923
22.4831
22.4644
22.4644
22.4494
22.4494
22.3731
22.3161
22.3161
22.3161
22.3161
22.2884
22.1949
22.1664
22.1105
22.0682
22.0682
21.9805
21.9805
21.8695
21.8522
21.7259
21.7259
21.71
21.6924
21.5883
21.5883
21.5442
21.3694
21.3694
21.3694
21.3694
21.2632
21.2632
21.2042
21.2042
21.1933
21.1484
21.1484
21.0828
21.0828
21.062
21.062
21.0407
21.0407
21.0353
21.0207
21.0151
20.9901
20.9901
20.9824
20.9655
20.8915
20.8915
20.8915
20.8086
20.8086
20.726
20.726
20.7021
20.6519
20.6186
20.5468
20.5052
20.4716
20.4384
20.4114
20.3909
20.3214
20.2796
20.2125
20.2098
20.2098
20.1714
20.1714
20.1714
20.1714
20.1046
20.0526
20.0526
20.0363
20.0293
19.9576
19.9576
19.9525
19.9469
19.9337
19.9023
19.8962
19.8588
19.8223
19.8209
19.7959
19.7617
19.7287
19.6983
19.6781
19.5687
19.5687
19.5687
19.504
19.504
19.477
19.4137
19.3837
19.3451
19.3184
19.3047
19.2487
19.2205
19.2205
19.2079
19.1645
19.0615
19.05
19.0294
19.0188
18.9034
18.9034
18.9034
18.8985
18.8985
18.8985
18.8985
18.8815
18.8452
18.8104
18.7936
18.7936
18.7506
18.7107
18.7107
18.6893
18.6408
18.5981
18.5367
18.4833
18.4078
18.4078
18.4078
18.3697
18.2813
18.2813
18.2813
18.2813
18.2634
18.2301
18.1788
18.1297
18.1297
18.1224
18.1224
18.1112
18.0269
18.0121
18.0121
18.0046
17.9922
17.9508
17.8988
17.8988
17.8764
17.8553
17.8553
17.811
17.7686
17.7686
17.7189
17.6564
17.6326
17.5838
17.5838
17.5723
17.5245
17.4772
17.4229
17.4016
17.3968
17.3573
17.2807
17.277
17.273
17.229
17.0766
17.0766
16.9961
16.8639
16.8638
16.8638
16.7777
16.7329
16.6727
16.6031
16.5813
16.5794
16.5794
16.5693
16.5334
16.5257
16.4997
16.4761
16.4241
16.3945
16.3945
16.3817
16.3387
16.3387
16.3387
16.2828
16.2774
16.2058
16.1967
16.1657
16.0964
16.0829
16.0829
16.0829
16.073
16.0498
16.0486
16.0193
16.0095
16.0049
15.9927
15.9748
15.9416
15.916
15.8671
15.8082
15.8082
15.778
15.7196
15.7196
15.6833
15.6833
15.6623
15.6288
15.6015
15.5215
15.4776
15.4391
15.4062
15.4062
15.4054
15.3241
15.2973
15.2287
15.2171
15.0813
15.036
14.8831
14.7169
14.6376
14.5937
14.4285
14.3827
14.3455
14.3455
14.3455
14.3351
14.2827
14.2827
14.2492
14.2124
14.2124
14.1854
14.1524
14.1196
14.1196
14.0323
14.0251
14.0251
14.0251
13.9419
13.9419
13.9416
13.9217
13.8578
13.8578
13.7942
13.7689
13.7477
13.6918
13.6918
13.6648
13.6215
13.5939
13.4426
13.429
13.3873
13.2857
13.2682
13.2682
13.2682
13.2422
13.2422
13.2124
13.2124
13.192
13.192
13.1325
13.1308
13.1308
13.1308
13.1165
13.1068
13.0993
13.0993
13.0949
13.0907
13.0907
13.087
13.087
13.0786
13.0786
13.0681
13.0619
13.0619
13.0619
13.0595
13.0569
13.0521
13.0494
13.0494
13.0492
13.0492
13.0479
13.0354
13.0269
13.0192
13.0151
12.9714
12.9686
12.9375
12.911
12.8794
12.8099
12.8099
12.8042
12.7993
12.7837
12.7831
12.7831
12.7591
12.7318
12.7269
12.7118
12.6937
12.6717
12.6717
12.6717
12.6297
12.6089
12.5863
12.5752
12.5752
12.569
12.5633
12.5341
12.5341
12.5215
12.51
12.4745
12.4453
12.42
12.3711
12.3473
12.3145
12.3145
12.2945
12.2547
12.2184
12.2184
12.2049
12.1984
12.1984
12.1558
12.1486
12.1041
12.0999
12.0749
12.0261
12.025
12.0135
11.9762
11.9626
11.9197
11.9183
11.9183
11.8904
11.8836
11.8783
11.8684
11.8238
11.8095
11.7204
11.6904
11.6645
11.6587
11.5938
11.5372
11.4463
11.4019
11.2436
11.2004
11.2004
11.1226
11.1023
11.0627
11.0569
11.0569
11.0315
10.9996
10.9573
10.9573
10.8933
10.8933
10.8933
10.8884
10.8814
10.8814
10.8454
10.8454
10.8383
10.8232
10.8091
10.79
10.6349
10.5909
10.541
10.5127
10.5091
10.4807
10.4034
10.4034
10.4034
10.3767
10.3407
10.3407
10.2878
10.2808
10.2766
10.2341
10.1693
10.1409
10.1136
10.0591
9.96747
9.92131
9.90657
9.78308
9.78308
9.78308
9.69882
9.6894
9.6315
9.50348
9.43575
9.40893
9.37628
9.37628
9.30877
9.17236
9.16078
9.16078
9.0991
9.06993
9.02009
8.99206
8.80151
8.78466
8.72393
8.63249
8.63249
8.54466
8.51721
8.45119
8.45119
8.45119
8.45119
8.42531
8.42531
8.40528
8.40523
8.30894
8.30894
8.27906
8.27906
8.26767
8.21593
8.17553
8.13419
8.13419
8.12434
8.09975
8.07746
8.05035
8.05035
8.04397
7.98811
7.98811
7.94591
7.88127
7.81867
7.81867
7.72554
7.72554
7.69157
7.68263
7.65749
7.6007
7.6007
7.59596
7.59505
7.56802
7.526
7.46542
7.3893
7.34982
7.3097
7.2849
7.26133
7.22543
7.21377
7.15552
7.10155
7.10155
7.05611
7.01041
6.98539
6.98539
6.98539
6.91162
6.91162
6.88845
6.88845
6.81567
6.81567
6.78421
6.76437
6.65813
6.63408
6.63408
6.62519
6.60925
6.60864
6.59849
6.58405
6.56247
6.56168
6.56168
6.56168
6.55356
6.53675
6.51586
6.47615
6.46215
6.41286
6.38118
6.36167
6.33189
6.3218
6.29166
6.2505
6.14703
6.14703
6.14703
6.12734
6.12734
6.11976
6.11527
6.09921
6.09877
6.05337
6.03567
6.03567
6.03352
6.0112
5.96559
5.96559
5.96103
5.95399
5.93227
5.92528
5.90773
5.89446
5.87568
5.85742
5.84295
5.84295
5.79913
5.78367
5.77756
5.7674
5.7674
5.74259
5.73599
5.6872
5.66601
5.63205
5.61263
5.58631
5.57274
5.5704
5.55575
5.53414
5.48736
5.48736
5.42779
5.39071
5.39071
5.37838
5.36941
5.34023
5.34023
5.34023
5.33509
5.33206
5.30328
5.28832
5.27402
5.19357
5.19357
5.17736
5.16274
5.11054
5.04909
4.97215
4.90786
4.90285
4.88349
4.80954
4.78562
4.78562
4.75764
4.72066
4.6934
4.62497
4.59806
4.56366
4.55763
4.50911
4.49254
4.49254
4.4365
4.41437
4.16283
4.14156
4.13025
4.02616
3.99864
3.92957
3.92957
3.92211
3.92211
3.83775
3.83124
3.83124
3.80133
3.77999
3.77999
3.73413
3.73334
3.68884
3.66974
3.66312
3.64694
3.64552
3.59875
3.58497
3.58056
3.56468
3.54198
3.54198
3.5176
3.5176
3.5176
3.5176
3.51745
3.46547
3.46547
3.46547
3.4646
3.44922
3.44922
3.43015
3.40927
3.40741
3.40741
3.40741
3.40741
3.38455
3.3717
3.36181
3.34836
3.32112
3.3111
3.25279
3.2465
3.2465
3.19471
3.16692
3.14956
3.13537
3.11026
3.11026
3.08856
3.08487
3.05872
3.05872
3.04117
3.02355
3.00705
3.00671
2.95394
2.95004
2.94734
2.94022
2.94022
2.9268
2.90514
2.88363
2.88363
2.87298
2.87286
2.87202
2.86722
2.8596
2.8596
2.8496
2.84302
2.84146
2.82813
2.82311
2.81103
2.80603
2.80603
2.79908
2.78683
2.78165
2.77361
2.76548
2.76393
2.75537
2.74548
2.74171
2.71398
2.71018
2.69521
2.68143
2.66139
2.64065
2.64065
2.62981
2.59913
2.59913
2.59913
2.59886
2.57075
2.56005
2.55311
2.53701
2.53339
2.51828
2.51828
2.51742
2.51742
2.49635
2.47529
2.46629
2.4586
2.44949
2.41913
2.41913
2.39975
2.38612
2.37501
2.36401
2.35186
2.33793
2.3249
2.2848
2.27514
2.27315
2.26588
2.253
2.25018
2.25018
2.24141
2.24073
2.215
2.20085
2.20085
2.17718
2.14383
2.13855
2.11296
2.09238
2.03992
2.03992
1.94213
1.93656
1.89065
1.89065
1.89065
1.88532
1.84363
1.83109
1.80852
1.78332
1.7625
1.75674
1.75674
1.75509
1.75509
1.72143
1.69744
1.69119
1.64479
1.62124
1.58872
1.58872
1.58872
1.58872
1.58872
1.58509
1.54353
1.53478
1.53478
1.51159
1.50421
1.50421
1.50421
1.48918
1.46768
1.46768
1.43693
1.40591
1.40417
1.38932
1.36093
1.35188
1.32789
1.31856
1.29271
1.2901
1.26159
1.26133
1.2406
1.18414
1.15087
1.14032
1.11988
1.11904
1.09227
1.04474
1.04427
1.02966
0.991909
0.991909
0.991909
0.943962
0.943962
0.898552
0.890535
0.872434
0.866643
0.859678
0.846397
0.821739
0.796059
0.777323
0.777323
0.776827
0.724433
0.710702
0.675986
0.675986
0.660955
0.645098
0.610731
0.601771
0.601432
0.58285
0.527825
0.527825
0.500696
0.493225
0.493225
0.48251
0.477528
0.453792
0.438985
0.419113
0.414848
0.367091
0.367091
0.350229
0.350229
0.341377
0.331812
0.331812
0.299145
0.299145
0.278225
0.278225
0.278225
0.270611
0.270611
0.257271
0.241601
0.236607
0.222463
0.220267
0.208879
0.205926
0.205926
0.201994
0.201254
0.182686
0.176555
0.176555
0.174752
0.167953
0.151973
0.151973
0.151973
0.147139
0.147139
0.147139
0.147139
0.141924
0.141924
0.139841
0.139081
0.136119
0.136119
0.133801
0.133801
0.13083
0.127075
0.12289
0.116016
0.116016
0.116016
0.114525
0.110977
0.106526
0.106526
0.106526
0.102747
0.102528
0.100088
0.0998655
0.0951052
0.0932076
0.0879149
0.0835704
0.0835704
0.0818022
0.0788957
0.0771714
0.0713363
0.0680269
0.067862
0.0637259
0.0637259
0.0622676
0.0622676
0.0607729
0.0607729
0.0596152
0.0580604
0.0580604
0.0552473
0.0552473
0.0550271
0.0533663
0.0531848
0.0505015
0.0488348
0.0464361
0.0464361
0.0439727
0.0425853
0.0390224
0.0390224
0.0390224
0.0387916
0.0386589
0.0370822
0.0370822
0.0363292
0.0357521
0.0355526
0.0350102
0.0346138
0.0341129
0.0338456
0.0338456
0.0337758
0.0331662
0.0331482
0.0324648
0.0324648
0.0324648
0.0322726
0.0322726
0.0322726
0.0312528
0.0310828
0.0308203
0.0302283
0.0298019
0.0298019
0.0292685
0.0289666
0.0288134
0.0285289
0.0279732
0.0270357
0.0270279
0.0263838
0.0259141
0.0259141
0.0257762
0.0257269
0.0254262
0.0254262
0.0252466
0.0252466
0.0252104
0.0251055
0.0250714
0.0250714
0.0249519
0.0249519
0.0246787
0.0242019
0.0238709
0.0236377
0.0234229
0.0230525
0.0228654
0.0228654
0.0225871
0.0223604
0.0219793
0.0215428
0.0213525
0.0209521
0.0207241
0.0207241
0.0206194
0.0202556
0.0199907
0.0191265
0.0189074
0.0186591
0.0184364
0.0184364
0.018238
0.0176247
0.0175181
0.0167853
0.0167853
0.0167853
0.0158615
0.0156373
0.0151673
0.0150172
0.0149759
0.0147863
0.0146196
0.0145489
0.0144814
0.0139771
0.0137489
0.0133523
0.0133181
0.0127166
0.0126329
0.0123703
0.0120123
0.0114326
0.0114063
0.0112462
0.011099
0.0104731
0.0102048
0.00993431
0.00976804
0.00963827
0.00953461
0.00925288
0.0091482
0.00888895
0.00873271
0.00847067
0.00823309
0.00797939
0.007324
0.00713471
0.00635837
0.00635837
0.00625344
0.00593208
0.00587619
0.00564469
0.00555802
0.00553308
0.0054163
0.00534591
0.00500349
0.00500349
0.00471778
0.00471778
0.00468511
0.0046011
0.00456107
0.00449104
0.00446906
0.00439233
0.00431766
0.00408035
0.00399089
0.00367417
0.00353225
0.00345655
0.00345655
0.00345655
0.00337873
0.00307465
0.00307465
0.00307465
0.00307465
0.00307465
0.00307465
0.00293072
0.00293072
0.00293072
0.00293072
0.00293072
0.0028427
0.0028427
0.00278131
0.00278131
0.00278131
0.00277926
0.00277926
0.00275352
0.00264992
0.00264992
0.00261383
0.00255009
0.00252292
0.00252292
0.00249757
0.00249377
0.00248166
0.00248166
0.00244525
0.00244221
0.0024147
0.00233461
0.00233009
0.00227608
0.00227608
0.00227608
0.00221831
0.00221831
0.00220353
0.00216392
0.00211516
0.00210696
0.00202434
0.00202434
0.00202434
0.0019973
0.00199032
0.00184087
0.0017881
0.00175411
0.00172291
0.00172291
0.00169081
0.0016615
0.00157429
0.00156943
0.00154746
0.00154746
0.00154746
0.00154746
0.00151412
0.0014469
0.0013972
0.00136472
0.00131432
0.00125347
0.00118205
0.00118205
0.00115104
0.00114123
0.00114123
0.00114123
0.00112766
0.00109203
0.00106573
0.0010637
0.000998422
0.000965307
0.000965307
0.000942609
0.000925124
0.000890602
0.000890602
0.000845
0.000830489
0.000753881
0.000684389
0.000627776
0.000584657
0.000524891
0.00051442
0.00051442
0.000480979
0.000439766
0.000401981
0.000401981
0.00040173
0.000369558
0.000369558
0.000369558
0.000369558
0.000369558
0.000364379
0.000346276
0.000346276
0.00033555
0.00033555
0.000322546
0.000308978
0.00030555
0.00030555
0.000298749
0.000294216
0.000285297
0.000285297
0.000268735
0.000259604
0.000255863
0.000253029
0.000247805
0.000247805
0.000246689
0.000239217
0.000239217
0.000237173
0.000235703
0.000234289
0.000229682
0.00022233
0.000217369
0.000217369
0.000212945
0.000207681
0.000207681
0.000204771
0.000201167
0.000191639
0.000183571
0.000176487
0.000168805
0.00015723
0.000146972
0.000146972
0.000133775
0.000133775
0.000133775
0.000133775
0.000131844
0.000125312
0.000123008
0.000104296
0.000100076
9.49726e-005
9.49726e-005
8.67959e-005
8.29288e-005
8.29288e-005
8.29288e-005
8.27896e-005
7.70022e-005
7.68607e-005
7.49065e-005
7.49065e-005
7.48225e-005
7.17352e-005
7.14586e-005
7.14586e-005
6.92512e-005
6.65899e-005
6.55699e-005
6.35221e-005
6.23928e-005
6.23928e-005
5.94558e-005
5.94558e-005
5.94558e-005
5.80466e-005
5.7515e-005
5.60819e-005
5.60819e-005
5.49212e-005
5.41162e-005
5.27886e-005
5.21309e-005
5.02832e-005
4.95348e-005
4.88254e-005
4.84014e-005
4.73777e-005
4.73777e-005
4.72295e-005
4.65879e-005
4.39155e-005
4.39155e-005
4.32176e-005
4.29923e-005
4.1976e-005
4.1842e-005
4.1842e-005
4.12723e-005
4.12723e-005
4.08853e-005
4.05837e-005
4.05556e-005
4.04868e-005
4.01921e-005
4.01921e-005
3.97114e-005
3.93399e-005
3.93364e-005
3.88915e-005
3.78636e-005
3.77563e-005
3.66041e-005
3.66041e-005
3.62809e-005
3.61761e-005
3.59476e-005
3.59476e-005
3.55697e-005
3.55697e-005
3.55213e-005
3.53538e-005
3.48861e-005
3.38668e-005
3.37791e-005
3.33287e-005
3.28344e-005
3.28344e-005
3.25034e-005
3.24347e-005
3.24347e-005
3.23808e-005
3.21645e-005
3.21645e-005
3.16567e-005
3.16544e-005
3.12033e-005
3.10513e-005
3.05045e-005
3.05045e-005
2.99434e-005
2.97885e-005
2.94314e-005
2.9136e-005
2.9136e-005
2.88922e-005
2.85216e-005
2.83633e-005
2.83633e-005
2.82454e-005
2.81817e-005
2.77207e-005
2.74469e-005
2.7099e-005
2.68533e-005
2.65556e-005
2.65556e-005
2.634e-005
2.62669e-005
2.59192e-005
2.59144e-005
2.57693e-005
2.52704e-005
2.48531e-005
2.45609e-005
2.45609e-005
2.45159e-005
2.40839e-005
2.37815e-005
2.35907e-005
2.30843e-005
2.30843e-005
2.30843e-005
2.25447e-005
2.23608e-005
2.23608e-005
2.1712e-005
2.05597e-005
1.97181e-005
1.94968e-005
1.83299e-005
1.83299e-005
1.70309e-005
1.62214e-005
1.55903e-005
1.38627e-005
1.38627e-005
1.37231e-005
1.34024e-005
1.28704e-005
1.28704e-005
1.25716e-005
1.1902e-005
1.14392e-005
1.10118e-005
1.06208e-005
1.03066e-005
1.03066e-005
9.86326e-006
9.61174e-006
9.324e-006
9.02425e-006
9.02079e-006
8.77867e-006
8.66776e-006
8.25042e-006
7.98509e-006
7.26705e-006
7.26705e-006
7.19617e-006
6.78622e-006
6.43433e-006
6.43433e-006
6.35793e-006
5.87051e-006
5.8101e-006
5.79059e-006
5.33503e-006
4.28469e-006
4.28469e-006
4.24542e-006
4.24542e-006
3.92772e-006
3.92772e-006
3.92772e-006
3.75567e-006
3.75567e-006
3.64312e-006
3.44608e-006
2.8874e-006
2.8874e-006
2.69525e-006
2.69525e-006
2.68677e-006
2.43771e-006
2.43771e-006
2.26576e-006
2.2589e-006
2.01011e-006
2.01011e-006
1.96095e-006
1.90064e-006
1.84854e-006
1.76274e-006
1.76274e-006
1.76274e-006
1.76134e-006
1.46466e-006
1.46466e-006
1.46466e-006
1.41646e-006
1.41646e-006
1.36862e-006
1.25598e-006
1.25598e-006
1.12562e-006
1.11909e-006
1.04526e-006
8.77088e-007
8.24273e-007
8.24273e-007
8.24273e-007
8.00914e-007
7.61625e-007
7.61625e-007
7.61625e-007
7.61625e-007
7.17603e-007
7.17603e-007
7.17603e-007
6.92721e-007
6.6454e-007
6.6454e-007
6.6454e-007
6.45861e-007
6.34876e-007
5.85536e-007
5.5874e-007
5.07334e-007
5.05211e-007
5.05211e-007
4.81526e-007
4.74805e-007
4.70613e-007
4.57055e-007
4.521e-007
4.521e-007
4.21628e-007
4.04143e-007
3.81599e-007
3.72751e-007
3.67861e-007
3.56788e-007
3.48526e-007
3.39866e-007
3.15356e-007
3.15356e-007
3.15356e-007
3.10249e-007
2.94545e-007
2.94545e-007
2.94545e-007
2.94545e-007
2.87667e-007
2.78302e-007
2.71967e-007
2.71967e-007
2.71967e-007
2.56479e-007
2.53557e-007
2.53524e-007
2.43656e-007
2.41356e-007
2.3112e-007
2.12283e-007
2.114e-007
2.01403e-007
1.80401e-007
1.63876e-007
1.63876e-007
1.63876e-007
1.50741e-007
1.50741e-007
1.50741e-007
1.49678e-007
1.48883e-007
1.45232e-007
1.41332e-007
1.40954e-007
1.36297e-007
1.36297e-007
1.33936e-007
1.33936e-007
1.27372e-007
1.19118e-007
1.18054e-007
1.18054e-007
1.10941e-007
1.09505e-007
1.05763e-007
1.00656e-007
1.00656e-007
1.00395e-007
9.81243e-008
9.48947e-008
8.96635e-008
8.96635e-008
8.96635e-008
8.87562e-008
8.68719e-008
8.42084e-008
8.13496e-008
7.96176e-008
7.96176e-008
7.76902e-008
7.39696e-008
7.1609e-008
7.1609e-008
7.04952e-008
6.90932e-008
6.61875e-008
6.61875e-008
6.61875e-008
6.46004e-008
6.39295e-008
6.33673e-008
6.1212e-008
5.67772e-008
5.54941e-008
5.54941e-008
5.39652e-008
5.29107e-008
4.90611e-008
4.88501e-008
4.81685e-008
4.68579e-008
4.59329e-008
4.55433e-008
4.40372e-008
4.16443e-008
4.16443e-008
4.13487e-008
3.87061e-008
3.87061e-008
3.87061e-008
3.75726e-008
3.71904e-008
3.61356e-008
3.58194e-008
3.42199e-008
3.41123e-008
3.35246e-008
3.10074e-008
3.10074e-008
3.10074e-008
3.04914e-008
3.02371e-008
3.02371e-008
2.94561e-008
2.89267e-008
2.76764e-008
2.74369e-008
2.72014e-008
2.67674e-008
2.59066e-008
2.43419e-008
2.41171e-008
2.29412e-008
2.21764e-008
2.07251e-008
2.07006e-008
1.77328e-008
1.71228e-008
1.5872e-008
1.5872e-008
1.57242e-008
1.35086e-008
1.35086e-008
1.31626e-008
1.31626e-008
1.25321e-008
1.16507e-008
1.15861e-008
1.0366e-008
1.0366e-008
8.98572e-009
8.68186e-009
8.68186e-009
8.10744e-009
8.10744e-009
7.79395e-009
7.79395e-009
7.53677e-009
7.53677e-009
6.59661e-009
6.50371e-009
6.25276e-009
6.13042e-009
5.93899e-009
5.88551e-009
4.79966e-009
4.79966e-009
4.77239e-009
4.73088e-009
4.27573e-009
4.05364e-009
4.05364e-009
4.05364e-009
3.15024e-009
3.03365e-009
3.0031e-009
2.80588e-009
2.80588e-009
2.71942e-009
2.66241e-009
2.66241e-009
2.43198e-009
2.43198e-009
2.43198e-009
2.43198e-009
2.43198e-009
2.4051e-009
2.37026e-009
2.31318e-009
2.27425e-009
2.18975e-009
2.17191e-009
2.02067e-009
1.98884e-009
1.95254e-009
1.88964e-009
1.8798e-009
1.8042e-009
1.8042e-009
1.71217e-009
1.69791e-009
1.65223e-009
1.57896e-009
1.55979e-009
1.5218e-009
1.5218e-009
1.50116e-009
1.48998e-009
1.47704e-009
1.46259e-009
1.46259e-009
1.46253e-009
1.44074e-009
1.4082e-009
1.33446e-009
1.33446e-009
1.33446e-009
1.33446e-009
1.30595e-009
1.28346e-009
1.282e-009
1.27625e-009
1.23694e-009
1.21324e-009
1.20586e-009
1.17519e-009
1.17258e-009
1.14098e-009
1.12085e-009
1.12085e-009
1.06128e-009
1.06128e-009
1.06128e-009
1.06128e-009
1.05998e-009
1.04604e-009
1.04604e-009
1.04604e-009
1.04319e-009
1.03383e-009
1.01861e-009
1.0091e-009
1.00057e-009
9.93217e-010
9.84355e-010
9.68825e-010
9.68825e-010
9.66209e-010
9.66209e-010
9.532e-010
9.44258e-010
9.43329e-010
9.43329e-010
9.37074e-010
9.2816e-010
9.24455e-010
9.22678e-010
9.16237e-010
9.04885e-010
9.04885e-010
8.99572e-010
8.8068e-010
8.7985e-010
8.67972e-010
8.66998e-010
8.66958e-010
8.66958e-010
8.51858e-010
8.45767e-010
8.2162e-010
8.08582e-010
7.92416e-010
7.81525e-010
7.64672e-010
7.57426e-010
7.48909e-010
7.43639e-010
7.23592e-010
7.18249e-010
6.79873e-010
6.73758e-010
6.48037e-010
6.46442e-010
6.19148e-010
5.77654e-010
5.77654e-010
5.64049e-010
5.59563e-010
5.59563e-010
5.40739e-010
5.25747e-010
5.18497e-010
5.11358e-010
5.07613e-010
4.91042e-010
4.91042e-010
4.6728e-010
4.59834e-010
4.59834e-010
4.59834e-010
4.59834e-010
4.59483e-010
4.55213e-010
4.49453e-010
4.46897e-010
4.324e-010
4.31493e-010
4.20226e-010
4.05788e-010
4.05788e-010
4.03093e-010
4.02698e-010
3.96458e-010
3.86169e-010
3.86169e-010
3.82387e-010
3.77166e-010
3.76429e-010
3.6974e-010
3.6974e-010
3.58825e-010
3.58196e-010
3.52188e-010
3.52188e-010
3.51755e-010
3.48493e-010
3.44841e-010
3.40236e-010
3.31913e-010
3.29453e-010
3.20695e-010
3.20695e-010
3.19351e-010
3.16718e-010
3.16718e-010
3.16718e-010
3.15539e-010
3.15539e-010
3.11718e-010
3.11505e-010
3.0869e-010
3.07313e-010
3.04397e-010
3.01111e-010
2.99491e-010
2.99491e-010
2.96034e-010
2.96034e-010
2.96034e-010
2.9188e-010
2.89981e-010
2.79802e-010
2.79802e-010
2.79013e-010
2.74014e-010
2.74014e-010
2.74014e-010
2.69995e-010
2.6819e-010
2.66469e-010
2.62399e-010
2.55889e-010
2.55889e-010
2.50854e-010
2.45116e-010
2.45116e-010
2.45116e-010
2.43611e-010
2.35258e-010
2.35258e-010
2.32774e-010
2.29898e-010
2.29292e-010
2.25538e-010
2.20213e-010
2.18067e-010
2.1229e-010
2.03278e-010
2.03278e-010
1.98366e-010
1.95402e-010
1.87685e-010
1.85781e-010
1.8197e-010
1.74117e-010
1.67396e-010
1.67396e-010
1.67396e-010
1.60216e-010
1.56337e-010
1.51953e-010
1.51558e-010
1.46565e-010
1.42861e-010
1.33687e-010
1.32926e-010
1.28758e-010
1.19594e-010
1.19594e-010
1.12586e-010
1.12586e-010
1.08165e-010
1.01135e-010
8.98226e-011
8.91517e-011
8.85854e-011
8.06168e-011
7.93505e-011
7.93505e-011
7.7897e-011
7.7897e-011
7.60298e-011
7.07776e-011
7.07776e-011
7.07776e-011
6.99988e-011
6.57065e-011
6.16742e-011
6.16742e-011
6.0821e-011
5.59079e-011
5.42182e-011
5.39885e-011
4.88841e-011
4.39153e-011
4.17204e-011
3.95071e-011
3.8029e-011
3.19678e-011
3.19678e-011
2.86697e-011
2.65649e-011
2.63621e-011
2.55086e-011
2.55086e-011
2.45932e-011
2.25405e-011
2.00464e-011
2.00464e-011
1.61475e-011
1.61475e-011
1.61329e-011
1.61329e-011
1.61329e-011
1.61329e-011
1.61329e-011
1.53482e-011
1.53482e-011
1.38252e-011
1.32986e-011
1.19774e-011
1.13055e-011
1.08468e-011
1.02861e-011
1.02861e-011
1.02861e-011
9.9148e-012
9.07803e-012
8.53135e-012
7.50436e-012
6.84076e-012
6.84076e-012
6.84076e-012
6.84076e-012
6.84076e-012
6.84076e-012
6.84076e-012
6.76546e-012
6.60673e-012
6.23177e-012
6.23177e-012
6.01252e-012
5.97896e-012
5.88358e-012
5.71127e-012
5.47726e-012
5.17379e-012
5.17379e-012
5.12977e-012
4.94747e-012
4.80322e-012
4.80322e-012
4.79139e-012
4.49617e-012
4.48031e-012
4.47542e-012
4.47542e-012
4.47542e-012
4.45777e-012
4.02953e-012
4.02953e-012
3.7728e-012
3.41322e-012
3.41322e-012
3.3927e-012
3.3558e-012
3.19797e-012
3.16861e-012
3.16861e-012
3.13261e-012
3.07899e-012
3.07899e-012
2.95127e-012
2.86341e-012
2.86341e-012
2.81817e-012
2.54863e-012
2.54863e-012
2.34591e-012
2.34591e-012
2.04599e-012
2.04599e-012
2.04326e-012
1.94144e-012
1.90682e-012
1.90682e-012
1.90362e-012
1.83847e-012
1.78496e-012
1.65211e-012
1.61308e-012
1.5359e-012
1.51273e-012
1.43002e-012
1.43002e-012
1.34037e-012
1.27045e-012
1.23818e-012
1.2105e-012
1.17856e-012
1.17856e-012
1.17856e-012
1.1513e-012
1.1513e-012
1.1332e-012
1.08447e-012
1.05799e-012
1.04138e-012
1.01903e-012
9.75767e-013
9.55639e-013
9.44267e-013
8.718e-013
8.23942e-013
7.93959e-013
7.93959e-013
6.80628e-013
6.33418e-013
5.89819e-013
5.71976e-013
5.10262e-013
4.94763e-013
4.88473e-013
3.89015e-013
3.51274e-013
3.48282e-013
3.32691e-013
3.28221e-013
3.17629e-013
3.04199e-013
2.93282e-013
2.81686e-013
2.6528e-013
2.51851e-013
2.5158e-013
2.29484e-013
2.27663e-013
2.27663e-013
2.12991e-013
2.08761e-013
2.08761e-013
2.05183e-013
1.96515e-013
1.96515e-013
1.90988e-013
1.9017e-013
1.86316e-013
1.68927e-013
1.57461e-013
1.57461e-013
1.56519e-013
1.54756e-013
1.53382e-013
1.46743e-013
1.38235e-013
1.36743e-013
1.34391e-013
1.32734e-013
1.26147e-013
1.24481e-013
1.24481e-013
1.23548e-013
1.19981e-013
1.1594e-013
1.1099e-013
1.1099e-013
1.0748e-013
1.0748e-013
1.01619e-013
1.01619e-013
9.93812e-014
9.92208e-014
9.81532e-014
9.24317e-014
9.02778e-014
9.02778e-014
9.02778e-014
8.77641e-014
8.70935e-014
8.52369e-014
8.52369e-014
8.23848e-014
8.2327e-014
8.01126e-014
7.574e-014
7.54906e-014
7.54906e-014
7.24697e-014
6.97544e-014
6.97544e-014
6.65718e-014
6.64399e-014
6.39306e-014
6.10172e-014
5.94748e-014
5.93112e-014
5.84432e-014
5.68058e-014
5.65111e-014
5.44316e-014
5.44316e-014
5.26083e-014
5.07158e-014
4.9686e-014
4.5762e-014
4.47597e-014
4.38473e-014
4.35866e-014
4.27814e-014
4.08126e-014
4.08126e-014
3.90068e-014
3.90068e-014
3.90068e-014
3.88649e-014
3.47465e-014
3.47465e-014
3.33605e-014
3.23614e-014
3.23614e-014
3.12823e-014
3.00712e-014
2.80072e-014
2.79992e-014
2.77421e-014
2.70992e-014
2.64309e-014
2.49302e-014
2.49302e-014
2.45314e-014
2.42507e-014
2.15544e-014
2.15544e-014
2.07121e-014
2.00609e-014
1.91374e-014
1.91374e-014
1.91374e-014
1.88142e-014
1.77233e-014
1.75094e-014
1.61671e-014
1.55948e-014
1.55948e-014
1.55948e-014
1.48523e-014
1.38056e-014
1.31846e-014
1.27601e-014
1.25918e-014
1.23508e-014
1.21227e-014
1.15009e-014
1.15009e-014
1.1009e-014
1.05821e-014
1.05821e-014
1.00437e-014
9.55189e-015
9.09718e-015
9.09718e-015
8.90981e-015
8.63385e-015
8.50618e-015
8.50618e-015
8.25688e-015
8.25688e-015
8.08991e-015
8.08991e-015
8.08991e-015
7.93323e-015
7.6397e-015
7.6397e-015
7.6397e-015
7.6397e-015
7.6397e-015
7.57477e-015
7.32937e-015
7.32937e-015
7.28438e-015
7.18853e-015
7.13552e-015
7.01611e-015
6.80721e-015
6.80721e-015
6.75725e-015
6.59569e-015
6.56881e-015
6.4529e-015
6.29214e-015
6.27036e-015
6.1506e-015
5.95533e-015
5.95533e-015
5.94887e-015
5.86768e-015
5.76819e-015
5.70497e-015
5.57754e-015
5.48696e-015
5.48696e-015
5.48696e-015
5.46967e-015
5.45475e-015
5.39936e-015
5.35644e-015
5.30272e-015
5.21205e-015
5.14025e-015
5.05591e-015
5.03755e-015
5.01215e-015
4.94083e-015
4.91998e-015
4.91998e-015
4.90584e-015
4.85773e-015
4.85641e-015
4.84589e-015
4.75392e-015
4.73693e-015
4.66358e-015
4.6534e-015
4.64855e-015
4.6004e-015
4.6004e-015
4.59736e-015
4.5699e-015
4.52941e-015
4.51768e-015
4.42146e-015
4.35224e-015
4.28935e-015
4.25243e-015
4.25243e-015
4.25243e-015
4.20015e-015
4.19938e-015
4.16883e-015
4.09237e-015
4.02739e-015
3.93086e-015
3.90479e-015
3.69867e-015
3.69867e-015
3.68909e-015
3.68534e-015
3.66818e-015
3.54613e-015
3.53043e-015
3.47761e-015
3.47761e-015
3.36376e-015
3.2484e-015
3.13832e-015
3.13832e-015
3.11999e-015
3.10787e-015
3.04493e-015
3.04493e-015
3.04493e-015
3.01953e-015
2.91568e-015
2.87741e-015
2.80942e-015
2.71689e-015
2.71689e-015
2.69696e-015
2.52168e-015
2.52168e-015
2.41297e-015
2.15076e-015
2.04906e-015
1.99488e-015
1.97718e-015
1.72108e-015
1.66539e-015
1.66539e-015
1.59703e-015
1.52469e-015
1.38334e-015
1.30696e-015
1.30696e-015
1.17367e-015
1.11433e-015
1.11433e-015
1.11433e-015
1.05343e-015
7.84207e-016
7.84207e-016
6.97705e-016
6.56504e-016
5.70216e-016
5.70216e-016
5.70216e-016
5.70216e-016
5.70216e-016
5.36494e-016
5.36494e-016
5.22113e-016
5.08153e-016
5.0744e-016
5.0744e-016
4.99505e-016
4.72797e-016
4.29058e-016
4.14641e-016
4.14641e-016
4.06315e-016
3.70176e-016
3.70176e-016
3.66304e-016
3.63084e-016
3.49637e-016
3.47283e-016
3.35314e-016
3.30981e-016
3.0898e-016
3.0898e-016
3.0898e-016
2.84817e-016
2.83393e-016
2.83393e-016
2.6269e-016
2.56207e-016
2.53511e-016
2.47166e-016
2.37114e-016
2.15488e-016
2.0906e-016
1.78543e-016
1.7343e-016
1.6017e-016
1.58581e-016
1.58154e-016
1.57206e-016
1.57206e-016
1.53052e-016
1.44252e-016
1.44252e-016
1.44252e-016
1.44252e-016
1.37787e-016
1.37787e-016
1.32076e-016
1.29676e-016
1.234e-016
1.20169e-016
1.18801e-016
1.14186e-016
1.14006e-016
1.11197e-016
1.06582e-016
1.06582e-016
1.00158e-016
9.65237e-017
9.65237e-017
9.30618e-017
9.30618e-017
9.0821e-017
9.0821e-017
9.0821e-017
8.88282e-017
8.64828e-017
7.72395e-017
7.72395e-017
7.72395e-017
7.55276e-017
7.37651e-017
7.0813e-017
7.0813e-017
6.90786e-017
6.68376e-017
5.86429e-017
5.6193e-017
5.42576e-017
5.41914e-017
5.41914e-017
5.17433e-017
5.17433e-017
4.91512e-017
4.91512e-017
4.79835e-017
4.42525e-017
4.14894e-017
4.10082e-017
3.38525e-017
3.15385e-017
3.15385e-017
3.08237e-017
3.00549e-017
2.7956e-017
2.7956e-017
2.79129e-017
2.79129e-017
2.58998e-017
2.58998e-017
2.58998e-017
2.49968e-017
2.49968e-017
2.43934e-017
2.23654e-017
1.99918e-017
1.98654e-017
1.97749e-017
1.9631e-017
1.94601e-017
1.87282e-017
1.87282e-017
1.72207e-017
1.72207e-017
1.60802e-017
1.60802e-017
1.5365e-017
1.51634e-017
1.50897e-017
1.37774e-017
1.37774e-017
1.36254e-017
1.30385e-017
1.30385e-017
1.28226e-017
1.28226e-017
1.269e-017
1.269e-017
1.2593e-017
1.2593e-017
1.23548e-017
1.17966e-017
1.15395e-017
1.13178e-017
1.12495e-017
1.07459e-017
1.07459e-017
1.05364e-017
1.00697e-017
1.00697e-017
8.46841e-018
8.46841e-018
7.89002e-018
7.89002e-018
7.34213e-018
6.64629e-018
6.59219e-018
6.59219e-018
6.41674e-018
6.41674e-018
6.40044e-018
6.15089e-018
6.11318e-018
5.75045e-018
5.75045e-018
5.53092e-018
5.53092e-018
5.50729e-018
5.30679e-018
5.30679e-018
5.08614e-018
