422.753
374.538
373.929
373.929
352.848
315.63
273.887
273.887
273.887
273.887
273.887
273.887
273.887
273.887
273.887
262.096
262.096
262.096
262.096
262.096
262.096
229.994
229.994
229.994
229.994
229.994
229.994
229.994
229.994
229.994
229.994
229.994
229.994
229.994
229.994
229.994
229.994
229.994
229.994
229.994
210.077
210.077
210.077
210.077
210.077
210.077
210.077
210.077
210.077
210.077
210.077
210.077
210.077
210.077
210.077
210.077
210.077
167.254
167.254
167.254
167.254
167.254
167.254
167.254
167.254
167.254
167.254
165.892
165.892
165.892
165.892
165.892
165.892
165.892
165.892
165.892
165.892
165.892
165.892
165.892
165.892
165.892
165.892
165.892
165.892
165.892
165.892
165.892
165.892
165.892
165.892
165.892
165.892
165.892
165.892
165.892
165.892
165.892
165.892
165.892
165.892
165.892
165.892
165.892
165.892
165.892
165.892
165.892
165.892
165.892
165.892
165.892
165.892
165.892
165.892
165.892
163.45
163.45
163.45
163.45
163.45
163.45
163.45
163.45
163.45
163.45
163.45
163.45
163.45
163.45
163.45
163.45
163.45
163.45
163.45
163.45
163.45
163.45
163.45
163.45
163.45
163.45
163.45
163.45
163.45
163.45
163.45
163.45
148.099
148.099
148.099
148.099
148.099
148.099
148.099
148.099
148.099
148.099
148.099
148.099
148.099
140.397
140.397
140.397
140.397
140.397
140.397
140.397
140.397
140.397
140.397
140.397
140.397
140.397
140.397
140.397
140.397
140.397
140.397
129.923
129.923
129.923
129.923
129.923
129.923
129.923
129.923
129.923
129.923
129.923
129.923
129.923
129.923
129.923
129.923
129.923
129.923
129.923
129.923
129.923
129.923
129.923
129.923
129.923
129.923
125.94
125.94
125.94
125.94
125.94
125.94
125.94
125.94
125.94
125.94
125.94
125.94
125.94
120.946
120.946
120.946
120.946
120.946
120.946
120.946
120.946
120.946
120.946
120.946
120.666
120.666
120.666
120.666
120.666
120.666
120.666
119.967
119.967
119.967
111.823
111.823
111.823
111.823
111.823
111.823
111.823
111.823
111.823
111.823
111.823
111.823
111.823
109.234
109.234
109.234
109.234
109.234
109.234
99.9207
99.9207
97.2678
97.2678
97.2678
97.2678
97.2678
97.2678
97.2678
97.2678
97.2678
97.2678
97.2678
97.2678
97.2678
97.2678
97.2678
89.017
89.017
89.017
89.017
89.017
89.017
89.017
89.017
89.017
89.017
85.6146
85.6146
85.6146
85.6146
85.6146
85.6146
85.6146
85.6146
85.6146
85.6146
85.6146
85.6146
85.6146
85.6146
85.6146
85.6146
83.3058
83.3058
83.3058
83.3058
83.3058
80.2419
80.2419
80.2419
80.2419
80.2419
80.2419
77.5076
77.5076
77.5076
77.5076
77.5076
77.5076
77.5076
77.5076
77.5076
73.8157
73.8157
73.8157
73.8157
73.8157
69.2313
69.2313
69.2313
69.2313
69.2313
68.6938
68.6938
68.6938
64.1524
59.0585
59.0585
53.9633
53.9633
53.9633
53.9633
53.9633
52.7416
51.0088
51.0088
51.0088
50.8799
50.8799
50.8799
50.8799
50.8799
50.8799
50.8799
50.8799
50.8799
50.8799
48.0082
48.0082
47.9223
47.9223
47.9223
47.9223
47.7368
47.7368
47.7368
47.7368
47.7368
47.7368
45.3114
45.3114
45.3114
45.3114
45.3114
45.3114
45.3114
45.3114
45.3114
45.3114
45.3114
45.3114
45.3114
45.3114
45.3114
45.3114
45.3114
45.3114
45.3114
44.1528
44.1528
43.1165
43.1165
43.1165
42.0265
42.0265
42.0265
42.0265
42.0265
42.0265
42.0265
42.0265
42.0265
42.0265
42.0265
42.0265
42.0265
41.2895
41.2698
41.2698
41.2698
41.2698
41.2698
41.2698
41.2698
41.2698
41.2698
41.2698
41.2698
41.2698
41.2698
41.2698
41.2698
41.2698
41.2698
41.2698
41.2698
41.2698
41.2698
41.2698
41.2698
41.2698
40.541
40.541
40.541
40.3513
40.3513
40.3513
40.3513
40.3513
40.3513
40.3513
40.3513
40.3513
40.3513
40.3513
40.3513
40.3513
40.0998
39.7707
38.7693
38.7693
38.7693
38.7693
38.7693
32.4161
32.4161
32.4161
30.4223
30.0938
30.0938
30.0938
28.7758
28.7758
28.7758
28.7758
28.7758
28.7758
28.7758
27.1789
27.1789
27.1789
27.1789
27.1789
27.1789
27.1477
27.1477
27.1477
27.1477
27.1477
27.1477
27.1477
27.1477
27.1477
27.1477
27.1477
26.7441
26.7441
26.7441
26.7441
26.7441
26.7441
26.7441
26.7441
26.7441
25.9644
25.9644
25.9644
25.9644
25.0724
23.8953
23.8459
23.8459
23.8459
23.1756
23.1756
23.1756
23.1756
23.1756
23.1756
23.1756
22.2987
22.2987
22.2987
22.2987
22.2987
21.2436
20.4233
20.4233
20.4233
20.4233
20.4233
20.4233
20.4233
20.4233
20.4233
20.4233
20.4233
20.4233
20.4233
20.4233
20.4233
20.0442
20.042
20.042
18.449
18.449
18.449
18.449
18.449
18.449
18.449
17.7796
17.7796
17.6935
17.6935
17.6935
17.6935
17.4224
17.4224
15.0608
15.0608
15.0608
15.0608
15.0608
15.0608
15.0608
15.0608
13.7796
13.7757
12.1687
12.1687
12.1687
12.1687
12.1687
12.1687
12.1687
12.1374
12.1374
12.1374
12.1374
12.1374
12.1374
12.1374
12.1374
12.1374
12.1374
12.0427
12.0427
11.42
11.42
11.42
11.0793
11.0793
11.0793
10.6087
10.6087
10.6087
10.6087
10.6087
10.6087
10.3642
10.3642
10.3642
10.3018
10.3018
10.3018
10.3018
10.3018
9.4696
9.4696
9.4696
9.4696
9.4696
9.4696
9.4696
9.4696
9.4696
9.4696
9.4696
9.4696
9.4696
9.4696
9.39127
9.39127
9.39127
9.39127
9.39127
9.39127
9.35642
9.35642
8.20028
8.20028
8.1741
8.1741
8.1741
8.1741
7.85631
7.85631
7.85631
7.85631
7.85631
7.85631
7.85337
7.85337
7.85337
7.85337
7.85337
7.80467
7.79802
7.79802
7.79802
7.63353
7.63353
7.63353
7.63353
7.63353
7.61575
7.61575
7.59069
6.75711
6.75711
6.75711
6.69728
6.69728
6.69728
6.69728
6.69728
6.69728
6.69728
6.69728
6.69728
6.69728
6.6599
6.6599
6.6599
6.6599
6.6599
6.6599
6.64537
6.64537
6.41292
6.41063
6.41063
6.41063
6.41063
6.14617
6.14617
6.14617
6.1225
6.1225
6.1225
6.1225
6.1225
5.84044
5.84044
5.84044
5.84044
5.84044
5.45864
5.45864
5.45864
5.45864
5.40428
5.23909
5.23909
5.23909
5.23909
5.23909
5.23909
5.11572
4.98826
4.98826
4.9433
4.84452
4.84452
4.84452
4.25527
4.25527
4.21668
4.21668
4.21668
4.21668
4.19241
4.19241
4.02388
3.97743
3.97743
3.97743
3.27343
3.1157
3.1157
3.11129
3.11129
3.11129
3.11129
3.11129
3.11129
3.11129
3.11129
2.32627
2.32627
2.32627
2.32627
2.32627
2.32627
2.32627
2.32627
2.32574
2.32574
2.32574
2.32538
2.32267
2.32267
2.32267
2.32267
2.32267
1.81243
1.81243
1.81243
1.81243
1.81176
1.78057
1.78057
1.78057
1.65921
1.65921
1.65921
1.65921
1.17058
1.17058
1.17058
1.17058
1.16863
1.16863
1.16863
1.16863
1.15945
1.15852
1.15809
1.15809
1.15186
1.15186
1.15186
1.15186
1.13564
1.13564
1.13564
1.13131
1.13131
1.13131
1.13131
1.13131
1.12502
0.973549
0.97025
0.97025
0.97025
0.959095
0.954687
0.954687
0.954687
0.954687
0.954687
0.626625
0.626625
0.625427
0.587866
0.587866
0.587866
0.576833
0.576833
0.576833
0.576833
0.576833
0.576833
0.576833
0.573738
0.573738
0.573738
0.573738
0.559576
0.559576
0.559576
0.426443
0.426443
0.416541
0.409398
0.409398
0.407756
0.407664
0.40752
0.2586
0.2586
0.2586
0.2586
0.2586
0.2586
0.2586
0.2586
0.25212
0.25212
0.25212
0.25212
0.25212
0.25212
0.25212
0.174454
0.174454
0.174454
0.174454
0.173616
0.173616
0.173616
0.149901
0.149901
0.149901
0.149901
0.149901
0.149901
0.149753
0.149753
0.149753
0.143023
0.143023
0.143023
0.142345
0.142345
0.140071
0.140071
0.13991
0.139617
0.13929
0.13929
0.13929
0.13929
0.13929
0.13929
0.13929
0.13485
0.120737
0.120735
0.120735
0.1196
0.104265
0.104265
0.104265
0.104088
0.104088
0.104088
0.104088
0.104088
0.0925719
0.0817389
0.0756954
0.0756954
0.0700398
0.0700398
0.0700398
0.0661201
0.0661201
0.0661201
0.0661201
0.0655233
0.0655233
0.0655233
0.0648158
0.0645148
0.0635967
0.063171
0.0598068
0.0598068
0.0598068
0.0598068
0.0598068
0.0598068
0.0598068
0.0318947
0.0318947
0.0318947
0.0318947
0.0318947
0.0318947
0.0318947
0.0312047
0.0312047
0.0312047
0.0312047
0.0312047
0.0312047
0.0312047
0.0312047
0.0311934
0.0296661
0.0296661
0.0296604
0.0296604
0.0246089
0.0246089
0.0246083
0.024598
0.024598
0.024598
0.024598
0.0245951
0.0245951
0.0245951
0.0245951
0.0245951
0.0245951
0.0241611
0.0241611
0.0241611
0.0241611
0.0241611
0.0241539
0.022943
0.022943
0.022943
0.022943
0.020202
0.020202
0.020202
0.020202
0.020202
0.0197302
0.0197251
0.0156043
0.0156043
0.0143506
0.0143506
0.0143506
0.0137593
0.0128606
0.0128576
0.0128576
0.0125183
0.0125183
0.0125183
0.0124017
0.00770104
0.00770104
0.00770104
0.00716835
0.00705567
0.00705567
0.00704639
0.00704639
0.00704639
0.00698393
0.00698393
0.00698393
0.00698393
0.00698393
0.00698393
0.00698393
0.00660438
0.00637259
0.00637259
0.00637259
0.00637259
0.00637259
0.00637259
0.00637259
0.00637259
0.00637259
0.00533378
0.00533378
0.00533378
0.00533378
0.00533378
0.00533378
0.00533378
0.00533378
0.00533378
0.00518578
0.00518578
0.00518578
0.00514251
0.00514251
0.00513982
0.00513982
0.0051395
0.0051395
0.0051395
0.0051395
0.0051395
0.00513342
0.00513342
0.00513112
0.00513112
0.00513112
0.00504673
0.00471656
0.00471656
0.0035999
0.0035999
0.0035999
0.0035999
0.0035999
0.00358969
0.00358947
0.00358947
0.00358947
0.00358947
0.00358947
0.00358717
0.00342814
0.00342814
0.00342814
0.00342814
0.00336916
0.00336916
0.00310064
0.00310064
0.00310064
0.00310064
0.00310017
0.00300712
0.00300467
0.00300467
0.00300467
0.00276391
0.00276391
0.00276391
0.00261718
0.00261718
0.00261718
0.00261718
0.00261718
0.00261407
0.00155247
0.00155247
0.00155247
0.00155247
0.00155247
0.00155247
0.00155247
0.00155247
0.00155247
0.00155247
0.00155247
0.00155247
0.00146705
0.00146705
0.00145295
0.00140754
0.00140754
0.00140747
0.00140747
0.00140747
0.00140747
0.00132791
0.00132791
0.00130314
0.00111242
0.000935188
0.000935188
0.00080793
0.00080793
0.000807658
0.000807658
0.000807658
0.000807405
0.000729079
0.000729079
0.000729079
0.000729079
0.000729079
0.000729079
0.000729079
0.000729079
0.000703796
0.000703796
0.000703796
0.000636429
0.000636429
0.00063615
0.00057823
0.000232354
0.000232354
0.000232354
0.000232354
0.000232354
0.000228222
0.000228222
0.000228222
0.000228222
0.000226916
0.000226916
0.000226916
0.000226916
0.000226557
0.000226557
0.000221694
0.000221694
0.000221694
0.000221694
0.000219494
0.000219494
0.000219494
0.000219494
0.000219494
0.000216792
0.000216792
0.000216792
0.000189884
0.000189884
0.000189884
0.00018887
0.000168422
0.000168422
0.000168422
0.000168422
0.000168422
0.000168422
0.00016532
0.000164087
0.000164087
0.000158725
0.000158725
0.0001585
0.0001585
0.0001585
0.0001585
0.0001585
0.0001585
0.000150447
0.000150447
0.000150447
0.000150447
0.000150447
0.000150447
0.000150447
8.87545e-05
8.87545e-05
8.87545e-05
8.86748e-05
8.86748e-05
8.86748e-05
8.86748e-05
8.86748e-05
8.86748e-05
8.86748e-05
8.86748e-05
8.86748e-05
8.86748e-05
8.86748e-05
8.65092e-05
8.65092e-05
8.65092e-05
8.65092e-05
8.64642e-05
8.64642e-05
8.64642e-05
7.76945e-05
7.76945e-05
7.76246e-05
7.76246e-05
7.76246e-05
7.76246e-05
7.76246e-05
7.76246e-05
7.76246e-05
7.76246e-05
5.45075e-05
5.00852e-05
5.00852e-05
5.00852e-05
5.00852e-05
5.00852e-05
5.00852e-05
5.00852e-05
5.00852e-05
5.00852e-05
5.00852e-05
5.00203e-05
5.00203e-05
5.00203e-05
5.00203e-05
5.00203e-05
5.00203e-05
5.00138e-05
5.00138e-05
5.00138e-05
5.00138e-05
5.00138e-05
4.94524e-05
4.94524e-05
4.94524e-05
4.94524e-05
4.94524e-05
4.93819e-05
4.93819e-05
4.93819e-05
4.93819e-05
4.93819e-05
4.93819e-05
4.93819e-05
4.93819e-05
3.35838e-05
3.35838e-05
3.34603e-05
3.34603e-05
3.34603e-05
3.34603e-05
3.34603e-05
3.34603e-05
3.34603e-05
3.34603e-05
3.34603e-05
3.34603e-05
3.34603e-05
3.34603e-05
3.3383e-05
3.3383e-05
3.33281e-05
3.33281e-05
3.32262e-05
1.94264e-05
1.94264e-05
9.03712e-06
9.03712e-06
9.03712e-06
9.03712e-06
9.03712e-06
9.03712e-06
9.03712e-06
9.03712e-06
9.03712e-06
9.03712e-06
9.03712e-06
8.73479e-06
8.73479e-06
8.73479e-06
8.73479e-06
8.58802e-06
8.58802e-06
8.30242e-06
8.30242e-06
8.29819e-06
8.25921e-06
6.42895e-06
6.42895e-06
6.42895e-06
6.42895e-06
6.42895e-06
6.42895e-06
6.42895e-06
6.42895e-06
6.40559e-06
6.40559e-06
6.39849e-06
6.3485e-06
6.3485e-06
6.3485e-06
6.3485e-06
6.3485e-06
6.3485e-06
5.43908e-06
5.43908e-06
5.42072e-06
5.42072e-06
5.42072e-06
5.40894e-06
5.40894e-06
5.40894e-06
5.40894e-06
5.40894e-06
5.40894e-06
5.40894e-06
5.40894e-06
5.40894e-06
5.40894e-06
5.40894e-06
5.40894e-06
5.07736e-06
5.07736e-06
5.07732e-06
5.07732e-06
5.06286e-06
5.06215e-06
5.06215e-06
4.88374e-06
4.88374e-06
2.84776e-06
2.84776e-06
2.01723e-06
2.01723e-06
2.01723e-06
2.00967e-06
2.00967e-06
2.00967e-06
1.93649e-06
1.93649e-06
1.93649e-06
1.93649e-06
1.93649e-06
1.84581e-06
1.84504e-06
1.84225e-06
1.84225e-06
1.84225e-06
1.84057e-06
1.84057e-06
1.84057e-06
1.84057e-06
1.84057e-06
1.78125e-06
1.78125e-06
1.5666e-06
1.45359e-06
1.40389e-06
1.1592e-06
1.1592e-06
1.1414e-06
1.1414e-06
1.10634e-06
8.0326e-07
8.0326e-07
8.0326e-07
8.0326e-07
8.0326e-07
8.0326e-07
8.0326e-07
8.0326e-07
8.0326e-07
8.0326e-07
8.0051e-07
8.00352e-07
8.00352e-07
7.39783e-07
7.38963e-07
6.64861e-07
6.64861e-07
6.64861e-07
6.60784e-07
6.60784e-07
6.60784e-07
6.60784e-07
6.05696e-07
6.05696e-07
6.05696e-07
6.05696e-07
5.7855e-07
5.7855e-07
5.7855e-07
5.776e-07
5.62498e-07
5.54303e-07
5.54303e-07
5.54303e-07
5.54303e-07
5.54303e-07
5.51807e-07
5.51807e-07
5.51807e-07
5.51807e-07
5.49062e-07
5.46895e-07
5.46895e-07
5.46895e-07
4.84979e-07
4.84979e-07
4.84979e-07
4.75316e-07
4.51368e-07
4.51368e-07
4.51368e-07
4.51368e-07
4.51368e-07
4.2903e-07
4.29026e-07
4.29026e-07
4.29026e-07
4.29026e-07
4.10013e-07
4.10013e-07
3.55885e-07
3.55885e-07
3.55885e-07
2.45679e-07
2.45679e-07
2.45679e-07
2.45679e-07
2.45679e-07
2.44365e-07
2.42648e-07
2.42648e-07
2.42648e-07
2.42648e-07
2.42409e-07
2.42409e-07
2.42409e-07
2.42409e-07
2.42409e-07
2.42409e-07
2.42409e-07
2.41408e-07
2.406e-07
2.06772e-07
2.06772e-07
2.06772e-07
2.06648e-07
1.9718e-07
1.9718e-07
1.9718e-07
1.96831e-07
1.96831e-07
1.96066e-07
1.96066e-07
1.75495e-07
1.75495e-07
1.75495e-07
1.75495e-07
1.75495e-07
1.54623e-07
1.54623e-07
1.00358e-07
7.31804e-08
7.13375e-08
7.13375e-08
6.6132e-08
6.6132e-08
6.59411e-08
6.59411e-08
6.59411e-08
6.59411e-08
6.59411e-08
6.59411e-08
6.22711e-08
6.22711e-08
6.22711e-08
6.14389e-08
6.14389e-08
6.14389e-08
6.14389e-08
5.56527e-08
5.56527e-08
5.56527e-08
5.56527e-08
5.56527e-08
5.56527e-08
5.56527e-08
5.56527e-08
5.56527e-08
5.56527e-08
5.54463e-08
5.26341e-08
5.26341e-08
5.26341e-08
5.26341e-08
5.26341e-08
5.26341e-08
4.50764e-08
4.50503e-08
4.50503e-08
4.50503e-08
4.50503e-08
4.50503e-08
4.50503e-08
4.04583e-08
4.04583e-08
4.0442e-08
4.0442e-08
4.0442e-08
4.0442e-08
4.0442e-08
3.92391e-08
3.92391e-08
3.92391e-08
3.92298e-08
3.91489e-08
3.91489e-08
3.91489e-08
3.39985e-08
3.36625e-08
3.36625e-08
3.36606e-08
3.36606e-08
3.35958e-08
3.087e-08
2.15228e-08
2.15228e-08
2.15228e-08
2.14791e-08
2.14791e-08
2.14791e-08
2.12608e-08
2.12606e-08
2.12606e-08
2.12606e-08
2.09456e-08
2.09273e-08
2.09273e-08
2.09273e-08
1.5024e-08
1.5024e-08
1.50034e-08
1.50034e-08
1.50034e-08
1.50034e-08
1.49487e-08
1.49487e-08
1.49487e-08
1.49487e-08
1.49487e-08
1.49487e-08
1.48266e-08
1.38713e-08
1.38713e-08
1.37856e-08
1.37856e-08
1.37855e-08
1.37855e-08
1.37855e-08
1.37855e-08
1.37855e-08
1.37855e-08
1.37855e-08
1.37855e-08
1.37166e-08
1.36107e-08
1.3591e-08
1.19424e-08
1.19424e-08
1.19424e-08
1.19424e-08
1.19424e-08
4.97545e-09
4.47367e-09
4.01383e-09
4.01383e-09
3.86611e-09
3.86611e-09
3.82315e-09
3.82315e-09
3.82315e-09
3.82315e-09
3.82315e-09
3.82315e-09
3.82315e-09
3.67045e-09
3.67045e-09
3.67045e-09
3.67045e-09
3.67045e-09
3.67045e-09
3.67045e-09
3.67045e-09
3.67045e-09
3.66863e-09
3.66863e-09
3.66863e-09
3.63211e-09
3.63211e-09
3.63211e-09
3.63211e-09
3.63211e-09
3.60211e-09
3.60211e-09
3.6019e-09
3.2093e-09
3.2093e-09
3.2093e-09
3.2093e-09
3.2093e-09
3.2093e-09
3.2093e-09
2.76747e-09
2.74229e-09
2.57575e-09
2.57575e-09
2.57562e-09
2.57562e-09
2.57562e-09
2.57449e-09
2.57373e-09
2.57296e-09
2.57296e-09
2.57296e-09
2.1949e-09
2.1949e-09
2.19342e-09
2.19342e-09
2.16536e-09
1.99266e-09
1.99266e-09
1.99266e-09
1.99266e-09
1.99266e-09
1.99266e-09
1.76611e-09
1.7076e-09
1.7076e-09
1.62574e-09
1.56409e-09
1.35502e-09
1.35502e-09
1.35485e-09
1.35485e-09
1.35485e-09
1.35485e-09
1.2952e-09
1.29518e-09
1.29518e-09
1.29518e-09
1.24604e-09
1.11959e-09
1.11688e-09
1.11688e-09
1.11688e-09
1.11688e-09
1.05589e-09
1.05589e-09
8.86574e-10
8.86574e-10
8.86091e-10
7.71019e-10
6.1339e-10
6.1339e-10
6.1339e-10
6.13385e-10
5.94751e-10
5.94751e-10
5.94405e-10
5.79398e-10
5.79398e-10
5.79398e-10
5.79398e-10
5.79398e-10
4.35163e-10
4.35163e-10
4.35163e-10
3.3933e-10
3.3933e-10
3.36607e-10
3.36579e-10
3.36579e-10
3.17106e-10
3.17106e-10
3.17106e-10
3.17106e-10
3.06743e-10
3.06743e-10
3.06743e-10
3.06743e-10
3.06743e-10
3.0621e-10
3.00272e-10
3.00064e-10
3.00064e-10
3.00064e-10
3.00064e-10
2.95133e-10
2.95133e-10
2.95133e-10
2.95133e-10
2.95104e-10
2.93836e-10
2.93836e-10
2.93367e-10
2.93367e-10
2.93367e-10
2.93367e-10
2.22252e-10
2.21416e-10
2.21416e-10
1.98691e-10
1.98691e-10
1.98691e-10
1.98691e-10
1.98691e-10
9.74509e-11
9.73284e-11
9.71774e-11
9.71774e-11
9.71774e-11
9.71774e-11
9.71774e-11
9.68114e-11
9.68114e-11
9.68114e-11
9.48575e-11
8.17071e-11
8.14637e-11
8.14637e-11
8.14637e-11
8.14637e-11
8.06679e-11
8.06679e-11
8.06679e-11
8.06679e-11
8.06679e-11
8.00977e-11
8.00977e-11
8.00977e-11
8.00959e-11
8.00959e-11
7.5973e-11
7.46567e-11
7.46567e-11
7.46567e-11
7.46567e-11
7.46567e-11
6.3082e-11
6.3082e-11
6.3082e-11
6.3082e-11
6.13269e-11
6.13269e-11
6.13003e-11
6.13003e-11
6.13003e-11
6.13003e-11
6.13003e-11
6.12239e-11
6.12239e-11
6.12239e-11
6.12239e-11
6.12239e-11
6.12239e-11
6.12239e-11
6.12239e-11
6.12239e-11
6.12239e-11
6.12239e-11
6.00728e-11
5.76481e-11
5.76481e-11
5.64402e-11
5.61844e-11
5.59837e-11
5.59837e-11
5.59837e-11
5.552e-11
4.67129e-11
4.67129e-11
4.63949e-11
4.54907e-11
4.53024e-11
4.53024e-11
4.51532e-11
4.51319e-11
4.31726e-11
4.31726e-11
3.79714e-11
3.48077e-11
3.48077e-11
3.18821e-11
3.18821e-11
3.18821e-11
3.18821e-11
3.00613e-11
2.91021e-11
2.91021e-11
2.62972e-11
2.62972e-11
2.62883e-11
2.62883e-11
2.62883e-11
2.62883e-11
2.62741e-11
2.21068e-11
2.21068e-11
2.21068e-11
2.21068e-11
2.21068e-11
2.21068e-11
1.86375e-11
1.86375e-11
1.86375e-11
1.86375e-11
1.86375e-11
1.70584e-11
1.49534e-11
1.12372e-11
1.12372e-11
1.04823e-11
1.04823e-11
1.04823e-11
1.04823e-11
1.04823e-11
8.32046e-12
8.32046e-12
8.29914e-12
6.81588e-12
6.74483e-12
6.74483e-12
5.91704e-12
5.91704e-12
5.91704e-12
5.88685e-12
5.88685e-12
5.88685e-12
5.40012e-12
5.28644e-12
5.28644e-12
5.28644e-12
5.27933e-12
5.27933e-12
5.27933e-12
5.27933e-12
5.27933e-12
5.20295e-12
5.08926e-12
5.08926e-12
5.08926e-12
5.08926e-12
5.08926e-12
5.08926e-12
5.01821e-12
5.01821e-12
4.49241e-12
4.49241e-12
4.49241e-12
3.54561e-12
2.60769e-12
2.60769e-12
2.60769e-12
2.60769e-12
2.60769e-12
2.60769e-12
2.60769e-12
2.60769e-12
2.60769e-12
2.5917e-12
2.5917e-12
2.5917e-12
2.49045e-12
2.49045e-12
2.49045e-12
2.46914e-12
2.46914e-12
2.46381e-12
2.45315e-12
1.61826e-12
1.61826e-12
1.61826e-12
1.61826e-12
1.61826e-12
1.6076e-12
1.6076e-12
1.60227e-12
1.60227e-12
1.60227e-12
1.60227e-12
1.60227e-12
1.60227e-12
1.60227e-12
1.60227e-12
1.60227e-12
1.59162e-12
1.59162e-12
1.59162e-12
1.58984e-12
1.53122e-12
1.46905e-12
1.46905e-12
1.21503e-12
1.21503e-12
1.21503e-12
1.21503e-12
1.14575e-12
1.14575e-12
1.14575e-12
1.14575e-12
1.14575e-12
9.52127e-13
9.52127e-13
9.52127e-13
9.52127e-13
9.52127e-13
9.52127e-13
9.52127e-13
9.52127e-13
9.18376e-13
9.18376e-13
9.18376e-13
9.18376e-13
9.14824e-13
9.14824e-13
9.11271e-13
9.11271e-13
4.93827e-13
4.93827e-13
4.24549e-13
4.24549e-13
4.24549e-13
4.24549e-13
4.24549e-13
4.24549e-13
4.24549e-13
4.24549e-13
4.24549e-13
4.24549e-13
4.24549e-13
4.24549e-13
3.71259e-13
3.71259e-13
3.71259e-13
3.71259e-13
3.33955e-13
3.33955e-13
3.33955e-13
3.33955e-13
3.33955e-13
3.32179e-13
3.32179e-13
3.32179e-13
3.32179e-13
3.32179e-13
2.2915e-13
2.2915e-13
2.2915e-13
2.2915e-13
2.25597e-13
2.25597e-13
2.25597e-13
2.25597e-13
2.11386e-13
2.11386e-13
2.11386e-13
2.0961e-13
2.0961e-13
2.0961e-13
2.0961e-13
2.07834e-13
2.07834e-13
2.07834e-13
2.07834e-13
2.07834e-13
2.07834e-13
2.07834e-13
1.97176e-13
1.97176e-13
1.75859e-13
1.75859e-13
1.54543e-13
1.54543e-13
1.52767e-13
1.52767e-13
1.36779e-13
1.36779e-13
1.27898e-13
1.04805e-13
9.76996e-14
9.76996e-14
9.76996e-14
9.76996e-14
9.76996e-14
9.23706e-14
9.23706e-14
9.23706e-14
9.23706e-14
9.05942e-14
9.05942e-14
9.05942e-14
9.05942e-14
9.05942e-14
9.05942e-14
9.05942e-14
9.05942e-14
9.05942e-14
9.05942e-14
9.05942e-14
9.05942e-14
9.05942e-14
9.05942e-14
8.17124e-14
4.26326e-14
4.26326e-14
4.26326e-14
4.26326e-14
3.73035e-14
3.73035e-14
3.73035e-14
3.73035e-14
3.73035e-14
3.73035e-14
3.73035e-14
3.73035e-14
3.01981e-14
3.01981e-14
2.84217e-14
2.84217e-14
2.84217e-14
2.84217e-14
2.66454e-14
2.66454e-14
2.4869e-14
2.4869e-14
2.4869e-14
1.95399e-14
1.95399e-14
1.95399e-14
1.95399e-14
1.95399e-14
1.95399e-14
1.06581e-14
1.06581e-14
1.06581e-14
1.06581e-14
1.06581e-14
1.06581e-14
1.06581e-14
1.06581e-14
1.06581e-14
1.06581e-14
1.06581e-14
8.88178e-15
8.88178e-15
8.88178e-15
8.88178e-15
8.88178e-15
8.88178e-15
8.88178e-15
8.88178e-15
8.88178e-15
8.88178e-15
8.88178e-15
8.88178e-15
8.88178e-15
8.88178e-15
8.88178e-15
8.88178e-15
7.10543e-15
7.10543e-15
7.10543e-15
7.10543e-15
7.10543e-15
7.10543e-15
7.10543e-15
7.10543e-15
7.10543e-15
7.10543e-15
7.10543e-15
7.10543e-15
7.10543e-15
7.10543e-15
7.10543e-15
7.10543e-15
7.10543e-15
7.10543e-15
7.10543e-15
7.10543e-15
7.10543e-15
7.10543e-15
5.32907e-15
5.32907e-15
5.32907e-15
5.32907e-15
5.32907e-15
5.32907e-15
5.32907e-15
5.32907e-15
5.32907e-15
5.32907e-15
5.32907e-15
5.32907e-15
5.32907e-15
5.32907e-15
5.32907e-15
3.55271e-15
3.55271e-15
3.55271e-15
3.55271e-15
3.55271e-15
3.55271e-15
3.55271e-15
3.55271e-15
3.55271e-15
3.55271e-15
3.55271e-15
3.55271e-15
3.55271e-15
1.77636e-15
1.77636e-15
1.77636e-15
1.77636e-15
1.77636e-15
1.77636e-15
1.77636e-15
1.77636e-15
1.77636e-15
1.77636e-15
1.77636e-15
1.77636e-15
0
0
0
0
0
0
0
0
0
0
0
0
0
0
0
0
0
0
0
0
0
0
0
0
0
0
0
0
0
0
0
0
0
0
0
0
0
0
0
0
0
0
0
0
0
0
0
0
0
0
0
0
0
0
0
0
0
0
0
0
0
0
0
0
0
0
0
0
0
0
0
0
0
0
0
0
0
0
0
0
0
0
0
0
0
0
0
0
0
0
0
0
0
0
0
0
0
0
0
0
0
0
0
0
0
0
0
0
0
0
0
0
0
0
0
0
0
0
0
0
0
0
0
0
0
0
0
0
0
0
0
0
0
0
0
0
0
0
0
0
0
0
0
0
0
0
0
0
0
0
0
0
0
0
0
0
0
0
0
0
0
0
0
0
0
0
0
0
0
0
0
0
0
0
0
0
0
0
0
0
0
0
0
0
0
0
0
0
0
0
0
0
0
0
0
0
0
0
0
0
0
0
0
0
0
0
0
0
0
0
0
0
0
0
0
0
0
0
0
0
0
0
0
0
0
0
0
0
0
0
0
0
0
0
0
0
0
0
0
0
0
0
0
0
0
0
0
0
0
0
0
0
0
0
0
0
0
0
0
0
0
0
0
0
0
0
0
0
0
0
0
0
0
0
0
0
0
0
0
0
0
0
0
0
0
0
0
0
0
0
0
0
0
0
0
0
0
0
0
0
0
0
0
0
0
0
0
0
0
0
0
0
0
0
0
0
0
0
0
0
0
0
0
0
0
0
0
0
0
0
0
0
0
0
0
0
0
0
0
0
0
0
0
0
0
0
0
0
0
0
0
0
0
0
0
0
0
0
0
0
0
0
0
0
0
0
0
0
0
0
0
0
0
0
0
0
0
0
0
0
0
0
0
0
0
0
0
0
0
0
0
0
0
0
0
0
0
0
0
0
0
0
0
0
0
0
0
0
0
0
0
0
0
0
0
0
0
0
0
0
0
0
0
0
0
0
0
0
0
0
0
0
0
0
0
0
0
0
0
0
0
0
0
0
0
0
0
0
0
0
0
0
0
0
0
0
0
0
0
0
0
0
0
0
0
0
0
0
0
0
0
0
0
0
0
0
0
0
0
0
0
0
0
0
0
0
0
0
0
0
0
0
0
0
0
0
0
0
0
0
0
0
0
0
0
0
0
0
0
0
0
0
0
0
0
0
0
0
0
0
0
0
0
0
0
0
0
0
0
0
0
0
0
0
0
0
0
0
0
0
0
0
0
0
0
0
0
0
0
0
0
0
0
0
0
0
0
0
0
0
0
0
0
0
0
0
0
0
0
0
0
0
0
0
0
0
0
0
0
0
0
0
0
0
0
0
0
0
0
0
0
0
0
0
0
0
0
0
0
0
0
0
0
0
0
0
0
0
0
0
0
0
0
0
0
0
0
0
0
0
0
0
0
0
0
0
0
0
0
0
0
0
0
0
0
0
0
0
0
0
0
0
0
0
0
0
0
0
0
0
0
0
0
0
0
0
0
0
0
0
0
0
0
0
0
0
0
0
0
0
0
0
0
0
0
0
0
0
0
0
0
0
0
0
0
0
0
0
0
0
0
0
0
0
0
0
0
0
0
0
0
0
0
0
0
0
0
0
0
0
0
0
0
0
0
0
0
0
0
0
0
0
0
0
0
0
0
0
0
0
0
0
0
0
0
0
0
0
0
0
0
0
0
0
0
0
0
0
0
0
0
0
0
0
0
0
0
0
0
0
0
0
0
0
0
0
0
0
0
0
0
0
0
0
0
0
0
0
0
0
0
0
0
0
0
0
0
0
0
0
0
0
0
0
0
0
0
0
0
0
0
0
0
0
0
0
0
0
0
0
0
0
0
0
0
0
0
0
0
0
0
0
0
0
0
0
0
0
0
0
0
0
0
0
0
0
0
0
0
0
0
0
0
0
0
0
0
0
0
0
0
0
0
0
0
0
0
0
0
0
0
0
0
0
0
0
0
0
0
0
0
0
0
0
0
0
0
0
0
0
0
0
0
0
0
0
0
0
0
0
0
0
0
0
0
0
0
0
0
0
0
0
0
0
0
0
0
0
0
0
0
0
0
0
0
0
0
0
0
0
0
0
0
0
0
0
0
0
0
0
0
0
0
0
0
0
0
0
0
0
0
0
0
0
0
0
0
0
0
0
0
0
0
0
0
0
0
0
0
0
0
0
0
0
0
0
0
0
0
0
0
0
0
0
0
0
0
0
0
0
0
0
0
0
0
0
0
0
0
0
0
0
0
0
0
0
0
0
0
0
0
0
0
0
0
0
0
0
0
0
0
0
0
0
0
0
0
0
0
0
0
0
0
0
0
0
0
0
0
0
0
0
0
0
0
0
0
0
0
0
0
0
0
0
0
0
0
0
0
0
0
0
0
0
0
0
0
0
0
0
0
0
0
0
0
0
0
0
0
0
0
0
0
0
0
0
0
0
0
0
0
0
0
0
0
0
0
0
0
0
0
0
0
0
0
0
0
0
0
0
0
0
0
0
0
0
0
0
0
0
0
0
0
0
0
0
0
0
0
0
0
0
0
0
0
0
0
0
0
0
0
0
0
0
0
0
0
0
0
0
0
0
0
0
0
0
0
0
0
0
0
0
0
0
0
0
0
0
0
0
0
0
0
0
0
0
0
0
0
0
0
0
0
0
0
0
0
0
0
0
0
0
0
0
0
0
0
0
0
0
0
0
0
0
0
0
0
0
0
0
0
0
0
0
0
0
0
0
0
0
0
0
0
0
0
0
0
0
0
0
0
0
0
0
0
0
0
0
0
0
0
0
0
0
0
0
0
0
0
0
0
0
0
0
0
0
0
0
0
0
0
0
0
0
0
0
0
0
0
0
0
0
0
0
0
0
0
0
0
0
0
0
0
0
0
0
0
0
0
0
0
0
0
0
0
0
0
0
0
0
0
0
0
0
0
0
0
0
0
0
0
0
0
0
0
0
0
0
0
0
0
0
0
0
0
0
0
0
0
0
0
0
0
0
0
0
0
0
0
0
0
0
0
0
0
0
0
0
0
0
0
0
0
0
0
0
0
0
0
0
0
0
0
0
0
0
0
0
0
0
0
0
0
0
0
0
0
0
0
0
0
0
0
0
0
0
0
0
0
0
0
0
0
0
0
0
0
0
0
0
0
0
0
0
0
0
0
0
0
0
0
0
0
0
0
0
0
0
0
0
0
0
0
0
0
0
0
0
0
0
0
0
0
0
0
0
0
0
0
0
0
0
0
0
0
0
0
0
0
0
0
0
0
0
0
0
0
0
0
0
0
0
0
0
0
0
0
0
0
0
0
0
0
0
0
0
0
0
0
0
0
0
0
0
0
0
0
0
0
0
0
0
0
0
0
0
0
0
0
0
0
0
0
0
0
0
0
0
0
0
0
0
0
0
0
0
0
0
0
0
0
0
0
0
0
0
0
0
0
0
0
0
0
0
0
0
0
0
0
0
0
0
0
0
0
0
0
0
0
0
0
0
0
0
0
0
0
0
0
0
0
0
0
0
0
0
0
0
0
0
0
0
0
0
0
0
0
0
0
0
0
0
0
0
0
0
0
0
0
0
0
0
0
0
0
0
0
0
0
0
0
0
0
0
0
0
0
0
0
0
0
0
0
0
0
0
0
0
0
0
0
0
0
0
0
0
0
0
0
0
0
0
0
0
0
0
0
0
0
0
0
0
0
0
0
0
0
0
0
0
0
0
0
0
0
0
0
0
0
0
0
0
0
0
0
0
0
0
0
0
0
0
0
0
0
0
0
0
0
0
0
0
0
0
0
0
0
0
0
0
0
0
0
0
0
0
0
0
0
0
0
0
0
0
0
0
0
0
0
0
0
0
0
0
0
0
0
0
0
0
0
0
0
0
0
0
0
0
0
0
0
0
0
0
0
0
0
0
0
0
0
0
0
0
0
0
0
0
0
0
0
0
0
0
0
0
0
0
0
0
0
0
0
0
0
0
0
0
0
0
0
0
0
0
0
0
0
0
0
0
0
0
0
0
0
0
0
0
0
0
0
0
0
0
0
0
0
0
0
0
0
0
0
0
0
0
0
0
0
0
0
0
0
0
0
0
0
0
0
0
0
0
0
0
0
0
0
0
0
0
0
0
0
0
0
0
0
0
0
0
0
0
0
0
0
0
0
0
0
0
0
0
0
0
0
0
0
0
0
0
0
0
0
0
0
0
0
0
0
0
0
0
0
0
0
0
0
0
0
0
0
0
0
0
0
0
0
0
0
0
0
0
0
0
0
0
0
0
0
0
0
0
0
0
0
0
0
0
0
0
0
0
0
0
0
0
0
0
0
0
0
0
0
0
0
0
0
0
0
0
0
0
0
0
0
0
0
0
0
0
0
0
0
0
0
0
0
0
0
0
0
0
0
0
0
0
0
0
0
0
0
0
0
0
0
0
0
0
0
0
0
0
0
0
0
0
0
0
0
0
0
0
0
0
0
0
0
0
0
0
0
0
0
0
0
0
0
0
0
0
0
0
0
0
0
0
0
0
0
0
0
0
0
0
0
0
0
0
0
0
0
0
0
0
0
0
0
0
0
0
0
0
0
0
0
0
0
0
0
0
0
0
0
0
0
0
0
0
0
0
0
0
0
0
0
0
0
0
0
0
0
0
0
0
0
0
0
0
0
0
0
0
0
0
0
0
0
0
0
0
0
0
0
0
0
0
0
0
0
0
0
0
0
0
0
0
0
0
0
0
0
0
0
0
0
0
0
0
0
0
0
0
0
0
0
0
0
0
0
0
0
0
0
0
0
0
0
0
0
0
0
0
0
0
0
0
0
0
0
0
0
0
0
0
0
0
0
0
0
0
0
0
0
0
0
0
0
0
0
0
0
0
0
0
0
0
0
0
0
0
0
0
0
0
0
0
0
0
0
0
0
0
0
0
0
0
0
0
0
0
0
0
0
0
0
0
0
0
0
0
0
0
0
0
0
0
0
0
0
0
0
0
0
0
0
0
0
0
0
0
0
0
0
0
0
0
0
0
0
0
0
0
0
0
0
0
0
0
0
0
0
0
0
0
0
0
0
0
0
0
0
0
0
0
0
0
0
0
0
0
0
0
0
0
0
0
0
0
0
0
0
0
0
0
0
0
0
0
0
0
0
0
0
0
0
0
0
0
0
0
0
0
0
0
0
0
0
0
0
0
0
0
0
0
0
0
0
0
0
0
0
0
0
0
0
0
0
0
0
0
0
0
0
0
0
0
0
0
0
0
0
0
0
0
0
0
0
0
0
0
0
0
0
0
0
0
0
0
0
0
0
0
0
0
0
0
0
0
0
0
0
0
0
0
0
0
0
0
0
0
0
0
0
0
0
0
0
0
0
0
0
0
0
0
0
0
0
0
0
0
0
0
0
0
0
0
0
0
0
0
0
0
0
0
0
0
0
0
0
0
0
0
0
0
0
0
0
0
0
0
0
0
0
0
0
0
0
0
0
0
0
0
0
0
0
0
0
0
0
0
0
0
0
0
0
0
0
0
0
0
0
0
0
0
0
0
0
0
0
0
0
0
0
0
0
0
0
0
0
0
0
0
0
0
0
0
0
0
0
0
0
0
0
0
0
0
0
0
0
0
0
0
0
0
0
0
0
0
0
0
0
0
0
0
0
0
0
0
0
0
0
0
0
0
0
0
0
0
0
0
0
0
0
0
0
0
0
0
0
0
0
0
0
0
0
0
0
0
0
0
0
0
0
0
0
0
0
0
0
0
0
0
0
0
0
0
0
0
0
0
0
0
0
0
0
0
0
0
0
0
0
0
0
0
0
0
0
0
0
0
0
0
0
0
0
0
0
0
0
0
0
0
0
0
0
0
0
0
0
0
0
0
0
0
0
0
0
0
0
0
0
0
0
0
0
0
0
0
0
0
0
0
0
0
0
0
0
0
0
0
0
0
0
0
0
0
0
0
0
0
0
0
0
0
0
0
0
0
0
0
0
0
0
0
0
0
0
0
0
0
0
0
0
0
0
0
0
0
0
0
0
0
0
0
0
0
0
0
0
0
0
0
0
0
0
0
0
0
0
0
0
0
0
0
0
0
0
0
0
0
0
0
0
0
0
0
0
0
0
0
0
0
0
0
0
0
0
0
0
0
0
0
0
0
0
0
0
0
0
0
0
0
0
0
0
0
0
0
0
0
0
0
0
0
0
0
0
0
0
0
0
0
0
0
0
0
0
0
0
0
0
0
0
0
0
0
0
0
0
0
0
0
0
0
0
0
0
0
0
0
0
0
0
0
0
0
0
0
0
0
0
0
0
0
0
0
0
0
0
0
0
0
0
0
0
0
0
0
0
0
0
0
0
0
0
0
0
0
0
0
0
0
0
0
0
0
0
0
0
0
0
0
0
0
0
0
0
0
0
0
0
0
0
0
0
0
0
0
0
0
0
0
0
0
0
0
0
0
0
0
0
0
0
0
0
0
0
0
0
0
0
0
0
0
0
0
0
0
0
0
0
0
0
0
0
0
0
0
0
0
0
0
0
0
0
0
0
0
0
0
0
0
0
0
0
0
0
0
0
0
0
0
0
0
0
0
0
0
0
0
0
0
0
0
0
0
0
0
0
0
0
0
0
0
0
0
0
0
0
0
0
0
0
0
0
0
0
0
0
0
0
0
0
0
0
0
0
0
0
0
0
0
0
0
0
0
0
0
0
0
0
0
0
0
0
0
0
0
0
0
0
0
0
0
0
0
0
0
0
0
0
0
0
0
0
0
0
0
0
0
0
0
0
0
0
0
0
0
0
0
0
0
0
0
0
0
0
0
0
0
0
0
0
0
0
0
0
0
0
0
0
0
0
0
0
0
0
0
0
0
0
0
0
0
0
0
0
0
0
0
0
0
0
0
0
0
0
0
0
0
0
0
0
0
0
0
0
0
0
0
0
0
0
0
0
0
0
0
0
0
0
0
0
0
0
0
0
0
0
0
0
0
0
0
0
0
0
0
0
0
0
0
0
0
0
0
0
0
0
0
0
0
0
0
0
0
0
0
0
0
0
0
0
0
0
0
0
0
0
0
0
0
0
0
0
0
0
0
0
0
0
0
0
0
0
0
0
0
0
0
0
0
0
0
0
0
0
0
0
0
0
0
0
0
0
0
0
0
0
0
0
0
0
0
0
0
0
0
0
0
0
0
0
0
0
0
0
0
0
0
0
0
0
0
0
0
0
0
0
0
0
0
0
0
0
0
0
0
0
0
0
0
0
0
0
0
0
0
0
0
0
0
0
0
0
0
0
0
0
0
0
0
0
0
0
0
0
0
0
0
0
0
0
0
0
0
0
0
0
0
0
0
0
0
0
0
0
0
0
0
0
0
0
0
0
0
0
0
0
0
0
0
0
0
0
0
0
0
0
0
0
0
0
0
0
0
0
0
0
0
0
0
0
0
0
0
0
0
0
0
0
0
0
0
0
0
0
0
0
0
0
0
0
0
0
0
0
0
0
0
0
0
0
0
0
0
0
0
0
0
0
0
0
0
0
0
0
0
0
0
0
0
0
0
0
0
0
0
0
0
0
0
0
0
0
0
0
0
0
0
0
0
0
0
0
0
0
0
0
0
0
0
0
0
0
0
0
0
0
0
0
0
0
0
0
0
0
0
0
0
0
0
0
0
0
0
0
0
0
0
0
0
0
0
0
0
0
0
0
0
0
0
0
0
0
0
0
0
0
0
0
0
0
0
0
0
0
0
0
0
0
0
0
0
0
0
0
0
0
0
0
0
0
0
0
0
0
0
0
0
0
0
0
0
0
0
0
0
0
0
0
0
0
0
0
0
0
0
0
0
0
0
0
0
0
0
0
0
0
0
0
0
0
0
0
0
0
0
0
0
0
0
0
0
0
0
0
0
0
0
0
0
0
0
0
0
0
0
0
0
0
0
0
0
0
0
0
0
0
0
0
0
0
0
0
0
0
0
0
0
0
0
0
0
0
0
0
0
0
0
0
0
0
0
0
0
0
0
0
0
0
0
0
0
0
0
0
0
0
0
0
0
0
0
0
0
0
0
0
0
0
0
0
0
0
0
0
0
0
0
0
0
0
0
0
0
0
0
0
0
0
0
0
0
0
0
0
0
0
0
0
0
0
0
0
0
0
0
0
0
0
0
0
0
0
0
0
0
0
0
0
0
0
0
0
0
0
0
0
0
0
0
0
0
0
0
0
0
0
0
0
0
0
0
0
0
0
0
0
0
0
0
0
0
0
0
0
0
0
0
0
0
0
0
0
0
0
0
0
0
0
0
0
0
0
0
0
0
0
0
0
0
0
0
0
0
0
0
0
0
0
0
0
0
0
0
0
0
0
0
0
0
0
0
0
0
0
0
0
0
0
0
0
0
0
0
0
0
0
0
0
0
0
0
0
0
0
0
0
0
0
0
0
0
0
0
0
0
0
0
0
0
0
0
0
0
0
0
0
0
0
0
0
0
0
0
0
0
0
0
0
0
0
0
0
0
0
0
0
0
0
0
0
0
0
0
0
0
0
0
0
0
0
0
0
0
0
0
0
0
0
0
0
0
0
0
0
0
0
0
0
0
0
0
0
0
0
0
0
0
0
0
0
0
0
0
0
0
0
0
0
0
0
0
0
0
0
0
0
0
0
0
0
0
0
0
0
0
0
0
0
0
0
0
0
0
0
0
0
0
0
0
0
0
0
0
0
0
0
0
0
0
0
0
0
0
0
0
0
0
0
0
0
0
0
0
0
0
0
0
0
0
0
0
0
0
0
0
0
0
0
0
0
0
0
0
0
0
0
0
0
0
0
0
0
0
0
0
0
0
0
0
0
0
0
0
0
0
0
0
0
0
0
0
0
0
0
0
0
0
0
0
0
0
0
0
0
0
0
0
0
0
0
0
0
0
0
0
0
0
0
0
0
0
0
0
0
0
0
0
0
0
0
0
0
0
0
0
0
0
0
0
0
0
0
0
0
0
0
0
0
0
0
0
0
0
0
0
0
0
0
0
0
0
0
0
0
0
0
0
0
0
0
0
0
0
0
0
0
0
0
0
0
0
0
0
0
0
0
0
0
0
0
0
0
0
0
0
0
0
0
0
0
0
0
0
0
0
0
0
0
0
0
0
0
0
0
0
0
0
0
0
0
0
0
0
0
0
0
0
0
0
0
0
0
0
0
0
0
0
0
0
0
0
0
0
0
0
0
0
0
0
0
0
0
0
0
0
0
0
0
0
0
0
0
0
0
0
0
0
0
0
0
0
0
0
0
0
0
0
0
0
0
0
0
0
0
0
0
0
0
0
0
0
0
0
0
0
0
0
0
0
0
0
0
0
0
0
0
0
0
0
0
0
0
0
0
0
0
0
0
0
0
0
0
0
0
0
0
0
0
0
0
0
0
0
0
0
0
0
0
0
0
0
0
0
0
0
0
0
0
0
0
0
0
0
0
0
0
0
0
0
0
0
0
0
0
0
0
0
0
0
0
0
0
0
0
0
0
0
0
0
0
0
0
0
0
0
0
0
0
0
0
0
0
0
0
0
0
0
0
0
0
0
0
0
0
0
0
0
0
0
0
0
0
0
0
0
0
0
0
0
0
0
0
0
0
0
0
0
0
0
0
0
0
0
0
0
0
0
0
0
0
0
0
0
0
0
0
0
0
0
0
0
0
0
0
0
0
0
0
0
0
0
0
0
0
0
0
0
0
0
0
0
0
0
0
0
0
0
0
0
0
0
0
0
0
0
0
0
0
0
0
0
0
0
0
0
0
0
0
0
0
0
0
0
0
0
0
0
0
0
0
0
0
0
0
0
0
0
0
0
0
0
0
0
0
0
0
0
0
0
0
0
0
0
0
0
0
0
0
0
0
0
0
0
0
0
0
0
0
0
0
0
0
0
0
0
0
0
0
0
0
0
0
0
0
0
0
0
0
0
0
0
0
0
0
0
0
0
0
0
0
0
0
0
0
0
0
0
0
0
0
0
0
0
0
0
0
0
0
0
0
0
0
0
0
0
0
0
0
0
0
0
0
0
0
0
0
0
0
0
0
0
0
0
0
0
0
0
0
0
0
0
0
0
0
0
0
0
0
0
0
0
0
0
0
0
0
0
0
0
0
0
0
0
0
0
0
0
0
0
0
0
0
0
0
0
0
0
0
0
0
0
0
0
0
0
0
0
0
0
0
0
0
0
0
0
0
0
0
0
0
0
0
0
0
0
0
0
0
0
0
0
0
0
0
0
0
0
0
0
0
0
0
0
0
0
0
0
0
0
0
0
0
0
0
0
0
0
0
0
0
0
0
0
0
0
0
0
0
0
0
0
0
0
0
0
0
0
0
0
0
0
0
0
0
0
0
0
0
0
0
0
0
0
0
0
0
0
0
0
0
0
0
0
0
0
0
0
0
0
0
0
0
0
0
0
0
0
0
0
0
0
0
0
0
0
0
0
0
0
0
0
0
0
0
0
0
0
0
0
0
0
0
0
0
0
0
0
0
0
0
0
0
0
0
0
0
0
0
0
0
0
0
0
0
0
0
0
0
0
0
0
0
0
0
0
0
0
0
0
0
0
0
0
0
0
0
0
0
0
0
0
0
0
0
0
0
0
0
0
0
0
0
0
0
0
0
0
0
0
0
0
0
0
0
0
0
0
0
0
0
0
0
0
0
0
0
0
0
0
0
0
0
0
0
0
0
0
0
0
0
0
0
0
0
0
0
0
0
0
0
0
0
0
0
0
0
0
0
0
0
0
0
0
0
0
0
0
0
0
0
0
0
0
0
0
0
0
0
0
0
0
0
0
0
0
0
0
0
0
0
0
0
0
0
0
0
0
0
0
0
0
0
0
0
0
0
0
0
0
0
0
0
0
0
0
0
0
0
0
0
0
0
0
0
0
0
0
0
0
0
0
0
0
0
0
0
0
0
0
0
0
0
0
0
0
0
0
0
0
0
0
0
0
0
0
0
0
0
0
0
0
0
0
0
0
0
0
0
0
0
0
0
0
0
0
0
0
0
0
0
0
0
0
0
0
0
0
0
0
0
0
0
0
0
0
0
0
0
0
0
0
0
0
0
0
0
0
0
0
0
0
0
0
0
0
0
0
0
0
0
0
0
0
0
0
0
0
0
0
0
0
0
0
0
0
0
0
0
0
0
0
0
0
0
0
0
0
0
0
0
0
0
0
0
0
0
0
0
0
0
0
0
0
0
0
0
0
0
0
0
0
0
0
0
0
0
0
0
0
0
0
0
0
0
0
0
0
0
0
0
0
0
0
0
0
0
0
0
0
0
0
0
0
0
0
0
0
0
0
0
0
0
0
0
0
0
0
0
0
0
0
0
0
0
0
0
0
0
0
0
0
0
0
0
0
0
0
0
0
0
0
0
0
0
0
0
0
0
0
0
0
0
0
0
0
0
0
0
0
0
0
0
0
0
0
0
0
0
0
0
0
0
0
0
0
0
0
0
0
0
0
0
0
0
0
0
0
0
0
0
0
0
0
0
0
0
0
0
0
0
0
0
0
0
0
0
0
0
0
0
0
0
0
0
0
0
0
0
0
0
0
0
0
0
0
0
0
0
0
0
0
0
0
0
0
0
0
0
0
0
0
0
0
0
0
0
0
0
0
0
0
0
0
0
0
0
0
0
0
0
0
0
0
0
0
0
0
0
0
0
0
0
0
0
0
0
0
0
0
0
0
0
0
0
0
0
0
0
0
0
0
0
0
0
0
0
0
0
0
0
0
0
0
0
0
0
0
0
0
0
0
0
0
0
0
0
0
0
0
0
0
0
0
0
0
0
0
0
0
0
0
0
0
0
0
0
0
0
0
0
0
0
0
0
0
0
0
0
0
0
0
0
0
0
0
0
0
0
0
0
0
0
0
0
0
0
0
0
0
0
0
0
0
0
0
0
0
0
0
0
0
0
0
0
0
0
0
0
0
0
0
0
0
0
0
0
0
0
0
0
0
0
0
0
0
0
0
0
0
0
0
0
0
0
0
0
0
0
0
0
0
0
0
0
0
0
0
0
0
0
0
0
0
0
0
0
0
0
0
0
0
0
0
0
0
0
0
0
0
0
0
0
0
0
0
0
0
0
0
0
0
0
0
0
0
0
0
0
0
0
0
0
0
0
0
0
0
0
0
0
0
0
0
0
0
0
0
0
0
0
0
0
0
0
0
0
0
0
0
0
0
0
0
0
0
0
0
0
0
0
0
0
0
0
0
0
0
0
0
0
0
0
0
0
0
0
0
0
0
0
0
0
0
0
0
0
0
0
0
0
0
0
0
0
0
0
0
0
0
0
0
0
0
0
0
0
0
0
0
0
0
0
0
0
0
0
0
0
0
0
0
0
0
0
0
0
0
0
0
0
0
0
0
0
0
0
0
0
0
0
0
0
0
0
0
0
0
0
0
0
0
0
0
0
0
0
0
0
0
0
0
0
0
0
0
0
0
0
0
0
0
0
0
0
0
0
0
0
0
0
0
0
0
0
0
0
0
0
0
0
0
0
0
0
0
0
0
0
0
0
0
0
0
0
0
0
0
0
0
0
0
0
0
0
0
0
0
0
0
0
0
0
0
0
0
0
0
0
0
0
0
0
0
0
0
0
0
0
0
0
0
0
0
0
0
0
0
0
0
0
0
0
0
0
0
0
0
0
0
0
0
0
0
0
0
0
0
0
0
0
0
0
0
0
0
0
0
0
0
0
0
0
0
0
0
0
0
0
0
0
0
0
0
0
0
0
0
0
0
0
0
0
0
0
0
0
0
0
0
0
0
0
0
0
0
0
0
0
0
0
0
0
0
0
0
0
0
0
0
0
0
0
0
0
0
0
0
0
0
0
0
0
0
0
0
0
0
0
0
0
0
0
0
0
0
0
0
0
0
0
0
0
0
0
0
0
0
0
0
0
0
0
0
0
0
0
0
0
0
0
0
0
0
0
0
0
0
0
0
0
0
0
0
0
0
0
0
0
0
0
0
0
0
0
0
0
0
0
0
0
0
0
0
0
0
0
0
0
0
0
0
0
0
0
0
0
0
0
0
0
0
0
0
0
0
0
0
0
0
0
0
0
0
0
0
0
0
0
0
0
0
0
0
0
0
0
0
0
0
0
0
0
0
0
0
0
0
0
0
0
0
0
0
0
0
0
0
0
0
0
0
0
0
0
0
0
0
0
0
0
0
0
0
0
0
0
0
0
0
0
0
0
0
0
0
0
0
0
0
0
0
0
0
0
0
0
0
0
0
0
0
0
0
0
0
0
0
0
0
0
0
0
0
0
0
0
0
0
0
0
0
0
0
0
0
0
0
0
0
0
0
0
0
0
0
0
0
0
0
0
0
0
0
0
0
0
0
0
0
0
0
0
0
0
0
0
0
0
0
0
0
0
0
0
0
0
0
0
0
0
0
0
0
0
0
0
0
0
0
0
0
0
0
0
0
0
0
0
0
0
0
0
0
0
0
0
0
0
0
0
0
0
0
0
0
0
0
0
0
0
0
0
0
0
0
0
0
0
0
0
0
0
0
0
0
0
0
0
0
0
0
0
0
0
0
0
0
0
0
0
0
0
0
0
0
0
0
0
0
0
0
0
0
0
0
0
0
0
0
0
0
0
0
0
0
0
0
0
0
0
0
0
0
0
0
0
0
0
0
0
0
0
0
0
0
0
0
0
0
0
0
0
0
0
0
0
0
0
0
0
0
0
0
0
0
0
0
0
0
0
0
0
0
0
0
0
0
0
0
0
0
0
0
0
0
0
0
0
0
0
0
0
0
0
0
0
0
0
0
0
0
0
0
0
0
0
0
0
0
0
0
0
0
0
0
0
0
0
0
0
0
0
0
0
0
0
0
0
0
0
0
0
0
0
0
0
0
0
0
0
0
0
0
0
0
0
0
0
0
0
0
0
0
0
0
0
0
0
0
0
0
0
0
0
0
0
0
0
0
0
0
0
0
0
0
0
0
0
0
0
0
0
0
0
0
0
0
0
0
0
0
0
0
0
0
0
0
0
0
0
0
0
0
0
0
0
0
0
0
0
0
0
0
0
0
0
0
0
0
0
0
0
0
0
0
0
0
0
0
0
0
0
0
0
0
0
0
0
0
0
0
0
0
0
0
0
0
0
0
0
0
0
0
0
0
0
0
0
0
0
0
0
0
0
0
0
0
0
0
0
0
0
0
0
0
0
0
0
0
0
0
0
0
0
0
0
0
0
0
0
0
0
0
0
0
0
0
0
0
0
0
0
0
0
0
0
0
0
0
0
0
0
0
0
0
0
0
0
0
0
0
0
0
0
0
0
0
0
0
0
0
0
0
0
0
0
0
0
0
0
0
0
0
0
0
0
0
0
0
0
0
0
0
0
0
0
0
0
0
0
0
0
0
0
0
0
0
0
0
0
0
0
0
0
0
0
0
0
0
0
0
0
0
0
0
0
0
0
0
0
0
0
0
0
0
0
0
0
0
0
0
0
0
0
0
0
0
0
0
0
0
0
0
0
0
0
0
0
0
0
0
0
0
0
0
0
0
0
0
0
0
0
0
0
0
0
0
0
0
0
0
0
0
0
0
0
0
0
0
0
0
0
0
0
0
0
0
0
0
0
0
0
0
0
0
0
0
0
0
0
0
0
0
0
0
0
0
0
0
0
0
0
0
0
0
0
0
0
0
0
0
0
0
0
0
0
0
0
0
0
0
0
0
0
0
0
0
0
0
0
0
0
0
0
0
0
0
0
0
0
0
0
0
0
0
0
0
0
0
0
0
0
0
0
0
0
0
0
0
0
0
0
0
0
0
0
0
0
0
0
0
0
0
0
0
0
0
0
0
0
0
0
0
0
0
0
0
0
0
0
0
0
0
0
0
0
0
0
0
0
0
0
0
0
0
0
0
0
0
0
0
0
0
0
0
0
0
0
0
0
0
0
0
0
0
0
0
0
0
0
0
0
0
0
0
0
0
0
0
0
0
0
0
0
0
0
0
0
0
0
0
0
0
0
0
0
0
0
0
0
0
0
0
0
0
0
0
0
0
0
0
0
0
0
0
0
0
0
0
0
0
0
0
0
0
0
0
0
0
0
0
0
0
0
0
0
0
0
0
0
0
0
0
0
0
0
0
0
0
0
0
0
0
0
0
0
0
0
0
0
0
0
0
0
0
0
0
0
0
0
0
0
0
0
0
0
0
0
0
0
0
0
0
0
0
0
0
0
0
0
0
0
0
0
0
0
0
0
0
0
0
0
0
0
0
0
0
0
0
0
0
0
0
0
0
0
0
0
0
0
0
0
0
0
0
0
0
0
0
0
0
0
0
0
0
0
0
0
0
0
0
0
0
0
0
0
0
0
0
0
0
0
0
0
0
0
0
0
0
0
0
0
0
0
0
0
0
0
0
0
0
0
0
0
0
0
0
0
0
0
0
0
0
0
0
0
0
0
0
0
0
0
0
0
0
0
0
0
0
0
0
0
0
0
0
0
0
0
0
0
0
0
0
0
0
0
0
0
0
0
0
0
0
0
0
0
0
0
0
0
0
0
0
0
0
0
0
0
0
0
0
0
0
0
0
0
0
0
0
0
0
0
0
0
0
0
0
0
0
0
0
0
0
0
0
0
0
0
0
0
0
0
0
0
0
0
0
0
0
0
0
0
0
0
0
0
0
0
0
0
0
0
0
0
0
0
0
0
0
0
0
0
0
0
0
0
0
0
0
0
0
0
0
0
0
0
0
0
0
0
0
0
0
0
0
0
0
0
0
0
0
0
0
0
0
0
0
0
0
0
0
0
0
0
0
0
0
0
0
0
0
0
0
0
0
0
0
0
0
0
0
0
0
0
0
0
0
0
0
0
0
0
0
0
0
0
0
0
0
0
0
0
0
0
0
0
0
0
0
0
0
0
0
0
0
0
0
0
0
0
0
0
0
0
0
0
0
0
0
0
0
0
0
0
0
0
0
0
0
0
0
0
0
0
0
0
0
0
0
0
0
0
0
0
0
0
0
0
0
0
0
0
0
0
0
0
0
0
0
0
0
0
0
0
0
0
0
0
0
0
0
0
0
0
0
0
0
0
0
0
0
0
0
0
0
0
0
0
0
0
0
0
0
0
0
0
0
0
0
0
0
0
0
0
0
0
0
0
0
0
0
0
0
0
0
0
0
0
0
0
0
0
0
0
0
0
0
0
0
0
0
0
0
0
0
0
0
0
0
0
0
0
0
0
0
0
0
0
0
0
0
0
0
0
0
0
0
0
0
0
0
0
0
0
0
0
0
0
0
0
0
0
0
0
0
0
0
0
0
0
0
0
0
0
0
0
0
0
0
0
0
0
0
0
0
0
0
0
0
0
0
0
0
0
0
0
0
0
0
0
0
0
0
0
0
0
0
0
0
0
0
0
0
0
0
0
0
0
0
0
0
0
0
0
0
0
0
0
0
0
0
0
0
0
0
0
0
0
0
0
0
0
0
0
0
0
0
0
0
0
0
0
0
0
0
0
0
0
0
0
0
0
0
0
0
0
0
0
0
0
0
0
0
0
0
0
0
0
0
0
0
0
0
0
0
0
0
0
0
0
0
0
0
0
0
0
0
0
0
0
0
0
0
0
0
0
0
0
0
0
0
0
0
0
0
0
0
0
0
0
0
0
0
0
0
0
0
0
0
0
0
0
0
0
0
0
0
0
0
0
0
0
0
0
0
0
0
0
0
0
0
0
0
0
0
0
0
0
0
0
0
0
0
0
0
0
0
0
0
0
0
0
0
0
0
0
0
0
0
0
0
0
0
0
0
0
0
0
0
0
0
0
0
0
0
0
0
0
0
0
0
0
0
0
0
0
0
0
0
0
0
0
0
0
0
0
0
0
0
0
0
0
0
0
0
0
0
0
0
0
0
0
0
0
0
0
0
0
0
0
0
0
0
0
0
0
0
0
0
0
0
0
0
0
0
0
0
0
0
0
0
0
0
0
0
0
0
0
0
0
0
0
0
0
0
0
0
0
0
0
0
0
0
0
0
0
0
0
0
0
0
0
0
0
0
0
0
0
0
0
0
0
0
0
0
0
0
0
0
0
0
0
0
0
0
0
0
0
0
0
0
0
0
0
0
0
0
0
0
0
0
0
0
0
0
0
0
0
0
0
0
0
0
0
0
0
0
0
0
0
0
0
0
0
0
0
0
0
0
0
0
0
0
0
0
0
0
0
0
0
0
0
0
0
0
0
0
0
0
0
0
0
0
0
0
0
0
0
0
0
0
0
0
0
0
0
0
0
0
0
0
0
0
0
0
0
0
0
0
0
0
0
0
0
0
0
0
0
0
0
0
0
0
0
0
0
0
0
0
0
0
0
0
0
0
0
0
0
0
0
0
0
0
0
0
0
0
0
0
0
0
0
0
0
0
0
0
0
0
0
0
0
0
0
0
0
0
0
0
0
0
0
0
0
0
0
0
0
0
0
0
0
0
0
0
0
0
0
0
0
0
0
0
0
0
0
0
0
0
0
0
0
0
0
0
0
0
0
0
0
0
0
0
0
0
0
0
0
0
0
0
0
0
0
0
0
0
0
0
0
0
0
0
0
0
0
0
0
0
0
0
0
0
0
0
0
0
0
0
0
0
0
0
0
0
0
0
0
0
0
0
0
0
0
0
0
0
0
0
0
0
0
0
0
0
0
0
0
0
0
0
0
0
0
0
0
0
0
0
0
0
0
0
0
0
0
0
0
0
0
0
0
0
0
0
0
0
0
0
0
0
0
0
0
0
0
0
0
0
0
0
0
0
0
0
0
0
0
0
0
0
0
0
0
0
0
0
0
0
0
0
0
0
0
0
0
0
0
0
0
0
0
0
0
0
0
0
0
0
0
0
0
0
0
0
0
0
0
0
0
0
0
0
0
0
0
0
0
0
0
0
0
0
0
0
0
0
0
0
0
0
0
0
0
0
0
0
0
0
0
0
0
0
0
0
0
0
0
0
0
0
0
0
0
0
0
0
0
0
0
0
0
0
0
0
0
0
0
0
0
0
0
0
0
0
0
0
0
0
0
0
0
0
0
0
0
0
0
0
0
0
0
0
0
0
0
0
0
0
0
0
0
0
0
0
0
0
0
0
0
0
0
0
0
0
0
0
0
0
0
0
0
0
0
0
0
0
0
0
0
0
0
0
0
0
0
0
0
0
0
0
0
0
0
0
0
0
0
0
0
0
0
0
0
0
0
0
0
0
0
0
0
0
0
0
0
0
0
0
0
0
0
0
0
0
0
0
0
0
0
0
0
0
0
0
0
0
0
0
0
0
0
0
0
0
0
0
0
0
0
0
0
0
0
0
0
0
0
0
0
0
0
0
0
0
0
0
0
0
0
0
0
0
0
0
0
0
0
0
0
0
0
0
0
0
0
0
0
0
0
0
0
0
0
0
0
0
0
0
0
0
0
0
0
0
0
0
0
0
0
0
0
0
0
0
0
0
0
0
0
0
0
0
0
0
0
0
0
0
0
0
0
0
0
0
0
0
0
0
0
0
0
0
0
0
0
0
0
0
0
0
0
0
0
0
0
0
0
0
0
0
0
0
0
0
0
0
0
0
0
0
0
0
0
0
0
0
0
0
0
0
0
0
0
0
0
0
0
0
0
0
0
0
0
0
0
0
0
0
0
0
0
0
0
0
0
0
0
0
0
0
0
0
0
0
0
0
0
0
0
0
0
0
0
0
0
0
0
0
0
0
0
0
0
0
0
0
0
0
0
0
0
0
0
0
0
0
0
0
0
0
0
0
0
0
0
0
0
0
0
0
0
0
0
0
0
0
0
0
0
0
0
0
0
0
0
0
0
0
0
0
0
0
0
0
0
0
0
0
0
0
0
0
0
0
0
0
0
0
0
0
0
0
0
0
0
0
0
0
0
0
0
0
0
0
0
0
0
0
0
0
0
0
0
0
0
0
0
0
0
0
0
0
0
0
0
0
0
0
0
0
0
0
0
0
0
0
0
0
0
0
0
0
0
0
0
0
0
0
0
0
0
0
0
0
0
0
0
0
0
0
0
0
0
0
0
0
0
0
0
0
0
0
0
0
0
0
0
0
0
0
0
0
0
0
0
0
0
0
0
0
0
0
0
0
0
0
0
0
0
0
0
0
0
0
0
0
0
0
0
0
0
0
0
0
0
0
0
0
0
0
0
0
0
0
0
0
0
0
0
0
0
0
0
0
0
0
0
0
0
0
0
0
0
0
0
0
0
0
0
0
0
0
0
0
0
0
0
0
0
0
0
0
0
0
0
0
0
0
0
0
0
0
0
0
0
0
0
0
0
0
0
0
0
0
0
0
0
0
0
0
0
0
0
0
0
0
0
0
0
0
0
0
0
0
0
0
0
0
0
0
0
0
0
0
0
0
0
0
0
0
0
0
0
0
0
0
0
0
0
0
0
0
0
0
0
0
0
0
0
0
0
0
0
0
0
0
0
0
0
0
0
0
0
0
0
0
0
0
0
0
0
0
0
0
0
0
0
0
0
0
0
0
0
0
0
0
0
0
0
0
0
0
0
0
0
0
0
0
0
0
0
0
0
0
0
0
0
0
0
0
0
0
0
0
0
0
0
0
0
0
0
0
0
0
0
0
0
0
0
0
0
0
0
0
0
0
0
0
0
0
0
0
0
0
0
0
0
0
0
0
0
0
0
0
0
0
0
0
0
0
0
0
0
0
0
0
0
0
0
0
0
0
0
0
0
0
0
0
0
0
0
0
0
0
0
0
0
0
0
0
0
0
0
0
0
0
0
0
0
0
0
0
0
0
0
0
0
0
0
0
0
0
0
0
0
0
0
0
0
0
0
0
0
0
0
0
0
0
0
0
0
0
0
0
0
0
0
0
0
0
0
0
0
0
0
0
0
0
0
0
0
0
0
0
0
0
0
0
0
0
0
0
0
0
0
0
0
0
0
0
0
0
0
0
0
0
0
0
0
0
0
0
0
0
0
0
0
0
0
0
0
0
0
0
0
0
0
0
0
0
0
0
0
0
0
0
0
0
0
0
0
0
0
0
0
0
0
0
0
0
0
0
0
0
0
0
0
0
0
0
0
0
0
0
0
0
0
0
0
0
0
0
0
0
0
0
0
0
0
0
0
0
0
0
0
0
0
0
0
0
0
0
0
0
0
0
0
0
0
0
0
0
0
0
0
0
0
0
0
0
0
0
0
0
0
0
0
0
0
0
0
0
0
0
0
0
0
0
0
0
0
0
0
0
0
0
0
0
0
0
0
0
0
0
0
0
0
0
0
0
0
0
0
0
0
0
0
0
0
0
0
0
0
0
0
0
0
0
0
0
0
0
0
0
0
0
0
0
0
0
0
0
0
0
0
0
0
0
0
0
0
0
0
0
0
0
0
0
0
0
0
0
0
0
0
0
0
0
0
0
0
0
0
0
0
0
0
0
0
0
0
0
0
0
0
0
0
0
0
0
0
0
0
0
0
0
0
0
0
0
0
0
0
0
0
0
0
0
0
0
0
0
0
0
0
0
0
0
0
0
0
0
0
0
0
0
0
0
0
0
0
0
0
0
0
0
0
0
0
0
0
0
0
0
0
0
0
0
0
0
0
0
0
0
0
0
0
0
0
0
0
0
0
0
0
0
0
0
0
0
0
0
0
0
0
0
0
0
0
0
0
0
0
0
0
0
0
0
0
0
0
0
0
0
0
0
0
0
0
0
0
0
0
0
0
0
0
0
0
0
0
0
0
0
0
0
0
0
0
0
0
0
0
0
0
0
0
0
0
0
0
0
0
0
0
0
0
0
0
0
0
0
0
0
0
0
0
0
0
0
0
0
0
0
0
0
0
0
0
0
0
0
0
0
0
0
0
0
0
0
0
0
0
0
0
0
0
0
0
0
0
0
0
0
0
0
0
0
0
0
0
0
0
0
0
0
0
0
0
0
0
0
0
0
0
0
0
0
0
0
0
0
0
0
0
0
0
0
0
0
0
0
0
0
0
0
0
0
0
0
0
0
0
0
0
0
0
0
0
0
0
0
0
0
0
0
0
0
0
0
0
0
0
0
0
0
0
0
0
0
0
0
0
0
0
0
0
0
0
0
0
0
0
0
0
0
0
0
0
0
0
0
0
0
0
0
0
0
0
0
0
0
0
0
0
0
0
0
0
0
0
0
0
0
0
0
0
0
0
0
0
0
0
0
0
0
0
0
0
0
0
0
0
0
0
0
0
0
