152833
149272
133226
43720.8
43720.8
43720.8
43720.8
43720.8
43720.8
43720.8
40009.3
40009.3
40009.3
40009.3
40009.3
40009.3
27675.6
27675.6
27675.6
27675.6
27675.6
27675.6
27675.6
27675.6
27675.6
27082.4
27082.4
27082.4
27082.4
27082.4
27082.4
23498.2
23498.2
23498.2
16771.3
16771.3
16771.3
16771.3
16771.3
16771.3
16771.3
16771.3
16771.3
15309.3
15309.3
15309.3
15309.3
15309.3
15309.3
15309.3
14850.4
14195
14195
14195
13224.2
13224.2
13224.2
13224.2
11608
11608
11608
11608
11608
11608
11608
11608
11608
11608
11608
11608
11608
11608
11608
11608
10965.5
10965.5
10965.5
10965.5
10965.5
10965.5
9886.87
9886.87
9886.87
9886.87
8812.91
8812.91
8541.21
8541.21
8541.21
8541.21
8541.21
8511.17
8461.01
7973.74
7973.74
7973.74
6962.23
6962.23
6962.23
6962.23
6726.83
6649.93
6575.26
5918.35
5918.35
5918.35
5918.35
5918.35
5918.35
5918.35
5918.35
5163.38
5163.38
5163.38
5163.38
5163.38
4967.61
4967.61
4967.61
4967.61
4967.61
4967.61
4041.88
4041.88
4041.88
3409.62
3409.62
3409.62
3409.62
3409.62
3409.62
3409.62
3409.62
3409.62
3132.6
3132.6
3132.6
3132.6
3132.6
3132.6
3132.6
3132.6
3132.6
3132.6
3018.04
3018.04
3018.04
3018.04
3018.04
2843.76
2843.76
2476.58
2476.58
2476.58
2476.58
2476.58
2407.7
2407.7
2407.7
2256.29
2245.18
2235.04
2227.73
2227.73
2227.73
2227.73
2050.29
2050.29
1860.62
1860.62
1860.62
1860.62
1766.2
1740.73
1740.73
1632.6
1632.6
1632.6
1632.6
1591.14
1591.14
1591.14
1575.31
1575.31
1438.53
1438.53
1438.53
1390.45
1361.46
1319.59
1231.25
1231.25
1224.95
1195.09
1195.09
1158.7
1141.31
1141.31
1141.31
1141.31
1114.47
1080.62
1080.62
1023.46
1008.7
994.944
994.944
994.944
994.944
986.687
986.687
929.844
929.844
895.331
895.331
873.629
873.629
858.754
858.754
844.561
844.561
800.748
800.748
800.748
800.748
794.417
794.417
780.992
780.992
780.992
758.862
723.104
723.104
718.366
718.366
718.366
705.204
705.204
705.204
693.587
693.587
693.587
658.653
658.653
658.653
658.653
653.165
653.165
643.024
643.024
640.827
640.827
640.827
640.827
632.686
632.406
616.478
616.478
616.478
609.283
574.766
574.766
574.766
574.766
571.359
556.77
556.77
542.508
542.508
542.508
542.508
542.508
526.094
526.094
524.734
523.998
508.37
508.37
491.18
485.366
473.193
473.193
457.633
457.633
454.78
437.78
437.78
437.78
402.4
392.675
354.302
354.302
354.302
354.302
354.302
334.212
331.111
325.225
325.225
325.225
325.225
323.186
323.186
322.068
319.139
319.139
312.54
309.309
309.309
290.881
290.881
290.881
276.225
276.225
276.225
275.852
275.852
275.852
275.734
275.734
275.734
268.342
268.342
265.225
253.855
253.855
253.855
253.855
252.2
243.449
243.449
243.449
243.315
236.703
228.758
228.758
218.936
217.65
213.064
201.488
201.488
191.083
176.713
174.551
174.551
171.926
171.926
165.758
165.27
161.556
148.086
148.086
148.086
148.086
148.086
148.086
148.086
148.086
148.086
144.548
137.919
137.919
137.919
137.919
136.536
130.528
130.528
130.528
126.214
126.214
124.663
124.663
124.178
124.178
124.178
122.556
122.556
115.967
113.743
113.743
113.602
111.454
111.294
108.882
107.135
106.072
106.072
105.56
100.063
100.063
92.7917
88.4092
88.4092
77.2945
77.2945
72.6793
72.6793
67.6432
67.6432
64.917
60.1963
60.1963
59.9949
59.9949
59.9949
52.7975
52.7975
52.4646
52.4646
45.3924
45.3924
43.6579
43.6579
43.3953
43.3953
38.6953
37.4933
37.4933
37.4933
35.9777
35.9777
35.9777
35.9777
31.4385
31.4385
31.1116
30.981
30.981
27.8643
27.8643
27.6985
27.6985
27.6985
25.8258
24.6936
21.9922
21.1057
21.1057
20.9594
20.0294
19.6858
19.6858
19.6858
18.5068
18.5068
15.7648
15.7648
15.7648
15.7648
15.7648
15.7648
15.7648
15.7648
15.7648
15.7648
15.7648
15.7648
15.3372
15.3372
15.0229
15.0229
15.0229
13.8504
13.8504
13.8504
13.6164
13.2938
13.2938
13.2938
13.2938
13.2938
13.2938
12.2834
12.1815
12.1467
12.1467
12.1467
10.9989
10.9989
10.9989
9.01652
9.01652
9.01652
9.01652
9.01652
8.976
8.976
8.60723
8.60723
8.58786
8.09003
7.04776
7.04776
7.04776
7.04776
7.04776
6.86968
6.86968
6.50219
6.50219
6.50219
6.50219
6.50219
6.50219
6.50219
5.90252
5.88536
5.69757
5.69757
5.69757
5.48668
5.48668
5.48668
5.48668
5.48668
5.48668
5.48668
5.15162
5.15162
5.15162
5.15162
5.06006
5.06006
4.94156
4.85532
4.85532
4.80859
4.64777
4.64777
4.64777
4.64777
4.64777
4.46108
4.46108
4.46108
4.3454
4.28822
4.28822
4.28107
4.28107
4.15774
4.11239
4.10825
4.05939
4.05714
4.03884
4.03884
3.99876
3.92011
3.92011
3.87051
3.87051
3.7133
3.65146
3.49911
3.49853
3.49853
3.47213
3.40239
3.33648
3.33648
3.33648
3.33648
3.33648
3.33648
3.25307
3.25307
3.18852
3.15387
2.99049
2.99049
2.99049
2.93171
2.75847
2.75847
2.75226
2.68218
2.58243
2.58243
2.58243
2.58243
2.51827
2.51425
2.46012
2.46012
2.38012
2.38012
2.38012
2.37505
2.37505
2.36754
2.31909
2.30885
2.3036
2.3036
2.27486
2.26044
2.24876
2.24876
2.24876
2.24274
2.2357
2.21335
2.21335
2.20379
2.20379
2.19993
2.18141
2.13895
2.11838
2.10443
2.0986
2.07893
2.05049
2.02748
2.02588
1.99014
1.99014
1.99014
1.98541
1.98084
1.98084
1.94817
1.93806
1.93806
1.93806
1.93806
1.92732
1.92713
1.90955
1.89985
1.89917
1.89917
1.89106
1.89047
1.88445
1.87631
1.87561
1.86884
1.8562
1.85123
1.845
1.83454
1.82392
1.81921
1.8113
1.8113
1.81092
1.80605
1.79674
1.79085
1.79085
1.78558
1.78011
1.77829
1.77511
1.77511
1.77511
1.76713
1.76713
1.76577
1.76137
1.75735
1.75735
1.75603
1.74763
1.74345
1.73491
1.73491
1.73017
1.72683
1.7213
1.7213
1.7213
1.71343
1.71343
1.70894
1.69908
1.69908
1.68423
1.67484
1.67388
1.665
1.665
1.64223
1.6406
1.62406
1.62406
1.6187
1.61795
1.61795
1.61663
1.61663
1.6039
1.6039
1.6039
1.58587
1.58277
1.57383
1.56335
1.54003
1.54003
1.54003
1.53435
1.52708
1.52396
1.51672
1.51672
1.51403
1.50218
1.49922
1.49892
1.49642
1.4921
1.4921
1.48361
1.47769
1.4748
1.47246
1.45952
1.45952
1.45811
1.44977
1.44319
1.44037
1.4368
1.4368
1.43546
1.43421
1.43401
1.43101
1.42616
1.42378
1.42068
1.40899
1.39969
1.39278
1.37344
1.36662
1.36662
1.36652
1.36149
1.35615
1.35295
1.34335
1.3395
1.32476
1.31491
1.29545
1.26038
1.21132
1.20007
1.14583
1.11944
1.11703
1.05873
1.00492
0.869192
0.869192
0.833227
0.825625
0.821577
0.799138
0.772359
0.768142
0.768142
0.768142
0.744322
0.709745
0.709745
0.686832
0.686832
0.682627
0.665045
0.651738
0.651738
0.621581
0.60669
0.579217
0.579217
0.548339
0.548339
0.542655
0.517943
0.506132
0.495078
0.483107
0.483107
0.479299
0.471879
0.471879
0.471223
0.443492
0.443492
0.443492
0.443492
0.43966
0.42232
0.40268
0.40268
0.397903
0.390462
0.379738
0.379476
0.36393
0.342777
0.339316
0.329839
0.329839
0.320946
0.309589
0.308702
0.298873
0.298873
0.282357
0.278905
0.263155
0.245246
0.229331
0.224443
0.216775
0.201207
0.190714
0.188114
0.185158
0.185158
0.178523
0.175076
0.164342
0.163134
0.154549
0.154549
0.153434
0.142477
0.136784
0.133363
0.130905
0.130905
0.129001
0.123833
0.123833
0.120708
0.118179
0.116918
0.116024
0.113973
0.113973
0.109062
0.103109
0.103109
0.103109
0.103109
0.103109
0.100495
0.0958461
0.0958461
0.0958461
0.0914122
0.0896205
0.0848047
0.0848047
0.0841128
0.0841128
0.0838386
0.0838386
0.083319
0.08164
0.08164
0.0811775
0.0786498
0.0756218
0.0755594
0.074586
0.0711906
0.0711906
0.0711906
0.0709539
0.0707497
0.069716
0.067066
0.067066
0.0669905
0.0667346
0.0667346
0.0659795
0.0647692
0.063122
0.063122
0.0624043
0.0600682
0.0600682
0.0592204
0.0584502
0.0581673
0.0572425
0.0558264
0.0547302
0.0537773
0.0529936
0.0500532
0.0462298
0.0462298
0.0456089
0.0456089
0.0449317
0.0449317
0.0449317
0.0441314
0.0441314
0.0441314
0.0438697
0.0434351
0.0434351
0.0424789
0.0418395
0.0418395
0.0406368
0.0396646
0.0396646
0.0396646
0.0396646
0.0391414
0.0391414
0.0389048
0.0387034
0.0384973
0.0383238
0.0378877
0.0376901
0.0373457
0.0366582
0.0361792
0.0347859
0.034597
0.0341927
0.0335916
0.0323574
0.0323483
0.0319662
0.0319662
0.0319275
0.0319275
0.0314632
0.0314632
0.0312065
0.0306169
0.0304574
0.0301992
0.0301595
0.0300637
0.0296835
0.0296835
0.029301
0.0291561
0.0289536
0.0288253
0.0286399
0.0280907
0.0274622
0.0269245
0.0266907
0.0266907
0.0263594
0.026032
0.0256083
0.0256083
0.0251122
0.0251122
0.0247122
0.0246605
0.023979
0.0230053
0.0230022
0.0230022
0.0230022
0.0226397
0.0225041
0.0225041
0.0221227
0.0215597
0.0213693
0.0210722
0.0208578
0.0208578
0.0205979
0.0205979
0.020549
0.020549
0.0204763
0.0203458
0.0203409
0.0203409
0.0199282
0.019777
0.0196009
0.0187413
0.0185042
0.0182905
0.0182414
0.0177877
0.017351
0.017351
0.017351
0.0170541
0.0170541
0.0170541
0.0167347
0.0167347
0.0167347
0.0166612
0.0166612
0.0164166
0.0161385
0.0160608
0.0158759
0.0154913
0.0150107
0.0141732
0.0141732
0.0140354
0.0137098
0.0137098
0.0133942
0.0128448
0.0128448
0.0124087
0.0124087
0.0124087
0.0124087
0.0119176
0.0117397
0.0114603
0.0112359
0.0109084
0.0109084
0.0108509
0.010726
0.0107068
0.0106045
0.0104189
0.0103692
0.0100602
0.00993785
0.00983003
0.00939218
0.00912714
0.00912714
0.00912714
0.00891162
0.00891162
0.00891162
0.00883258
0.00871397
0.00868023
0.00853548
0.00847048
0.00841879
0.00825193
0.00825117
0.00819176
0.00811341
0.00803663
0.00803663
0.00790882
0.00790663
0.00778746
0.00778136
0.00767014
0.00766414
0.00765083
0.0076123
0.0076123
0.00749252
0.00746001
0.00743561
0.00736407
0.00727383
0.00723286
0.00723286
0.00718453
0.00710179
0.00694058
0.00694058
0.00684391
0.00684391
0.00674543
0.00666994
0.00652031
0.00646952
0.00641326
0.00630746
0.00623224
0.00623224
0.00611103
0.00599527
0.00580321
0.00579402
0.00576147
0.00576147
0.0056938
0.00565246
0.00565246
0.00565246
0.00565246
0.00563508
0.00555286
0.00550228
0.00547238
0.00546688
0.00545774
0.0053451
0.0053451
0.0052971
0.00523653
0.00515177
0.00506799
0.00506799
0.00485357
0.00483108
0.00480912
0.0048077
0.00470842
0.00465758
0.00465758
0.00455012
0.00440118
0.00440118
0.00440118
0.0043161
0.0043161
0.0042243
0.0042243
0.0042243
0.0042243
0.0042243
0.00420795
0.00418074
0.00409833
0.00403154
0.0039653
0.00396219
0.00393972
0.00386439
0.00386043
0.00378608
0.00373623
0.00370264
0.00366011
0.00365422
0.00352389
0.00352389
0.00351245
0.00351055
0.00349739
0.0034369
0.0034369
0.0034369
0.00340685
0.00336244
0.00336244
0.00334874
0.00334556
0.00334311
0.00331557
0.00328805
0.00327357
0.00320826
0.00309788
0.00306522
0.0030279
0.00297242
0.00290437
0.00277744
0.00277744
0.00262985
0.00262912
0.00258488
0.00258186
0.00258186
0.00250276
0.00244854
0.00240141
0.00226082
0.00222648
0.00203473
0.0020024
0.0020024
0.00200188
0.00191984
0.00191984
0.00184161
0.00184161
0.00174797
0.0017323
0.00166969
0.00166969
0.00160949
0.00160949
0.00158512
0.00156686
0.00150707
0.00146081
0.00138757
0.00138757
0.00138298
0.00138298
0.00132221
0.00123205
0.00120299
0.00118308
0.00115364
0.00112224
0.00106702
0.00100179
0.000977611
0.000977611
0.00094206
0.000929023
0.000929023
0.000899746
0.000899746
0.000898296
0.000854095
0.000836122
0.000836122
0.000836122
0.000759302
0.00075636
0.000743594
0.000743594
0.000730822
0.000720953
0.000720953
0.000707651
0.000683832
0.000683156
0.000661927
0.000650707
0.000650707
0.000622349
0.000622349
0.000593557
0.000562951
0.000562951
0.000562951
0.000562951
0.00054084
0.00054084
0.000523721
0.000521967
0.00051826
0.00051826
0.000505281
0.000505281
0.000501386
0.000489499
0.000489499
0.000489499
0.000484787
0.000480382
0.000480382
0.000480382
0.000475122
0.000468892
0.000464932
0.000445565
0.000443891
0.000432167
0.000429882
0.000422294
0.000417609
0.000416727
0.000407573
0.000405983
0.000401899
0.000393535
0.000385768
0.000385768
0.00038401
0.00038401
0.000372669
0.000363466
0.000361348
0.000359386
0.000359386
0.000353777
0.000353777
0.000346452
0.000333594
0.000333594
0.000330765
0.000305019
0.000302538
0.000301716
0.000301716
0.000296682
0.000289215
0.00028368
0.00028368
0.000272695
0.000271084
0.000268476
0.000268476
0.000268005
0.000265157
0.000265097
0.000265097
0.000262585
0.000262585
0.000256469
0.000247299
0.000247299
0.000246444
0.000242264
0.000238271
0.000238204
0.000234081
0.000232305
0.000224985
0.00022297
0.000215562
0.000215562
0.000215562
0.00020378
0.000196623
0.000196086
0.000192784
0.000189133
0.000184309
0.000183918
0.000183918
0.000180498
0.0001765
0.000175943
0.000162598
0.000154621
0.000152221
0.000152221
0.000151004
0.000147384
0.000144229
0.000144229
0.000144089
0.000138708
0.000138452
0.000135981
0.000133271
0.000127255
0.000124935
0.000124935
0.000124462
0.000123724
0.000122885
0.00012031
0.00012031
0.00012031
0.000110913
0.000103893
0.000103893
0.000103117
0.000103117
9.49353e-005
9.49353e-005
8.97216e-005
8.56045e-005
8.56045e-005
8.56045e-005
8.56045e-005
8.52683e-005
8.22369e-005
8.22369e-005
7.93948e-005
7.67242e-005
7.21247e-005
6.95323e-005
6.6479e-005
6.6479e-005
6.6479e-005
6.6479e-005
6.6479e-005
6.55104e-005
6.29386e-005
6.13011e-005
5.99518e-005
5.85269e-005
5.83865e-005
5.7725e-005
5.64662e-005
5.45943e-005
5.44972e-005
5.44972e-005
5.31837e-005
5.222e-005
5.06456e-005
5.06456e-005
4.81391e-005
4.77487e-005
4.77487e-005
4.75022e-005
4.63976e-005
4.39893e-005
4.25756e-005
4.17138e-005
4.03148e-005
4.02665e-005
3.71364e-005
3.71364e-005
3.5764e-005
3.52871e-005
3.37765e-005
3.33509e-005
3.30985e-005
3.30985e-005
3.11648e-005
3.08201e-005
3.08201e-005
3.08201e-005
3.08201e-005
3.01158e-005
3.00261e-005
2.99783e-005
2.98187e-005
2.97459e-005
2.97459e-005
2.92441e-005
2.91845e-005
2.91845e-005
2.88158e-005
2.864e-005
2.77566e-005
2.7437e-005
2.74179e-005
2.73326e-005
2.60237e-005
2.46819e-005
2.46819e-005
2.37326e-005
2.25592e-005
2.20853e-005
2.18926e-005
2.14067e-005
2.02248e-005
2.01692e-005
2.00704e-005
1.86813e-005
1.78803e-005
1.78803e-005
1.78803e-005
1.78492e-005
1.71145e-005
1.70983e-005
1.70983e-005
1.68584e-005
1.68584e-005
1.68023e-005
1.68023e-005
1.66439e-005
1.66439e-005
1.66439e-005
1.66439e-005
1.63044e-005
1.63044e-005
1.62032e-005
1.58975e-005
1.57211e-005
1.57211e-005
1.57011e-005
1.52992e-005
1.50299e-005
1.4659e-005
1.4659e-005
1.4659e-005
1.4659e-005
1.44024e-005
1.42043e-005
1.41688e-005
1.41169e-005
1.39359e-005
1.38369e-005
1.36763e-005
1.36763e-005
1.34516e-005
1.32629e-005
1.28752e-005
1.26483e-005
1.18879e-005
1.16873e-005
1.16602e-005
1.15735e-005
1.11003e-005
1.11003e-005
1.11003e-005
1.10684e-005
1.05365e-005
9.87395e-006
9.57838e-006
9.2965e-006
8.68348e-006
8.68348e-006
8.68348e-006
8.68348e-006
8.29661e-006
8.29661e-006
8.29661e-006
8.29661e-006
8.29661e-006
8.05774e-006
7.98344e-006
7.92877e-006
7.76981e-006
7.66864e-006
7.66864e-006
7.51905e-006
7.45616e-006
7.36449e-006
7.22989e-006
7.22989e-006
7.22989e-006
7.11584e-006
7.00052e-006
7.00052e-006
7.00052e-006
6.91583e-006
6.74968e-006
6.64614e-006
6.49951e-006
6.49951e-006
6.49951e-006
6.40649e-006
6.38872e-006
6.30456e-006
6.27948e-006
6.25517e-006
6.21016e-006
6.21016e-006
6.06148e-006
6.06148e-006
6.06148e-006
5.9223e-006
5.84293e-006
5.84293e-006
5.78855e-006
5.70557e-006
5.69883e-006
5.63502e-006
5.41376e-006
5.37966e-006
5.32834e-006
5.2111e-006
5.20973e-006
5.1934e-006
5.11404e-006
5.0701e-006
4.96562e-006
4.93927e-006
4.84719e-006
4.84719e-006
4.84655e-006
4.75235e-006
4.57995e-006
4.57995e-006
4.56701e-006
4.50872e-006
4.48002e-006
4.42433e-006
4.38207e-006
4.38207e-006
4.37273e-006
4.36824e-006
4.34311e-006
4.33857e-006
4.33857e-006
4.27081e-006
4.22993e-006
4.17149e-006
4.16818e-006
4.05815e-006
3.97714e-006
3.94959e-006
3.9437e-006
3.89769e-006
3.89513e-006
3.84547e-006
3.82305e-006
3.76427e-006
3.45477e-006
3.41971e-006
3.30732e-006
3.1407e-006
3.1407e-006
3.1407e-006
3.1407e-006
3.0933e-006
3.0933e-006
3.0933e-006
3.04687e-006
3.04656e-006
3.03125e-006
3.00425e-006
3.00425e-006
2.94768e-006
2.92705e-006
2.85744e-006
2.64563e-006
2.64563e-006
2.63685e-006
2.57151e-006
2.57151e-006
2.41767e-006
2.39329e-006
2.31363e-006
2.25536e-006
2.11988e-006
2.11263e-006
2.11263e-006
2.11117e-006
2.02954e-006
2.0258e-006
2.00406e-006
2.00406e-006
1.98356e-006
1.94886e-006
1.94533e-006
1.92257e-006
1.85456e-006
1.85456e-006
1.85456e-006
1.82677e-006
1.81089e-006
1.79834e-006
1.79834e-006
1.76276e-006
1.76276e-006
1.75584e-006
1.7339e-006
1.7339e-006
1.69986e-006
1.69986e-006
1.66103e-006
1.66103e-006
1.60736e-006
1.5703e-006
1.5703e-006
1.5703e-006
1.5703e-006
1.53045e-006
1.53045e-006
1.52839e-006
1.51788e-006
1.49928e-006
1.49836e-006
1.48979e-006
1.41998e-006
1.41998e-006
1.38763e-006
1.38763e-006
1.36257e-006
1.35472e-006
1.3348e-006
1.29194e-006
1.29194e-006
1.24734e-006
1.24491e-006
1.22325e-006
1.22325e-006
1.20537e-006
1.19047e-006
1.19047e-006
1.16521e-006
1.16521e-006
1.15755e-006
1.15656e-006
1.15656e-006
1.15214e-006
1.14998e-006
1.14212e-006
1.14212e-006
1.14212e-006
1.14212e-006
1.14019e-006
1.14019e-006
1.12795e-006
1.11554e-006
1.11554e-006
1.10948e-006
1.08968e-006
1.08157e-006
1.07058e-006
1.07058e-006
1.0523e-006
1.04748e-006
1.03068e-006
1.03068e-006
1.01138e-006
1.00224e-006
9.87667e-007
9.66331e-007
9.49451e-007
9.24907e-007
8.9731e-007
8.90603e-007
8.90603e-007
8.90603e-007
8.88097e-007
8.59615e-007
8.44975e-007
8.35997e-007
8.09586e-007
7.93146e-007
7.86312e-007
7.74571e-007
7.6037e-007
7.57501e-007
7.52496e-007
7.3756e-007
7.3756e-007
7.34453e-007
7.34453e-007
7.34453e-007
7.34453e-007
7.33833e-007
7.25832e-007
7.25832e-007
7.25832e-007
7.21606e-007
7.16384e-007
7.16384e-007
7.08651e-007
7.08211e-007
7.08211e-007
7.04068e-007
7.02876e-007
7.01959e-007
6.94702e-007
6.94702e-007
6.94702e-007
6.94702e-007
6.89025e-007
6.8069e-007
6.8069e-007
6.73555e-007
6.67379e-007
6.67379e-007
6.66972e-007
6.66549e-007
6.57836e-007
6.57836e-007
6.56597e-007
6.50616e-007
6.49978e-007
6.44407e-007
6.41373e-007
6.25594e-007
6.22324e-007
6.11202e-007
5.94315e-007
5.94315e-007
5.85445e-007
5.74084e-007
5.71653e-007
5.60956e-007
5.60844e-007
5.50998e-007
5.30412e-007
5.18126e-007
5.01969e-007
4.86058e-007
4.67342e-007
4.67083e-007
4.54072e-007
4.54072e-007
4.4436e-007
4.40582e-007
4.28185e-007
4.15768e-007
4.00379e-007
3.99642e-007
3.91604e-007
3.91604e-007
3.91604e-007
3.90312e-007
3.89357e-007
3.72695e-007
3.72695e-007
3.70347e-007
3.70347e-007
3.58324e-007
3.55086e-007
3.55086e-007
3.41339e-007
3.41339e-007
3.41339e-007
3.3532e-007
3.31682e-007
3.21898e-007
3.21898e-007
3.18124e-007
3.00508e-007
2.92476e-007
2.89806e-007
2.86448e-007
2.81392e-007
2.81392e-007
2.80406e-007
2.67759e-007
2.67759e-007
2.62259e-007
2.62259e-007
2.55606e-007
2.49613e-007
2.48697e-007
2.48697e-007
2.39941e-007
2.39941e-007
2.39725e-007
2.31627e-007
2.29932e-007
2.25854e-007
2.25668e-007
2.24248e-007
2.24248e-007
2.2185e-007
2.18791e-007
2.14209e-007
2.14209e-007
2.14209e-007
2.14209e-007
2.01601e-007
1.82774e-007
1.82603e-007
1.75487e-007
1.69692e-007
1.62443e-007
1.62443e-007
1.58513e-007
1.53875e-007
1.509e-007
1.4702e-007
1.4702e-007
1.36026e-007
1.36026e-007
1.29832e-007
1.16212e-007
1.16212e-007
1.16212e-007
1.07303e-007
1.0152e-007
9.31651e-008
9.31651e-008
9.0787e-008
9.0029e-008
9.0029e-008
9.0029e-008
8.42312e-008
8.42312e-008
8.42312e-008
8.15517e-008
8.15517e-008
7.63431e-008
6.96789e-008
6.96789e-008
6.39241e-008
6.3911e-008
6.10178e-008
6.10178e-008
6.10178e-008
5.88725e-008
5.82581e-008
5.81066e-008
5.57374e-008
5.28873e-008
5.28873e-008
5.24006e-008
5.09186e-008
4.64671e-008
4.6216e-008
4.4473e-008
4.25854e-008
4.25854e-008
4.15647e-008
4.15647e-008
4.15647e-008
4.0681e-008
4.04088e-008
3.98761e-008
3.88332e-008
3.88332e-008
3.88332e-008
3.88332e-008
3.86524e-008
3.80645e-008
3.78989e-008
3.78989e-008
3.73677e-008
3.68107e-008
3.68107e-008
3.43158e-008
3.31644e-008
3.26333e-008
3.08885e-008
3.08885e-008
3.08885e-008
3.05547e-008
3.04371e-008
3.04371e-008
3.03092e-008
2.92456e-008
2.92456e-008
2.86567e-008
2.86309e-008
2.86309e-008
2.86309e-008
2.85299e-008
2.84501e-008
2.77313e-008
2.7582e-008
2.7582e-008
2.64294e-008
2.64294e-008
2.64294e-008
2.64011e-008
2.57406e-008
2.57406e-008
2.52483e-008
2.51388e-008
2.48879e-008
2.43268e-008
2.43268e-008
2.39728e-008
2.39047e-008
2.36727e-008
2.35347e-008
2.35347e-008
2.34286e-008
2.34286e-008
2.27298e-008
2.18756e-008
2.18756e-008
2.14099e-008
2.14099e-008
2.13165e-008
2.08942e-008
2.02952e-008
2.02952e-008
2.01531e-008
1.99783e-008
1.99579e-008
1.96251e-008
1.9553e-008
1.9553e-008
1.9553e-008
1.9553e-008
1.92245e-008
1.92245e-008
1.89408e-008
1.87112e-008
1.86858e-008
1.86049e-008
1.83766e-008
1.83766e-008
1.83679e-008
1.83586e-008
1.81174e-008
1.78427e-008
1.78427e-008
1.76552e-008
1.76552e-008
1.76552e-008
1.76543e-008
1.76029e-008
1.72617e-008
1.7218e-008
1.69112e-008
1.68254e-008
1.61629e-008
1.56029e-008
1.56029e-008
1.5442e-008
1.52635e-008
1.4399e-008
1.4399e-008
1.4399e-008
1.41297e-008
1.41297e-008
1.36179e-008
1.36179e-008
1.36179e-008
1.36179e-008
1.36179e-008
1.36179e-008
1.35483e-008
1.33985e-008
1.31719e-008
1.29092e-008
1.24928e-008
1.24486e-008
1.24486e-008
1.24243e-008
1.24209e-008
1.22598e-008
1.21333e-008
1.19894e-008
1.19894e-008
1.18111e-008
1.17483e-008
1.17483e-008
1.17483e-008
1.17364e-008
1.16297e-008
1.15439e-008
1.14078e-008
1.14078e-008
1.13115e-008
1.1276e-008
1.12205e-008
1.11967e-008
1.11217e-008
1.09854e-008
1.09854e-008
1.09785e-008
1.08664e-008
1.08285e-008
1.07171e-008
1.07171e-008
1.06359e-008
1.03781e-008
1.03781e-008
1.03583e-008
1.03512e-008
1.02461e-008
1.01787e-008
9.96127e-009
9.70171e-009
9.60062e-009
9.24348e-009
9.03915e-009
8.87963e-009
7.90301e-009
7.85412e-009
6.94006e-009
6.94006e-009
6.57648e-009
6.57648e-009
6.57648e-009
6.12363e-009
6.12363e-009
6.04476e-009
5.75918e-009
5.5131e-009
5.50342e-009
5.45032e-009
5.19054e-009
5.17961e-009
5.17743e-009
5.07007e-009
4.88444e-009
4.77807e-009
4.71274e-009
4.54216e-009
4.41458e-009
4.08424e-009
3.7018e-009
3.7018e-009
3.7018e-009
3.7018e-009
3.7018e-009
3.7018e-009
3.7018e-009
3.69793e-009
3.58966e-009
3.51983e-009
3.45871e-009
3.45871e-009
3.45871e-009
3.43667e-009
3.41983e-009
3.36968e-009
3.34215e-009
3.34215e-009
3.27614e-009
3.27614e-009
3.20143e-009
3.20143e-009
3.14416e-009
3.07806e-009
3.07806e-009
3.04827e-009
2.99895e-009
2.99895e-009
2.95952e-009
2.94473e-009
2.88274e-009
2.88274e-009
2.88274e-009
2.88274e-009
2.88274e-009
2.84942e-009
2.78217e-009
2.77648e-009
2.7572e-009
2.71738e-009
2.71738e-009
2.61937e-009
2.59346e-009
2.55796e-009
2.55796e-009
2.55796e-009
2.52419e-009
2.46484e-009
2.30123e-009
2.23444e-009
2.14315e-009
2.02426e-009
2.01428e-009
2.01428e-009
1.93341e-009
1.93341e-009
1.88029e-009
1.77235e-009
1.77235e-009
1.77235e-009
1.71821e-009
1.66635e-009
1.66635e-009
1.66075e-009
1.655e-009
1.549e-009
1.53176e-009
1.49317e-009
1.42777e-009
1.35336e-009
1.35336e-009
1.34477e-009
1.30708e-009
1.30708e-009
1.30708e-009
1.26405e-009
1.22598e-009
1.20641e-009
1.1938e-009
1.15714e-009
1.15714e-009
1.15714e-009
1.14302e-009
1.12675e-009
1.11289e-009
1.1064e-009
1.07513e-009
1.05314e-009
1.03592e-009
1.03557e-009
1.02504e-009
1.02504e-009
1.01844e-009
1.01844e-009
9.84667e-010
9.77439e-010
9.70488e-010
9.66201e-010
9.60774e-010
9.60774e-010
9.57064e-010
9.54911e-010
9.44023e-010
9.40591e-010
9.40591e-010
9.40591e-010
9.32347e-010
9.26429e-010
9.11828e-010
9.05364e-010
9.04113e-010
8.8242e-010
8.79877e-010
8.72318e-010
8.67676e-010
8.41342e-010
8.20807e-010
8.20245e-010
7.74245e-010
7.61313e-010
7.50313e-010
7.21867e-010
7.01074e-010
7.01074e-010
7.01074e-010
6.96344e-010
6.82405e-010
6.74938e-010
6.74938e-010
6.67614e-010
6.62349e-010
6.58365e-010
6.55996e-010
6.52842e-010
6.52842e-010
6.41661e-010
6.41661e-010
6.41661e-010
6.40685e-010
6.288e-010
6.288e-010
6.16047e-010
5.91975e-010
5.78901e-010
5.42832e-010
5.30798e-010
5.30798e-010
5.30798e-010
5.30798e-010
5.2409e-010
5.16131e-010
5.10729e-010
5.09973e-010
5.08747e-010
4.89483e-010
4.80424e-010
4.80424e-010
4.7764e-010
4.7184e-010
4.6807e-010
4.62882e-010
4.51631e-010
4.51631e-010
4.49228e-010
4.42143e-010
4.42143e-010
4.38381e-010
4.38381e-010
4.34593e-010
4.29041e-010
4.2867e-010
4.26582e-010
4.26582e-010
4.24475e-010
4.24475e-010
4.15419e-010
4.07468e-010
4.00444e-010
4.00444e-010
3.99768e-010
3.95357e-010
3.9233e-010
3.90651e-010
3.88556e-010
3.81346e-010
3.78171e-010
3.65762e-010
3.65762e-010
3.65762e-010
3.62667e-010
3.62667e-010
3.62667e-010
3.59384e-010
3.5772e-010
3.54958e-010
3.54283e-010
3.50175e-010
3.49144e-010
3.49144e-010
3.47923e-010
3.46234e-010
3.46196e-010
3.43491e-010
3.41936e-010
3.41549e-010
3.40047e-010
3.3764e-010
3.3346e-010
3.25408e-010
3.2067e-010
3.16114e-010
3.09964e-010
3.06332e-010
3.03491e-010
3.01131e-010
2.96896e-010
2.96896e-010
2.96122e-010
2.93749e-010
2.88778e-010
2.76149e-010
2.76149e-010
2.66904e-010
2.66515e-010
2.64044e-010
2.6257e-010
2.59905e-010
2.58396e-010
2.56086e-010
2.52222e-010
2.5064e-010
2.47906e-010
2.36579e-010
2.30777e-010
2.30777e-010
2.29166e-010
2.26343e-010
2.25394e-010
2.22949e-010
2.22949e-010
2.22362e-010
2.20773e-010
2.20773e-010
2.17017e-010
2.17017e-010
2.14184e-010
2.13149e-010
2.12658e-010
2.10677e-010
2.03377e-010
1.87942e-010
1.83531e-010
1.79284e-010
1.76244e-010
1.72121e-010
1.62239e-010
1.57313e-010
1.552e-010
1.33829e-010
1.33829e-010
1.28608e-010
1.1831e-010
1.1831e-010
1.12311e-010
1.12311e-010
1.12311e-010
1.07635e-010
9.89504e-011
8.91027e-011
8.91027e-011
8.73938e-011
8.57371e-011
8.20661e-011
7.71179e-011
7.71179e-011
7.27875e-011
7.27875e-011
7.27875e-011
7.10868e-011
7.03045e-011
7.03045e-011
6.94926e-011
6.61685e-011
6.48682e-011
6.27125e-011
6.27125e-011
6.21963e-011
6.21963e-011
5.99654e-011
5.99654e-011
5.99332e-011
5.948e-011
5.948e-011
5.948e-011
5.948e-011
5.86073e-011
5.82808e-011
5.77928e-011
5.76561e-011
5.63113e-011
5.63113e-011
5.63113e-011
5.61287e-011
5.58858e-011
5.56157e-011
5.40325e-011
5.32205e-011
5.30912e-011
5.11395e-011
5.01413e-011
4.97188e-011
4.64706e-011
4.6296e-011
4.40582e-011
4.29847e-011
4.26049e-011
4.08616e-011
4.08616e-011
4.0155e-011
3.90734e-011
3.90734e-011
3.85445e-011
3.4855e-011
3.23572e-011
3.23572e-011
3.23572e-011
3.23572e-011
3.18483e-011
3.15368e-011
3.09223e-011
2.95892e-011
2.95892e-011
2.95892e-011
2.86746e-011
2.80178e-011
2.80178e-011
2.69278e-011
2.69278e-011
2.68975e-011
2.65193e-011
2.56229e-011
2.56229e-011
2.5546e-011
2.49587e-011
2.49587e-011
2.48202e-011
2.47096e-011
2.46346e-011
2.43289e-011
2.41917e-011
2.39126e-011
2.39119e-011
2.34579e-011
2.34526e-011
2.34526e-011
2.29545e-011
2.27823e-011
2.27823e-011
2.20271e-011
2.12606e-011
2.08786e-011
1.94564e-011
1.92064e-011
1.92064e-011
1.84747e-011
1.84716e-011
1.82377e-011
1.74596e-011
1.71021e-011
1.63547e-011
1.54711e-011
1.54176e-011
1.43601e-011
1.43601e-011
1.42745e-011
1.39961e-011
1.39961e-011
1.35681e-011
1.35681e-011
1.35681e-011
1.352e-011
1.29449e-011
1.27313e-011
1.26494e-011
1.25605e-011
1.24759e-011
1.23529e-011
1.23529e-011
1.23529e-011
1.23529e-011
1.22526e-011
1.22526e-011
1.22526e-011
1.22526e-011
1.22526e-011
1.20532e-011
1.18307e-011
1.16614e-011
1.16177e-011
1.14503e-011
1.14503e-011
1.13599e-011
1.12538e-011
1.12538e-011
1.10879e-011
1.09299e-011
1.07042e-011
1.06419e-011
1.04776e-011
1.04776e-011
1.03388e-011
1.02269e-011
1.01413e-011
9.9956e-012
9.9956e-012
9.98266e-012
9.97075e-012
9.6733e-012
9.63427e-012
9.63427e-012
9.16688e-012
9.01396e-012
9.01396e-012
8.62104e-012
8.62104e-012
8.62104e-012
8.57598e-012
8.55523e-012
8.54248e-012
8.4441e-012
8.4441e-012
8.39114e-012
8.25311e-012
8.11116e-012
8.03387e-012
7.90513e-012
7.74202e-012
7.5465e-012
7.51234e-012
7.38434e-012
7.30927e-012
7.06571e-012
6.95608e-012
6.90618e-012
6.57592e-012
6.21074e-012
6.21074e-012
6.12958e-012
5.9764e-012
5.95309e-012
5.91098e-012
5.35833e-012
5.11914e-012
4.97797e-012
4.79881e-012
4.70679e-012
4.70679e-012
4.70679e-012
4.59775e-012
4.59775e-012
4.58986e-012
4.3992e-012
4.2008e-012
3.81399e-012
3.81399e-012
3.81399e-012
3.58909e-012
3.58909e-012
3.58909e-012
3.58208e-012
3.55462e-012
3.50843e-012
3.50843e-012
3.43021e-012
3.415e-012
3.38096e-012
3.38096e-012
3.37994e-012
3.33135e-012
3.33135e-012
3.33135e-012
3.27422e-012
3.27422e-012
3.25354e-012
3.19744e-012
3.19744e-012
3.1373e-012
3.12804e-012
3.06331e-012
3.06331e-012
3.06179e-012
3.06179e-012
3.05108e-012
3.02833e-012
2.98953e-012
2.98953e-012
2.89532e-012
2.89532e-012
2.89532e-012
2.89532e-012
2.80622e-012
2.80622e-012
2.79267e-012
2.79267e-012
2.69854e-012
2.66342e-012
2.64433e-012
2.64433e-012
2.63716e-012
2.63716e-012
2.61215e-012
2.58904e-012
2.58904e-012
2.58154e-012
2.56925e-012
2.56925e-012
2.55155e-012
2.55155e-012
2.53227e-012
2.53227e-012
2.53227e-012
2.51852e-012
2.51113e-012
2.50672e-012
2.49075e-012
2.49038e-012
2.49038e-012
2.49038e-012
2.47742e-012
2.45321e-012
2.44323e-012
2.41748e-012
2.41748e-012
2.41748e-012
2.35622e-012
2.32896e-012
2.30593e-012
2.29361e-012
2.21343e-012
2.14025e-012
2.10868e-012
2.10082e-012
2.0736e-012
2.07143e-012
2.05762e-012
2.01654e-012
1.99791e-012
1.95972e-012
1.95972e-012
1.95972e-012
1.94352e-012
1.94352e-012
1.91481e-012
1.91481e-012
1.91481e-012
1.914e-012
1.9055e-012
1.89759e-012
1.86697e-012
1.84044e-012
1.80522e-012
1.80522e-012
1.77627e-012
1.77627e-012
1.73162e-012
1.73162e-012
1.68407e-012
1.67756e-012
1.65809e-012
1.65809e-012
1.64448e-012
1.64448e-012
1.63614e-012
1.62497e-012
1.61478e-012
1.60566e-012
1.50849e-012
1.50849e-012
1.49059e-012
1.47837e-012
1.47837e-012
1.45057e-012
1.45057e-012
1.45057e-012
1.44072e-012
1.42555e-012
1.42555e-012
1.42015e-012
1.41251e-012
1.41251e-012
1.40137e-012
1.40137e-012
1.38935e-012
1.37845e-012
1.3615e-012
1.35207e-012
1.35207e-012
1.33303e-012
1.31962e-012
1.31007e-012
1.29389e-012
1.29389e-012
1.28953e-012
1.28122e-012
1.27335e-012
1.24924e-012
1.24319e-012
1.23915e-012
1.23915e-012
1.23555e-012
1.23342e-012
1.21366e-012
1.19434e-012
1.16936e-012
1.14941e-012
1.14941e-012
1.14516e-012
1.13919e-012
1.13267e-012
1.13113e-012
1.13113e-012
1.12807e-012
1.11655e-012
1.09648e-012
1.09648e-012
1.07409e-012
1.05235e-012
1.02129e-012
1.01008e-012
1.00167e-012
9.75201e-013
9.74055e-013
9.66958e-013
9.4937e-013
9.33033e-013
9.1905e-013
8.41393e-013
8.20652e-013
7.54706e-013
7.39788e-013
7.14562e-013
6.86421e-013
6.82096e-013
6.4353e-013
6.27505e-013
5.65653e-013
5.32888e-013
5.27863e-013
5.27863e-013
5.27191e-013
4.7978e-013
4.7978e-013
4.63456e-013
4.09026e-013
4.09026e-013
4.09026e-013
4.09026e-013
4.09026e-013
3.97289e-013
3.93886e-013
3.93822e-013
3.93822e-013
3.92396e-013
3.91804e-013
3.83793e-013
3.67149e-013
3.64227e-013
3.48707e-013
3.48707e-013
3.20049e-013
3.0958e-013
3.0958e-013
3.0958e-013
3.02351e-013
3.02351e-013
2.89884e-013
2.84367e-013
2.84367e-013
2.71432e-013
2.68391e-013
2.48623e-013
2.48623e-013
2.31274e-013
2.17615e-013
2.06924e-013
2.06924e-013
2.0151e-013
2.0151e-013
1.9903e-013
1.85495e-013
1.85495e-013
1.82723e-013
1.82723e-013
1.77763e-013
1.63941e-013
1.54695e-013
1.49243e-013
1.45576e-013
1.45576e-013
1.41667e-013
1.38318e-013
1.37322e-013
1.30213e-013
1.2727e-013
1.22994e-013
1.22586e-013
1.21973e-013
1.16553e-013
1.16553e-013
1.12374e-013
1.06896e-013
1.02468e-013
1.02468e-013
1.00886e-013
1.00886e-013
1.00886e-013
9.54752e-014
9.2957e-014
9.08498e-014
8.92784e-014
8.65112e-014
8.65112e-014
8.60759e-014
8.35802e-014
8.35802e-014
8.35802e-014
8.35802e-014
8.13933e-014
8.13933e-014
8.13933e-014
8.13664e-014
7.98003e-014
7.86583e-014
7.6638e-014
7.14187e-014
6.71216e-014
6.5774e-014
6.44603e-014
6.33699e-014
6.20022e-014
6.17626e-014
6.07229e-014
6.04524e-014
5.88453e-014
5.88453e-014
5.88453e-014
5.84799e-014
5.84799e-014
5.63778e-014
5.36227e-014
5.36227e-014
5.1635e-014
5.12534e-014
5.12534e-014
5.00368e-014
5.00368e-014
4.90374e-014
4.90374e-014
4.85921e-014
4.85921e-014
4.85921e-014
4.79357e-014
4.76063e-014
4.73866e-014
4.55582e-014
4.55582e-014
4.50627e-014
4.37309e-014
4.26963e-014
4.16732e-014
4.07787e-014
4.07787e-014
4.00973e-014
3.90111e-014
3.90111e-014
3.89772e-014
3.79496e-014
3.79496e-014
3.79496e-014
3.79027e-014
3.75288e-014
3.64569e-014
3.64569e-014
3.60689e-014
3.60689e-014
3.5957e-014
3.49645e-014
3.45412e-014
3.37701e-014
3.35589e-014
3.28866e-014
3.2294e-014
3.16949e-014
3.06567e-014
2.99612e-014
2.85825e-014
2.81797e-014
2.78404e-014
2.78404e-014
2.70301e-014
2.68541e-014
2.68541e-014
2.66545e-014
2.63316e-014
2.58852e-014
2.58852e-014
2.57407e-014
2.52459e-014
2.50522e-014
2.50522e-014
2.4867e-014
2.45875e-014
2.45875e-014
2.45875e-014
2.44887e-014
2.42322e-014
2.3964e-014
2.3964e-014
2.34896e-014
2.34092e-014
2.32997e-014
2.32188e-014
2.31661e-014
2.29177e-014
2.26968e-014
2.23832e-014
2.20999e-014
2.16807e-014
2.15264e-014
2.13675e-014
2.10728e-014
2.10728e-014
2.10126e-014
2.05867e-014
2.05867e-014
2.05511e-014
1.98318e-014
1.9685e-014
1.96795e-014
1.91293e-014
1.85455e-014
1.7982e-014
1.74095e-014
1.73234e-014
1.62708e-014
1.59486e-014
1.57659e-014
1.51801e-014
1.51801e-014
1.50789e-014
1.48847e-014
1.46374e-014
1.45558e-014
1.4434e-014
1.42512e-014
1.42512e-014
1.41977e-014
1.40127e-014
1.40127e-014
1.40127e-014
1.38662e-014
1.38662e-014
1.38662e-014
1.35993e-014
1.3534e-014
1.3534e-014
1.33588e-014
1.31733e-014
1.31733e-014
1.30537e-014
1.29728e-014
1.27921e-014
1.2758e-014
1.2758e-014
1.26231e-014
1.23072e-014
1.21094e-014
1.20425e-014
1.20425e-014
1.20425e-014
1.20425e-014
1.16863e-014
1.12948e-014
1.12204e-014
1.11403e-014
1.11127e-014
1.10591e-014
1.09375e-014
1.06224e-014
1.02606e-014
9.67567e-015
9.32867e-015
8.75551e-015
8.50934e-015
8.50934e-015
8.34383e-015
7.92069e-015
7.84315e-015
7.79959e-015
7.77756e-015
7.77756e-015
7.58406e-015
7.3219e-015
7.3219e-015
7.29474e-015
7.1717e-015
6.86201e-015
6.5492e-015
6.43633e-015
6.43556e-015
6.32341e-015
6.18241e-015
6.09267e-015
6.01362e-015
5.96002e-015
5.92252e-015
5.74221e-015
5.73039e-015
5.57645e-015
5.57645e-015
5.43527e-015
5.32834e-015
5.28658e-015
5.28658e-015
5.19698e-015
5.19119e-015
5.14799e-015
5.14799e-015
5.03457e-015
5.03457e-015
5.03457e-015
4.97832e-015
4.91597e-015
4.88657e-015
4.88657e-015
4.83277e-015
4.80691e-015
4.79264e-015
4.76194e-015
4.68929e-015
4.63508e-015
4.63508e-015
4.5748e-015
4.54909e-015
4.50214e-015
4.50214e-015
4.50089e-015
4.49725e-015
4.40669e-015
4.34125e-015
4.22103e-015
4.21446e-015
4.08378e-015
4.05371e-015
3.92618e-015
3.82234e-015
3.78447e-015
3.75244e-015
3.67298e-015
3.58454e-015
3.447e-015
3.44284e-015
3.28048e-015
3.21673e-015
3.09604e-015
2.87497e-015
2.84626e-015
2.8007e-015
2.8007e-015
2.78958e-015
2.76232e-015
2.76232e-015
2.76232e-015
2.74846e-015
2.73242e-015
2.71658e-015
2.69726e-015
2.63708e-015
2.63708e-015
2.60497e-015
2.60497e-015
2.51803e-015
2.49507e-015
2.49507e-015
2.49507e-015
2.4004e-015
2.4004e-015
2.37236e-015
2.35918e-015
2.331e-015
2.30784e-015
2.27944e-015
2.26427e-015
2.24198e-015
2.23676e-015
2.19092e-015
2.15851e-015
2.15851e-015
2.12324e-015
2.12324e-015
2.08453e-015
2.01507e-015
1.99024e-015
1.94528e-015
1.94528e-015
1.94528e-015
1.93937e-015
1.93937e-015
1.91302e-015
1.90548e-015
1.9024e-015
1.88419e-015
1.85318e-015
1.84211e-015
1.79036e-015
1.78642e-015
1.75584e-015
1.74366e-015
1.73433e-015
1.72886e-015
1.71776e-015
1.6674e-015
1.66522e-015
1.62743e-015
1.60928e-015
1.59034e-015
1.58945e-015
1.5522e-015
1.51863e-015
1.46767e-015
1.46767e-015
1.45972e-015
1.39456e-015
1.37854e-015
1.3479e-015
1.31368e-015
1.26192e-015
1.26192e-015
1.26012e-015
1.2526e-015
1.22781e-015
1.22781e-015
1.20357e-015
1.20062e-015
1.20062e-015
1.17558e-015
1.17558e-015
1.16896e-015
1.13908e-015
1.10917e-015
1.09271e-015
1.06298e-015
1.04557e-015
1.04557e-015
1.0262e-015
9.95613e-016
9.95613e-016
9.95613e-016
9.91181e-016
9.91181e-016
9.8228e-016
9.74588e-016
9.74588e-016
9.62123e-016
9.60545e-016
9.071e-016
9.071e-016
8.49413e-016
8.32453e-016
8.31627e-016
7.95551e-016
7.85705e-016
7.48913e-016
7.48913e-016
7.48913e-016
7.40883e-016
7.40883e-016
7.3453e-016
7.23344e-016
7.23344e-016
7.23344e-016
7.15796e-016
7.05064e-016
7.00157e-016
6.86085e-016
6.66139e-016
6.37198e-016
6.28884e-016
6.15627e-016
6.15627e-016
6.15627e-016
6.13352e-016
5.98053e-016
5.9252e-016
5.9252e-016
5.76649e-016
5.61533e-016
5.61533e-016
5.56567e-016
5.54927e-016
5.3008e-016
5.21627e-016
5.01585e-016
4.95549e-016
4.91816e-016
4.88995e-016
4.88995e-016
4.84746e-016
4.84746e-016
4.78996e-016
4.72104e-016
4.6641e-016
4.56409e-016
4.4727e-016
4.42562e-016
4.42315e-016
4.42315e-016
4.26869e-016
4.08244e-016
3.99465e-016
3.70254e-016
3.6552e-016
3.6552e-016
3.54985e-016
3.4611e-016
3.29281e-016
3.21925e-016
3.17828e-016
2.94223e-016
2.56257e-016
2.52908e-016
2.51919e-016
2.4517e-016
2.4246e-016
2.40933e-016
1.99467e-016
1.99467e-016
1.99467e-016
1.99467e-016
1.99467e-016
1.90997e-016
1.90997e-016
1.90997e-016
1.90004e-016
1.87971e-016
1.84407e-016
1.82758e-016
1.78921e-016
1.78921e-016
1.78921e-016
1.78921e-016
1.78921e-016
1.732e-016
1.732e-016
1.71221e-016
1.71023e-016
1.6855e-016
1.68242e-016
1.66338e-016
1.6459e-016
1.6264e-016
1.61009e-016
1.57604e-016
1.54169e-016
1.54169e-016
1.50934e-016
1.50934e-016
1.49239e-016
1.48709e-016
1.48709e-016
1.48659e-016
1.48659e-016
1.46698e-016
1.46537e-016
1.45053e-016
1.45053e-016
1.43544e-016
1.43346e-016
1.38639e-016
1.33832e-016
1.30435e-016
1.24504e-016
1.20584e-016
1.20584e-016
1.16856e-016
1.16133e-016
1.16133e-016
1.16133e-016
1.13344e-016
1.13206e-016
1.11554e-016
1.11554e-016
1.11455e-016
1.10647e-016
1.10281e-016
1.09523e-016
1.08841e-016
1.08841e-016
1.08018e-016
1.08018e-016
1.08018e-016
1.07786e-016
1.07786e-016
1.07412e-016
1.061e-016
1.061e-016
1.05711e-016
1.05263e-016
1.05144e-016
1.05144e-016
1.03466e-016
1.03466e-016
1.02945e-016
1.0294e-016
1.01947e-016
1.00747e-016
1.0061e-016
1.0034e-016
1.0034e-016
9.96584e-017
9.90111e-017
9.87993e-017
9.80559e-017
9.63687e-017
9.60061e-017
9.35675e-017
9.26832e-017
8.83603e-017
8.54489e-017
8.26313e-017
8.1316e-017
8.03212e-017
8.00168e-017
7.67284e-017
7.44757e-017
7.13221e-017
7.04187e-017
6.63176e-017
6.46082e-017
5.88488e-017
5.72642e-017
5.72642e-017
5.62015e-017
5.60219e-017
5.46454e-017
5.42817e-017
5.42817e-017
5.42817e-017
5.29156e-017
5.16388e-017
5.16388e-017
5.16388e-017
5.16388e-017
5.00103e-017
4.79061e-017
4.79061e-017
4.79061e-017
4.50459e-017
4.50459e-017
4.28638e-017
4.28638e-017
4.12568e-017
4.08547e-017
4.08547e-017
3.75078e-017
3.75078e-017
3.68794e-017
3.68567e-017
3.66078e-017
3.63107e-017
3.60717e-017
3.53778e-017
3.45653e-017
3.44175e-017
3.4155e-017
3.4155e-017
3.37187e-017
3.37187e-017
3.35695e-017
3.3057e-017
3.25741e-017
3.18226e-017
3.18226e-017
3.18226e-017
3.17594e-017
3.17594e-017
3.14085e-017
3.14085e-017
3.14085e-017
3.09408e-017
2.94763e-017
2.86166e-017
2.79281e-017
2.66738e-017
2.62706e-017
2.56181e-017
2.43549e-017
2.43207e-017
2.43207e-017
2.42586e-017
2.40315e-017
2.3955e-017
2.38732e-017
2.36323e-017
2.36323e-017
2.34963e-017
2.32879e-017
2.32879e-017
2.32788e-017
2.3061e-017
2.3061e-017
2.3061e-017
2.2721e-017
2.2022e-017
2.2022e-017
2.2011e-017
2.2011e-017
2.1981e-017
2.15525e-017
2.12904e-017
2.11394e-017
2.11394e-017
2.07534e-017
2.05363e-017
2.05363e-017
1.99917e-017
1.99917e-017
1.98746e-017
1.96532e-017
1.93882e-017
1.93431e-017
1.91317e-017
1.89385e-017
1.89385e-017
1.88621e-017
1.8705e-017
1.8705e-017
1.86824e-017
1.85944e-017
1.85828e-017
1.82854e-017
1.82854e-017
1.79576e-017
1.78855e-017
1.75938e-017
1.71918e-017
1.68597e-017
1.67381e-017
1.65251e-017
1.62639e-017
1.59332e-017
1.59043e-017
1.59043e-017
1.57963e-017
1.54406e-017
1.52472e-017
1.52472e-017
1.49093e-017
1.44887e-017
1.41616e-017
1.3723e-017
1.27871e-017
1.24165e-017
1.24165e-017
1.13691e-017
1.13691e-017
1.08961e-017
1.0313e-017
1.00805e-017
9.88129e-018
9.88129e-018
9.3217e-018
9.24431e-018
9.24431e-018
8.82377e-018
8.82377e-018
8.82377e-018
8.82377e-018
8.47366e-018
8.47366e-018
8.47366e-018
8.45048e-018
8.45048e-018
8.1737e-018
8.06383e-018
7.91917e-018
7.67401e-018
7.67401e-018
7.67401e-018
7.67401e-018
7.60788e-018
7.52098e-018
7.52098e-018
7.29673e-018
7.17218e-018
6.91807e-018
6.6109e-018
6.54747e-018
6.29017e-018
6.29017e-018
6.20257e-018
5.76894e-018
5.54447e-018
5.17411e-018
5.07635e-018
4.93022e-018
4.71387e-018
4.51975e-018
4.47644e-018
4.47644e-018
4.29719e-018
4.08504e-018
4.08504e-018
3.78759e-018
3.35029e-018
3.35029e-018
3.35029e-018
3.23557e-018
3.23557e-018
3.23557e-018
3.20794e-018
3.187e-018
2.97455e-018
2.97455e-018
2.97455e-018
2.97455e-018
2.90922e-018
2.90922e-018
2.90922e-018
2.90922e-018
2.89506e-018
2.85691e-018
2.85691e-018
2.85691e-018
2.85691e-018
2.80582e-018
2.79665e-018
2.74501e-018
2.7449e-018
2.72385e-018
2.6894e-018
2.65367e-018
2.6062e-018
2.55653e-018
2.55653e-018
2.5333e-018
2.50286e-018
2.50286e-018
2.46497e-018
2.46241e-018
2.46241e-018
2.40295e-018
2.38407e-018
2.36329e-018
2.2971e-018
2.28351e-018
2.25418e-018
2.25304e-018
2.18638e-018
2.18116e-018
2.16034e-018
2.13839e-018
2.12809e-018
2.12296e-018
2.12296e-018
2.10227e-018
2.10227e-018
2.10227e-018
2.08199e-018
2.07403e-018
2.05851e-018
2.05616e-018
2.05616e-018
2.05616e-018
2.05175e-018
2.04825e-018
2.0464e-018
2.03553e-018
2.02197e-018
2.01365e-018
2.00475e-018
2.00475e-018
1.9953e-018
1.9931e-018
1.95476e-018
1.91465e-018
1.91171e-018
1.91171e-018
1.89808e-018
1.89084e-018
1.89084e-018
1.89084e-018
1.88031e-018
1.86715e-018
1.85591e-018
1.81318e-018
1.81318e-018
1.81228e-018
1.80474e-018
1.80474e-018
1.7976e-018
1.78979e-018
1.78681e-018
1.76646e-018
1.74418e-018
1.74068e-018
1.73906e-018
1.72649e-018
1.7256e-018
1.72532e-018
1.72532e-018
1.70355e-018
1.7023e-018
1.7023e-018
1.68225e-018
1.68225e-018
1.6822e-018
1.67929e-018
1.67707e-018
1.67196e-018
1.6712e-018
1.67068e-018
1.67068e-018
1.66833e-018
1.65655e-018
1.64014e-018
1.64014e-018
1.63829e-018
1.63308e-018
1.63308e-018
1.62154e-018
1.61577e-018
1.6128e-018
1.59481e-018
1.58937e-018
1.57677e-018
1.57677e-018
1.57677e-018
1.57677e-018
1.57068e-018
1.57068e-018
1.5543e-018
1.53276e-018
1.53276e-018
1.51608e-018
1.51188e-018
1.4994e-018
1.49434e-018
1.4934e-018
1.48879e-018
1.48652e-018
1.48652e-018
1.48276e-018
1.47405e-018
1.47405e-018
1.46965e-018
1.46025e-018
1.45182e-018
1.44871e-018
1.4425e-018
1.42681e-018
1.42459e-018
1.42221e-018
1.39716e-018
1.38356e-018
1.35215e-018
1.32789e-018
1.32789e-018
1.31179e-018
1.29939e-018
1.24805e-018
1.2392e-018
1.21162e-018
1.21162e-018
1.18571e-018
1.18571e-018
1.15826e-018
1.15814e-018
1.14201e-018
1.12877e-018
1.11358e-018
1.06913e-018
1.06913e-018
1.06913e-018
1.06638e-018
1.02665e-018
1.02665e-018
1.01518e-018
9.98715e-019
9.83226e-019
9.83226e-019
9.69289e-019
9.50633e-019
9.29529e-019
9.22202e-019
9.11498e-019
9.00908e-019
9.00908e-019
8.91217e-019
8.83514e-019
8.26137e-019
7.9922e-019
7.91799e-019
7.91799e-019
7.91799e-019
7.87025e-019
7.73878e-019
7.73878e-019
7.72763e-019
7.70149e-019
7.63274e-019
7.49201e-019
7.29151e-019
7.19922e-019
7.19922e-019
7.19922e-019
7.0411e-019
6.90141e-019
6.90141e-019
6.61185e-019
6.46826e-019
6.30346e-019
6.21772e-019
6.21772e-019
6.21772e-019
6.12259e-019
6.10807e-019
5.98605e-019
5.93947e-019
5.88492e-019
5.88492e-019
5.74729e-019
5.70296e-019
5.66886e-019
5.51707e-019
5.28238e-019
5.23937e-019
5.18801e-019
5.01616e-019
5.01616e-019
5.01616e-019
4.97046e-019
4.62588e-019
4.62588e-019
4.60256e-019
4.46703e-019
4.45529e-019
4.45529e-019
4.38873e-019
4.2826e-019
4.2826e-019
4.2826e-019
4.24242e-019
4.16605e-019
4.10722e-019
3.93161e-019
3.93161e-019
3.93161e-019
3.93161e-019
3.93079e-019
3.90935e-019
3.84407e-019
3.84069e-019
3.7391e-019
3.7391e-019
3.67604e-019
3.67604e-019
3.5874e-019
3.53932e-019
3.53932e-019
3.33244e-019
3.26032e-019
3.26032e-019
3.25279e-019
3.23554e-019
3.13239e-019
3.13239e-019
3.08801e-019
3.00342e-019
2.92928e-019
2.91496e-019
2.90842e-019
2.90842e-019
2.90842e-019
2.80284e-019
2.75742e-019
2.74181e-019
2.68607e-019
2.60394e-019
2.48739e-019
2.48739e-019
2.45749e-019
2.42351e-019
2.40474e-019
2.40474e-019
2.40474e-019
2.34188e-019
2.23912e-019
2.11566e-019
2.09408e-019
2.0325e-019
1.93616e-019
1.92729e-019
1.86895e-019
1.86895e-019
1.84411e-019
1.84411e-019
1.81246e-019
1.81246e-019
1.81094e-019
1.79506e-019
1.74755e-019
1.70899e-019
1.65524e-019
1.55392e-019
1.52824e-019
1.52665e-019
1.51744e-019
1.50574e-019
1.47454e-019
1.41216e-019
1.41216e-019
1.38806e-019
1.36159e-019
1.32894e-019
1.32334e-019
1.32266e-019
1.25075e-019
1.2396e-019
1.20189e-019
1.19398e-019
1.16455e-019
1.14407e-019
1.12803e-019
1.09254e-019
1.06071e-019
1.0534e-019
1.03118e-019
1.01921e-019
1.01731e-019
9.87627e-020
9.87135e-020
9.87135e-020
9.87135e-020
9.856e-020
9.44249e-020
9.28006e-020
9.28006e-020
9.13349e-020
9.13349e-020
8.92056e-020
8.78464e-020
8.66397e-020
8.66327e-020
8.43972e-020
8.20712e-020
8.20712e-020
8.03623e-020
7.97052e-020
7.9105e-020
7.79625e-020
7.79625e-020
7.5284e-020
7.32449e-020
7.15632e-020
7.12445e-020
6.77412e-020
6.77412e-020
6.55091e-020
6.38829e-020
6.19726e-020
5.91311e-020
5.88584e-020
5.88584e-020
5.88584e-020
5.574e-020
5.56503e-020
5.55157e-020
5.26373e-020
5.19195e-020
4.97917e-020
4.88072e-020
4.88072e-020
4.88072e-020
4.83527e-020
4.83527e-020
4.83061e-020
4.69039e-020
4.64015e-020
4.64015e-020
4.50821e-020
4.34822e-020
4.34822e-020
4.27729e-020
4.0458e-020
3.94649e-020
3.94649e-020
3.94649e-020
3.89763e-020
3.88287e-020
3.78532e-020
3.70124e-020
3.70124e-020
3.70124e-020
3.70124e-020
3.55109e-020
3.54624e-020
3.47597e-020
3.35741e-020
3.35558e-020
3.34319e-020
3.34319e-020
3.26391e-020
3.25361e-020
3.19365e-020
3.15048e-020
3.12594e-020
2.99861e-020
2.79337e-020
2.63895e-020
2.60584e-020
2.48426e-020
2.36939e-020
2.29152e-020
2.29152e-020
2.29152e-020
2.18077e-020
2.15005e-020
2.15005e-020
2.12773e-020
2.12773e-020
2.12707e-020
2.11511e-020
2.09767e-020
2.07603e-020
2.06589e-020
2.0067e-020
2.0067e-020
2.0067e-020
1.98331e-020
1.97823e-020
1.97068e-020
1.92326e-020
1.91799e-020
1.90479e-020
1.90479e-020
1.84032e-020
1.8251e-020
1.7385e-020
1.69379e-020
1.66936e-020
1.61937e-020
1.58567e-020
1.58567e-020
1.54231e-020
1.54231e-020
1.53349e-020
1.48785e-020
1.48785e-020
1.47628e-020
1.46582e-020
1.33453e-020
1.33453e-020
1.26236e-020
1.22088e-020
1.21159e-020
1.12678e-020
1.12678e-020
1.12016e-020
1.12016e-020
1.10673e-020
1.05124e-020
1.02847e-020
1.01544e-020
1.00258e-020
9.91716e-021
9.91716e-021
9.1731e-021
8.54894e-021
8.54894e-021
8.38139e-021
7.37919e-021
6.89723e-021
6.65145e-021
6.65145e-021
6.50599e-021
6.46059e-021
6.417e-021
6.07332e-021
5.98851e-021
5.98851e-021
5.55199e-021
5.55199e-021
5.55199e-021
5.55199e-021
5.32763e-021
4.9283e-021
4.80261e-021
4.68632e-021
4.68632e-021
4.66246e-021
4.50208e-021
3.83934e-021
3.822e-021
3.50011e-021
3.27755e-021
3.23221e-021
2.858e-021
2.72063e-021
2.52752e-021
2.52752e-021
2.48815e-021
2.48815e-021
2.43746e-021
2.34457e-021
2.34457e-021
2.34457e-021
2.34457e-021
2.33609e-021
2.28706e-021
2.28706e-021
2.24999e-021
2.24999e-021
2.24999e-021
2.22764e-021
2.20698e-021
2.18337e-021
2.17709e-021
2.16016e-021
2.09319e-021
2.05042e-021
2.01284e-021
1.93063e-021
1.84191e-021
1.79537e-021
1.79537e-021
1.79064e-021
1.66816e-021
1.62859e-021
1.62736e-021
1.54581e-021
1.54581e-021
1.42598e-021
1.324e-021
1.27336e-021
1.2594e-021
1.246e-021
1.21313e-021
1.21313e-021
1.21313e-021
1.20865e-021
1.20865e-021
1.20865e-021
1.18307e-021
1.16526e-021
1.16526e-021
1.15819e-021
1.15819e-021
1.15277e-021
1.14457e-021
1.11614e-021
1.10314e-021
1.08976e-021
1.07496e-021
1.04103e-021
1.03331e-021
9.96258e-022
9.95162e-022
9.25337e-022
9.06288e-022
8.27398e-022
7.56127e-022
7.56127e-022
7.39063e-022
7.0872e-022
7.0872e-022
6.76436e-022
6.60374e-022
6.52539e-022
5.90127e-022
5.90127e-022
5.59319e-022
5.59319e-022
5.59319e-022
5.59319e-022
5.59319e-022
5.59319e-022
5.34361e-022
5.08586e-022
5.08586e-022
4.5348e-022
4.5348e-022
4.5294e-022
4.39161e-022
4.31179e-022
4.15052e-022
4.11156e-022
4.05408e-022
3.87769e-022
3.84504e-022
3.67139e-022
3.51179e-022
3.51179e-022
3.51179e-022
3.51179e-022
3.41487e-022
3.34664e-022
3.0029e-022
3.0029e-022
2.94021e-022
2.93602e-022
2.87682e-022
2.66086e-022
2.65083e-022
2.56375e-022
2.54568e-022
2.48768e-022
2.48768e-022
2.48768e-022
2.36384e-022
2.36009e-022
2.30291e-022
2.30291e-022
2.30105e-022
2.11986e-022
2.11986e-022
2.11986e-022
2.0131e-022
2.0131e-022
2.0131e-022
1.99614e-022
1.98671e-022
1.94196e-022
1.94196e-022
1.88121e-022
1.88121e-022
1.84611e-022
1.74227e-022
1.72976e-022
1.72976e-022
1.68185e-022
1.6602e-022
1.6602e-022
1.6602e-022
1.6292e-022
1.61601e-022
1.56373e-022
1.54851e-022
1.50586e-022
1.45683e-022
1.39358e-022
1.36762e-022
1.3571e-022
1.3571e-022
1.33073e-022
1.27499e-022
1.18792e-022
1.14944e-022
1.14944e-022
1.0864e-022
1.0864e-022
1.04639e-022
1.04639e-022
1.01696e-022
1.01696e-022
1.00389e-022
9.65414e-023
9.1679e-023
9.1679e-023
9.1679e-023
8.80803e-023
8.76895e-023
8.62006e-023
8.25946e-023
7.99635e-023
7.93132e-023
7.69825e-023
7.53684e-023
7.17184e-023
6.71882e-023
6.68562e-023
6.68562e-023
6.62079e-023
6.62079e-023
6.4933e-023
6.32248e-023
5.8262e-023
5.8262e-023
5.52712e-023
5.25797e-023
4.72207e-023
4.72207e-023
4.69108e-023
4.4611e-023
4.4611e-023
4.19411e-023
4.01095e-023
4.01095e-023
4.01095e-023
3.97884e-023
3.95201e-023
3.92195e-023
3.92195e-023
3.86361e-023
3.74883e-023
3.74883e-023
3.68625e-023
3.68625e-023
3.67451e-023
3.55383e-023
3.49328e-023
3.42982e-023
3.35624e-023
3.28343e-023
3.28343e-023
3.22105e-023
3.20897e-023
3.07483e-023
3.07483e-023
3.07483e-023
3.07483e-023
3.00047e-023
3.00047e-023
3.00047e-023
3.00047e-023
3.00047e-023
3.00047e-023
3.00047e-023
2.99763e-023
2.98118e-023
2.91519e-023
2.90712e-023
2.79609e-023
2.7911e-023
2.77584e-023
2.74481e-023
2.74481e-023
2.62573e-023
2.54682e-023
2.50357e-023
2.47282e-023
2.47282e-023
2.43936e-023
2.31998e-023
2.28306e-023
2.2081e-023
2.14885e-023
2.14885e-023
2.14885e-023
2.08282e-023
2.0445e-023
2.0445e-023
2.0144e-023
1.99268e-023
1.9532e-023
1.91071e-023
1.79041e-023
1.79041e-023
1.76802e-023
1.73148e-023
1.57969e-023
1.57969e-023
1.57969e-023
1.57969e-023
1.56105e-023
1.56105e-023
1.5264e-023
1.51141e-023
1.46641e-023
1.46641e-023
1.44626e-023
1.42917e-023
1.40386e-023
1.39432e-023
1.3675e-023
1.3675e-023
1.33128e-023
1.33128e-023
1.33128e-023
1.33128e-023
1.21553e-023
1.21553e-023
1.16536e-023
1.16192e-023
1.03374e-023
9.70139e-024
8.97244e-024
8.97244e-024
8.97244e-024
8.62488e-024
8.57499e-024
8.57499e-024
8.24567e-024
8.24567e-024
8.24567e-024
8.12157e-024
7.72823e-024
7.66738e-024
7.48095e-024
7.2362e-024
6.75202e-024
6.75202e-024
6.60881e-024
6.5771e-024
6.54301e-024
6.44845e-024
6.44845e-024
6.44845e-024
6.36272e-024
5.88801e-024
5.82104e-024
5.43338e-024
5.40283e-024
5.22754e-024
5.18263e-024
5.18263e-024
5.11473e-024
5.03714e-024
4.68659e-024
4.6197e-024
4.41748e-024
4.41748e-024
4.29175e-024
3.98472e-024
3.98472e-024
3.98472e-024
3.90843e-024
3.80999e-024
3.64222e-024
3.64222e-024
3.59049e-024
3.59049e-024
3.46527e-024
3.46358e-024
3.31725e-024
3.29111e-024
3.28174e-024
3.08537e-024
3.05023e-024
2.6871e-024
2.51506e-024
2.45506e-024
2.39727e-024
2.39727e-024
2.39727e-024
2.39727e-024
2.38383e-024
2.37094e-024
2.37094e-024
2.35322e-024
2.30715e-024
2.30715e-024
2.30715e-024
2.2764e-024
2.20739e-024
2.18595e-024
2.15491e-024
2.11408e-024
2.11408e-024
2.06856e-024
2.06411e-024
2.06411e-024
2.04074e-024
2.02333e-024
1.99984e-024
1.94318e-024
1.91838e-024
1.86971e-024
1.77653e-024
1.68124e-024
1.50966e-024
1.31892e-024
1.31892e-024
1.29173e-024
1.21672e-024
1.17414e-024
1.17414e-024
1.1721e-024
1.10658e-024
1.07893e-024
1.05489e-024
1.02719e-024
9.47199e-025
9.06128e-025
8.73134e-025
8.73134e-025
8.73134e-025
8.66209e-025
8.57508e-025
8.26459e-025
8.26459e-025
8.1456e-025
8.1456e-025
8.09627e-025
8.09627e-025
7.79901e-025
7.36066e-025
7.36066e-025
7.23377e-025
7.23377e-025
7.15692e-025
6.97849e-025
6.91822e-025
6.84117e-025
6.83377e-025
6.82405e-025
6.79095e-025
6.51374e-025
6.28678e-025
5.98297e-025
5.67184e-025
5.60204e-025
5.50094e-025
5.44541e-025
5.38517e-025
5.22374e-025
5.22294e-025
5.09904e-025
4.93139e-025
4.79279e-025
4.64795e-025
4.59249e-025
4.59041e-025
4.37906e-025
4.35059e-025
4.30724e-025
4.29406e-025
4.21137e-025
3.99687e-025
3.7518e-025
3.7518e-025
3.7518e-025
3.7518e-025
3.7518e-025
3.7518e-025
3.73448e-025
3.70791e-025
3.62115e-025
3.50313e-025
3.49547e-025
3.39651e-025
3.39651e-025
3.39651e-025
3.37678e-025
3.37678e-025
3.35163e-025
3.35163e-025
3.35163e-025
3.34045e-025
3.27704e-025
3.24442e-025
3.24442e-025
3.23898e-025
3.21144e-025
3.18745e-025
3.14725e-025
3.14725e-025
3.1323e-025
3.1248e-025
3.04771e-025
3.02395e-025
2.98647e-025
2.96332e-025
2.91907e-025
2.91907e-025
2.90516e-025
2.88698e-025
2.88049e-025
2.88049e-025
2.88049e-025
2.81248e-025
2.81248e-025
2.70279e-025
2.5651e-025
2.5651e-025
2.54994e-025
2.53872e-025
2.53872e-025
2.46943e-025
2.46943e-025
2.4279e-025
2.39326e-025
2.39326e-025
2.35371e-025
2.33098e-025
2.28389e-025
2.27271e-025
2.17652e-025
2.13051e-025
2.08994e-025
2.06609e-025
2.06609e-025
2.04034e-025
2.03485e-025
2.01595e-025
1.95225e-025
1.94262e-025
1.91248e-025
1.91248e-025
1.89443e-025
1.88767e-025
1.82324e-025
1.80241e-025
1.7444e-025
1.7444e-025
1.7444e-025
1.72747e-025
1.69128e-025
1.69128e-025
1.65581e-025
1.61645e-025
1.61645e-025
1.61277e-025
1.59618e-025
1.57816e-025
1.56089e-025
1.56089e-025
1.56045e-025
1.55131e-025
1.55131e-025
1.54424e-025
1.54424e-025
1.53973e-025
1.53354e-025
1.5297e-025
1.52741e-025
1.5209e-025
1.51843e-025
1.49969e-025
1.49254e-025
1.48264e-025
1.4637e-025
1.4637e-025
1.45402e-025
1.44995e-025
1.43039e-025
1.40424e-025
1.40108e-025
1.38186e-025
1.38186e-025
1.3801e-025
1.36588e-025
1.35419e-025
1.34306e-025
1.31668e-025
1.30811e-025
1.2782e-025
1.27554e-025
1.26489e-025
1.24715e-025
1.22865e-025
1.19345e-025
1.19345e-025
1.16656e-025
1.16656e-025
1.16264e-025
1.1588e-025
1.13056e-025
1.09255e-025
1.09255e-025
1.08318e-025
1.06561e-025
1.05765e-025
1.04381e-025
1.03235e-025
1.02961e-025
1.01151e-025
9.68451e-026
9.68451e-026
9.37177e-026
9.0693e-026
8.86862e-026
8.81839e-026
8.72828e-026
7.9319e-026
7.48828e-026
7.09531e-026
6.99531e-026
6.78606e-026
6.76598e-026
6.76598e-026
6.76598e-026
6.57106e-026
6.56069e-026
6.21095e-026
6.21095e-026
6.0945e-026
6.0945e-026
5.55341e-026
4.77413e-026
4.77413e-026
4.76597e-026
4.08942e-026
3.68164e-026
3.68164e-026
3.56495e-026
3.44498e-026
3.28722e-026
3.09521e-026
3.06634e-026
2.88307e-026
2.88307e-026
2.80256e-026
2.80256e-026
2.74967e-026
2.69287e-026
2.65972e-026
2.65972e-026
2.65972e-026
2.61603e-026
2.57754e-026
2.57588e-026
2.56819e-026
2.34597e-026
2.28417e-026
2.28417e-026
2.21905e-026
2.19931e-026
2.19931e-026
2.17437e-026
2.03123e-026
2.03123e-026
2.02667e-026
2.01954e-026
1.87577e-026
1.84977e-026
1.56974e-026
1.54452e-026
1.5172e-026
1.48995e-026
1.48995e-026
1.42551e-026
1.42551e-026
1.37282e-026
1.37282e-026
1.30889e-026
1.30889e-026
1.27371e-026
1.21451e-026
1.15978e-026
1.15649e-026
1.07264e-026
1.07264e-026
1.07264e-026
1.06685e-026
9.98327e-027
9.98327e-027
9.75627e-027
9.55138e-027
9.50196e-027
9.50196e-027
9.50196e-027
9.50196e-027
9.42413e-027
9.42413e-027
9.42413e-027
9.32408e-027
9.23745e-027
9.23745e-027
8.96734e-027
8.85352e-027
8.85352e-027
8.61679e-027
8.61679e-027
8.61679e-027
8.61679e-027
8.48103e-027
8.30253e-027
8.2976e-027
8.1917e-027
7.97153e-027
7.8151e-027
7.70592e-027
7.47724e-027
7.19949e-027
7.19546e-027
7.12729e-027
7.0756e-027
6.96343e-027
6.86225e-027
6.86225e-027
6.80334e-027
6.80334e-027
6.69526e-027
6.3355e-027
5.89244e-027
5.87418e-027
5.63463e-027
5.59256e-027
5.59256e-027
5.41869e-027
5.41869e-027
5.41869e-027
5.30525e-027
4.87133e-027
4.32483e-027
4.32483e-027
4.29055e-027
4.1474e-027
3.94392e-027
3.79305e-027
3.79305e-027
3.66917e-027
3.51973e-027
3.51973e-027
3.51973e-027
3.39614e-027
3.37038e-027
3.37038e-027
3.24816e-027
3.08275e-027
3.08275e-027
3.06573e-027
2.90044e-027
2.74552e-027
2.55558e-027
2.44173e-027
2.41434e-027
2.41434e-027
2.3466e-027
2.21336e-027
2.17465e-027
2.04986e-027
1.83364e-027
1.83364e-027
1.61647e-027
1.61647e-027
1.61647e-027
1.61647e-027
1.52053e-027
1.47444e-027
1.47444e-027
1.47444e-027
1.47444e-027
1.43635e-027
1.43635e-027
1.42563e-027
1.36656e-027
1.35564e-027
1.33536e-027
1.2601e-027
1.2601e-027
1.26003e-027
1.26003e-027
1.21023e-027
1.20344e-027
1.18436e-027
1.16594e-027
1.16594e-027
1.11821e-027
1.10827e-027
1.08435e-027
1.03813e-027
1.01413e-027
1.01413e-027
1.01202e-027
1.01202e-027
9.79579e-028
9.79579e-028
9.76484e-028
9.76484e-028
9.58425e-028
9.58425e-028
9.58425e-028
9.48068e-028
9.37378e-028
9.37378e-028
9.37378e-028
9.32864e-028
9.25948e-028
9.25948e-028
8.94314e-028
8.86435e-028
8.68941e-028
8.64961e-028
8.57648e-028
8.53927e-028
8.52239e-028
8.39366e-028
8.39366e-028
8.3577e-028
8.3577e-028
8.3577e-028
8.25152e-028
8.24708e-028
8.15919e-028
7.95419e-028
7.8613e-028
7.83625e-028
7.61812e-028
7.55517e-028
7.55517e-028
7.53752e-028
7.49356e-028
7.41749e-028
7.41749e-028
7.41334e-028
7.37979e-028
7.35e-028
7.33635e-028
7.29953e-028
7.27765e-028
7.01495e-028
6.74306e-028
6.46227e-028
6.11059e-028
6.09808e-028
5.85128e-028
5.83974e-028
5.70631e-028
5.5522e-028
5.21705e-028
5.00928e-028
5.00928e-028
4.98667e-028
4.67599e-028
4.67599e-028
4.57594e-028
4.50531e-028
4.33804e-028
4.33804e-028
4.30767e-028
4.30767e-028
4.22006e-028
4.07091e-028
4.07091e-028
4.07091e-028
4.07091e-028
4.01964e-028
3.94734e-028
3.94734e-028
3.89582e-028
3.86379e-028
3.79719e-028
3.75868e-028
3.75199e-028
3.62925e-028
3.44382e-028
3.44382e-028
3.41957e-028
3.36694e-028
3.34541e-028
3.34334e-028
3.25108e-028
3.25108e-028
3.21303e-028
3.16924e-028
3.126e-028
3.03056e-028
3.01339e-028
2.88043e-028
2.88043e-028
2.8262e-028
2.74513e-028
2.73976e-028
2.69965e-028
2.69965e-028
2.68013e-028
2.65352e-028
2.65352e-028
2.63509e-028
2.63509e-028
2.61946e-028
2.61635e-028
2.60519e-028
2.60481e-028
2.50772e-028
2.47544e-028
2.41437e-028
2.41437e-028
2.39297e-028
2.39297e-028
2.35831e-028
2.35831e-028
2.35831e-028
2.33528e-028
2.32363e-028
2.29415e-028
2.18456e-028
2.1332e-028
2.11154e-028
2.05391e-028
2.04217e-028
2.04035e-028
2.04035e-028
1.99065e-028
1.97474e-028
1.94623e-028
1.94623e-028
1.94623e-028
1.85787e-028
1.80871e-028
1.80871e-028
1.79668e-028
1.68642e-028
1.68642e-028
1.67006e-028
1.62031e-028
1.62031e-028
1.60975e-028
1.55967e-028
1.55723e-028
1.55505e-028
1.54611e-028
1.51825e-028
1.49028e-028
1.48224e-028
1.39994e-028
1.31086e-028
1.28057e-028
1.26776e-028
1.23046e-028
1.23046e-028
1.18897e-028
1.14077e-028
1.14077e-028
1.122e-028
1.11396e-028
1.05846e-028
1.05846e-028
1.05809e-028
1.05809e-028
1.03497e-028
1.02102e-028
1.01429e-028
9.59969e-029
9.55843e-029
9.51873e-029
9.21807e-029
9.01405e-029
9.01405e-029
8.97714e-029
8.77426e-029
8.74695e-029
8.3949e-029
8.14964e-029
7.95088e-029
7.95088e-029
7.70401e-029
7.54898e-029
7.22517e-029
6.70663e-029
6.70663e-029
6.45361e-029
6.20399e-029
5.95253e-029
5.85042e-029
5.85042e-029
5.78483e-029
5.57985e-029
5.47479e-029
5.22084e-029
5.19052e-029
5.1847e-029
5.03365e-029
4.98496e-029
4.92883e-029
4.92883e-029
4.72051e-029
4.42418e-029
4.4012e-029
4.38567e-029
3.98729e-029
3.87288e-029
3.8445e-029
3.83538e-029
3.75087e-029
3.69436e-029
3.47601e-029
3.38343e-029
3.26328e-029
3.26328e-029
3.26328e-029
3.16409e-029
3.08057e-029
3.08057e-029
3.01856e-029
3.01856e-029
2.88633e-029
2.88633e-029
2.8281e-029
2.72768e-029
2.67542e-029
2.58504e-029
2.58504e-029
2.58504e-029
2.58504e-029
2.5462e-029
2.5462e-029
2.5462e-029
2.50059e-029
2.4404e-029
2.37179e-029
2.37011e-029
2.36245e-029
2.30723e-029
2.30723e-029
2.24682e-029
2.22051e-029
2.14421e-029
2.10272e-029
2.05684e-029
2.05684e-029
1.99187e-029
1.98335e-029
1.92019e-029
1.92019e-029
1.8509e-029
1.82952e-029
1.80984e-029
1.75629e-029
1.75629e-029
1.75629e-029
1.7136e-029
1.69298e-029
1.68556e-029
1.65042e-029
1.61803e-029
1.61803e-029
1.61682e-029
1.61407e-029
1.58081e-029
1.55932e-029
1.51474e-029
1.48572e-029
1.48396e-029
1.46573e-029
1.43651e-029
1.41432e-029
1.35909e-029
1.35909e-029
1.35909e-029
1.35354e-029
1.31977e-029
1.27853e-029
1.24777e-029
1.23711e-029
1.20951e-029
1.16487e-029
