8
9
8
7
6
7
8
7
6
7
6
5
6
7
8
9
10
9
10
11
12
11
12
11
12
11
9
7
8
6
7
8
9
8
9
10
11
12
13
14
14
8
9
8
9
8
7
6
7
6
7
6
7
6
7
6
7
6
7
8
9
8
7
7
8
9
10
9
7
8
7
8
9
6
7
8
9
10
11
12
13
7
8
9
10
11
12
13
13
7
6
5
4
3
4
5
4
5
6
5
4
5
6
7
8
7
8
7
8
7
6
7
5
6
7
6
6
5
6
7
8
7
7
8
9
10
11
12
13
14
14
3
4
5
6
7
8
9
8
7
8
7
8
7
6
5
6
5
6
5
6
7
8
9
10
9
8
9
8
6
7
8
9
7
8
9
10
11
12
13
14
14
10
9
8
7
6
5
6
7
6
5
6
7
6
7
8
7
8
7
8
7
8
7
8
9
8
7
6
7
8
7
8
9
7
8
9
10
11
12
13
14
14
7
6
7
6
7
6
7
6
7
8
9
8
7
8
7
6
7
8
7
8
9
8
7
6
7
6
7
8
6
7
8
7
8
9
10
11
9
10
8
9
10
11
12
13
14
14
5
6
5
6
7
6
5
6
7
8
7
8
7
6
7
8
9
8
7
8
7
8
9
10
11
12
11
10
9
8
7
8
7
8
9
10
9
8
9
10
9
8
7
6
7
8
7
8
9
8
7
6
5
6
7
6
5
6
7
8
7
6
5
6
7
8
9
8
7
6
7
8
9
8
9
10
10
9
8
6
7
8
9
10
11
12
13
14
15
11
12
11
12
11
10
9
10
9
8
9
8
7
6
7
8
7
6
7
6
7
6
5
6
5
6
7
8
7
6
5
6
7
6
7
6
5
4
5
4
5
6
7
8
9
10
11
12
13
12
11
10
9
8
7
6
7
8
7
8
9
10
9
8
9
10
9
8
9
10
9
10
11
10
11
9
7
8
9
10
10
11
12
13
14
14
7
6
7
6
5
6
7
8
9
8
7
8
7
8
7
8
9
8
9
8
7
8
9
8
7
6
7
8
9
8
9
8
7
6
5
6
7
8
9
10
9
8
7
8
7
6
5
4
5
6
5
6
7
6
7
6
5
4
5
4
5
6
7
6
5
6
7
6
7
5
6
7
8
7
8
9
8
9
10
11
12
13
14
15
4
5
6
5
6
7
6
7
8
9
10
9
8
7
8
7
6
7
6
5
6
5
6
5
6
7
8
7
8
9
10
11
9
10
9
9
10
11
12
13
14
15
9
10
9
8
9
8
9
8
7
6
5
6
7
6
7
8
9
10
11
12
5
6
7
8
9
10
11
12
13
8
9
10
11
12
13
14
15
4
5
6
7
6
7
8
9
10
9
8
9
8
7
8
9
10
11
12
13
14
14
