10
11
12
11
10
9
8
9
8
9
8
9
8
7
6
7
6
7
6
5
6
7
5
6
7
5
6
7
6
7
4
2
3
4
5
6
7
8
9
10
11
10
11
12
13
14
15
6
7
8
7
6
7
6
5
4
5
4
5
4
5
4
5
6
7
6
5
6
5
6
5
4
5
4
3
4
3
4
5
4
3
4
3
4
5
6
4
5
6
7
8
9
10
11
12
13
9
10
11
12
13
6
7
8
9
10
11
12
13
14
14
8
9
10
9
8
9
8
7
8
7
6
5
4
5
6
7
6
7
6
5
6
5
5
6
7
8
9
9
5
6
7
8
9
10
11
12
13
14
15
3
4
5
4
5
6
5
4
3
4
5
6
7
8
9
8
7
6
5
6
5
4
5
6
5
4
5
6
5
6
7
8
7
8
9
10
11
12
13
14
9
10
11
12
13
14
10
11
12
13
14
5
6
7
8
9
10
11
12
13
14
15
10
9
10
9
8
9
8
9
8
9
8
7
8
9
8
9
8
7
8
9
10
11
10
11
12
11
6
7
8
9
7
8
7
8
9
10
11
12
13
14
7
8
9
10
11
12
13
13
10
11
12
11
10
9
10
9
10
11
10
9
8
9
8
9
8
9
8
7
8
7
8
9
8
7
8
7
8
7
6
7
8
9
10
9
7
8
7
8
9
10
6
7
8
9
10
11
12
13
9
10
11
12
13
8
9
10
11
12
13
14
14
5
6
7
6
5
4
5
6
7
8
9
8
9
8
9
8
7
8
7
8
7
6
5
6
5
6
5
4
5
4
5
6
7
6
7
8
9
8
7
8
9
8
9
10
11
10
11
10
9
10
9
8
7
6
5
6
5
6
7
8
9
10
9
8
7
8
7
8
7
8
9
10
11
10
10
11
9
10
8
9
10
8
9
10
11
10
5
6
7
8
9
10
11
12
13
14
4
5
6
7
8
9
10
11
12
13
14
6
7
8
9
10
11
12
13
13
7
8
7
8
7
8
9
8
7
6
5
4
3
4
5
6
7
8
7
6
5
4
5
4
3
4
5
6
7
6
7
6
5
6
7
6
5
4
3
4
5
6
5
6
5
6
7
8
9
10
11
10
9
8
7
6
5
4
5
4
5
4
5
6
5
4
5
4
5
4
2
1
2
3
4
5
6
7
5
6
7
8
9
10
7
8
9
10
11
12
13
9
10
11
12
13
14
15
7
6
7
8
9
8
7
6
7
6
5
4
3
4
5
4
5
6
7
8
7
8
7
8
9
10
11
10
9
10
9
10
9
8
7
6
7
6
5
6
7
6
7
6
7
8
7
8
9
10
9
10
9
8
7
8
9
10
11
10
9
8
9
8
7
8
7
8
6
7
6
7
6
6
7
8
9
10
11
12
13
14
9
10
11
12
13
14
7
8
9
10
11
6
7
8
9
10
11
12
13
13
8
9
8
7
8
7
8
9
8
7
8
7
8
7
6
7
8
9
8
7
6
7
6
5
6
7
6
5
4
3
4
5
6
7
8
9
10
9
7
8
9
10
11
12
13
14
9
10
11
12
13
14
15
6
7
6
5
4
5
6
7
8
9
8
7
8
9
9
10
9
8
9
10
11
12
13
14
7
8
9
10
11
12
13
13
8
9
10
11
12
11
12
11
12
11
12
11
10
11
10
11
11
12
13
14
7
8
9
10
11
12
13
7
8
9
10
11
12
13
14
14
