5
4
5
6
7
6
7
8
9
10
9
10
9
10
11
10
9
10
9
8
9
7
8
9
8
7
6
7
8
7
8
9
10
8
9
10
8
9
10
11
12
13
14
15
5
4
5
4
5
6
7
6
7
6
7
8
7
6
5
4
5
6
7
8
9
10
9
10
11
10
10
7
8
8
9
10
11
12
13
4
5
6
7
8
9
10
11
12
13
14
6
7
8
9
10
11
12
13
14
14
7
8
9
10
11
10
9
8
7
8
9
8
9
8
7
8
7
8
7
8
7
6
5
6
5
4
5
6
5
6
7
8
6
7
7
8
9
10
8
9
10
11
12
13
6
7
8
9
10
11
12
13
14
11
12
13
14
14
8
7
8
9
8
9
10
11
12
11
12
11
10
11
10
9
8
7
8
9
10
11
10
9
10
9
10
11
10
9
8
9
10
6
7
8
9
10
11
12
13
14
11
12
13
13
6
7
8
7
8
7
8
7
8
9
8
7
6
7
8
7
6
7
8
7
8
7
6
7
6
7
6
7
6
5
6
7
8
7
8
9
10
11
5
6
7
8
9
10
11
12
13
14
14
9
8
9
8
7
6
7
6
7
6
7
6
5
6
7
8
7
8
7
6
5
4
3
4
5
6
5
6
5
4
5
4
3
4
5
6
4
5
6
7
8
9
10
11
12
6
7
8
9
10
11
12
13
14
14
8
9
10
9
8
7
8
7
8
7
8
7
8
7
8
7
6
7
6
7
8
9
8
9
10
11
12
11
10
11
12
11
10
9
8
9
10
9
8
9
10
9
10
11
12
13
12
11
12
11
10
9
10
11
12
11
10
9
10
9
10
11
10
9
10
9
9
10
10
9
7
8
9
8
7
8
9
10
11
12
13
11
12
13
14
14
9
8
7
6
7
8
7
8
7
6
7
8
9
10
9
8
7
8
9
8
7
8
7
6
5
6
7
6
7
6
7
6
7
6
5
6
7
6
5
6
5
6
7
8
7
8
9
10
9
8
9
8
7
8
7
8
9
8
7
8
7
8
7
6
5
4
3
2
1
2
3
4
5
4
5
4
5
6
6
7
8
6
7
8
9
10
11
12
13
14
5
6
7
8
9
10
11
12
13
13
6
7
6
7
8
9
10
9
8
7
8
9
8
9
8
9
10
9
8
9
8
7
8
7
6
7
8
9
8
9
8
7
8
9
8
9
8
7
6
5
6
7
8
7
6
5
6
5
6
5
6
5
6
5
6
5
6
7
6
7
8
7
6
7
6
7
8
9
10
9
10
9
10
10
9
10
11
12
11
9
9
10
11
12
13
14
6
7
8
9
10
11
12
13
14
14
10
9
10
11
12
11
10
9
8
7
6
5
4
5
4
3
4
5
4
3
2
3
4
3
4
5
6
7
8
7
8
9
8
8
9
8
9
10
11
12
13
6
7
8
9
10
11
12
13
14
7
8
9
10
11
12
13
14
14
8
9
8
7
8
9
8
7
6
7
8
9
8
9
10
11
12
13
14
14
7
6
7
6
7
6
7
6
5
6
7
6
7
8
9
8
8
9
10
11
12
13
13
