7
6
5
6
5
6
7
8
7
8
7
6
7
8
7
6
7
6
5
4
5
6
5
6
5
6
7
8
9
10
11
10
11
10
9
10
8
9
10
11
12
13
14
7
8
9
10
11
12
13
13
7
8
7
6
7
8
9
8
7
6
7
8
7
6
7
6
7
6
7
8
9
8
9
10
10
11
12
10
11
12
11
6
7
8
9
4
5
6
7
6
7
8
9
10
11
12
13
14
8
9
10
11
12
13
3
4
5
6
7
8
9
10
11
12
13
14
14
9
8
9
10
11
10
9
10
9
8
7
8
9
8
7
6
7
6
7
6
7
8
7
6
5
6
7
8
9
10
11
10
9
8
9
8
8
9
10
7
8
9
10
11
12
13
14
6
7
8
9
10
11
12
13
13
9
10
11
12
11
12
13
12
11
10
9
8
9
8
9
10
11
10
9
8
9
10
11
10
11
12
9
9
10
9
10
10
11
8
9
10
11
12
13
14
8
9
10
11
12
13
13
6
7
6
7
8
7
8
7
8
7
8
9
10
9
10
9
8
7
6
7
8
7
8
9
8
7
8
9
7
8
8
9
8
7
8
9
10
11
12
13
14
14
9
10
9
10
9
8
9
8
7
8
9
8
7
6
7
8
7
8
7
6
7
5
6
7
8
9
10
8
5
6
7
8
9
10
11
12
13
7
8
9
10
11
12
13
14
15
9
8
7
8
7
8
7
8
7
6
5
4
3
2
3
2
3
4
3
2
3
4
5
6
7
6
7
6
5
4
5
4
3
4
3
4
5
6
7
6
7
6
7
6
7
6
5
4
5
6
5
6
7
6
7
8
7
6
7
8
9
8
7
8
9
10
11
10
11
10
10
11
9
7
8
9
10
11
12
13
14
7
8
9
10
11
12
13
14
14
7
6
7
6
5
6
7
8
9
8
9
10
11
12
13
12
11
12
11
10
9
8
9
10
9
10
9
10
9
8
9
8
9
8
7
6
5
6
7
6
5
4
5
6
7
8
7
8
7
6
7
6
7
6
5
6
7
8
7
6
5
6
5
6
7
6
7
6
5
6
7
8
7
6
5
6
7
8
8
9
10
11
12
10
11
12
8
9
10
11
12
13
14
9
10
11
12
13
14
6
7
8
9
10
11
12
13
13
7
8
7
8
7
8
7
8
9
8
7
8
9
8
7
6
5
4
3
4
5
6
7
8
7
6
5
6
5
6
7
8
7
6
7
6
7
8
9
8
7
8
7
8
9
10
11
10
9
10
9
8
9
8
7
6
7
6
5
6
5
6
7
8
9
10
9
10
9
8
7
7
8
9
6
7
8
7
8
9
10
11
12
13
14
14
6
5
6
5
4
5
4
5
4
5
6
7
8
7
6
7
6
7
6
5
6
5
6
7
8
7
8
9
8
9
8
7
8
9
10
11
12
7
8
9
10
11
12
13
14
14
7
6
5
6
7
8
7
8
9
10
9
8
7
6
5
6
7
8
9
10
11
12
13
14
5
6
7
8
9
10
11
12
13
13
11
10
11
12
11
10
9
10
9
8
9
10
11
10
11
9
10
11
12
13
14
9
10
11
12
13
14
14
