8
9
8
7
6
7
8
9
10
9
10
9
8
9
10
9
8
7
8
9
10
10
9
8
7
8
9
10
9
9
7
8
9
9
10
11
12
13
14
10
11
12
13
14
15
7
8
9
8
9
8
7
6
7
6
5
6
7
6
7
6
7
6
5
6
7
8
9
10
9
8
6
7
5
6
7
8
7
8
9
10
11
12
13
14
15
11
10
9
10
9
10
9
8
9
8
7
6
7
6
7
8
9
10
9
8
9
10
11
9
10
11
9
8
6
7
8
9
9
10
11
12
13
5
6
7
8
9
10
11
12
13
14
7
8
9
10
11
12
13
13
6
5
6
5
4
5
6
7
6
7
8
7
6
7
8
9
8
9
10
9
8
7
6
5
4
3
4
5
6
7
6
6
6
7
8
9
10
11
12
13
14
10
11
12
13
14
14
8
9
8
7
6
5
4
5
6
5
6
5
6
5
4
5
4
5
4
5
6
7
6
7
8
9
10
9
8
8
9
10
11
9
10
6
7
8
9
7
8
9
10
11
12
13
14
15
6
7
6
5
6
7
8
9
8
9
8
7
6
7
8
7
8
9
8
9
8
9
8
9
8
6
7
4
5
6
7
8
9
10
7
8
9
10
11
12
13
10
11
12
13
14
14
6
7
8
9
10
9
8
9
8
9
8
9
8
7
8
9
8
7
8
7
6
7
8
7
8
9
8
9
8
7
8
7
8
7
6
5
6
7
8
9
10
11
12
11
10
11
10
9
10
9
8
7
8
9
8
9
10
9
8
7
8
9
8
7
6
7
8
7
6
7
6
5
4
5
6
7
8
5
6
7
8
5
6
7
8
7
8
9
10
11
12
13
14
15
4
3
4
5
6
5
6
5
6
7
6
5
6
7
8
7
8
7
6
7
6
7
6
7
6
5
6
5
4
5
6
5
6
7
8
9
10
9
10
9
10
9
8
7
8
9
8
7
8
7
8
7
8
7
6
7
6
5
4
5
6
5
6
7
6
6
5
4
3
4
5
5
6
7
8
9
10
11
12
13
14
10
11
12
13
14
7
8
9
10
11
12
13
14
14
10
9
10
11
10
9
8
7
8
7
6
7
8
7
6
7
8
9
10
9
10
11
10
9
8
7
8
9
8
7
6
7
8
7
8
7
8
9
8
7
8
9
8
9
8
9
10
11
10
9
10
9
8
9
8
7
8
9
10
9
8
9
8
9
8
7
6
7
8
9
9
8
9
8
9
8
7
8
9
10
11
12
11
6
7
8
9
10
11
12
13
14
15
5
6
5
4
3
4
3
2
3
4
3
4
3
2
1
2
3
4
5
4
3
4
3
4
5
6
5
6
7
8
7
8
5
6
5
6
7
6
7
8
9
10
11
12
5
6
7
8
9
10
11
12
13
14
14
5
4
5
6
7
6
7
8
7
8
7
6
7
6
7
5
6
7
8
9
10
11
12
13
10
11
12
13
9
10
11
12
13
12
13
13
5
4
5
4
5
6
5
4
5
6
7
8
9
8
9
10
11
11
12
13
14
15
7
6
5
4
3
4
3
4
5
6
5
6
5
6
7
8
6
7
8
9
10
11
12
13
14
15
9
8
7
6
7
8
7
6
7
8
9
8
7
8
9
10
11
12
13
14
15
3
2
3
4
3
4
3
4
5
1
0
1
2
1
2
1
2
3
2
1
2
1
2
3
2
3
4
5
4
3
4
3
2
1
2
3
2
1
2
1
2
1
2
3
4
5
3
4
3
4
3
2
1
2
3
2
1
2
1
0
1
2
1
2
3
4
2
3
4
5
3
2
3
4
3
4
3
2
3
2
1
2
3
4
5
3
2
3
2
3
2
3
2
3
4
3
2
1
2
1
2
3
4
1
2
3
4
5
