7.41147
386.19
362.723
348.646
337.843
327.831
319.418
312.232
305.78
299.209
293.781
288.604
285.679
281.046
277.508
272.335
268.853
266.326
263.402
260.691
259.07
255.326
253.623
252.041
250.341
248.506
247.271
245.825
243.723
240.434
237.033
235.617
234.557
232.738
231.762
230.835
228.842
228
227.827
225.728
222.25
222.216
221.179
218.806
216.863
216.142
215.225
214.645
213.752
212.602
211.106
210.475
208.509
208.149
207.264
206.616
205.937
205.535
204.808
203.873
203.419
202.747
200.741
199.904
198.005
197.013
195.432
193.378
192.641
191.338
189.949
189.561
188.865
188.63
187.27
185.375
184.276
183.947
183.462
182.714
182.288
181.768
180.425
179.79
179.21
177.024
176.226
175.825
174.651
172.67
172.074
171.112
170.398
167.89
167.177
166.255
165.442
164.857
164.698
164.698
164.514
163.445
162.508
161.545
161.145
160.523
159.251
158.574
157.734
157.225
156.209
156.175
155.126
153.743
153.027
151.417
150.763
149.948
149.1
147.442
146.757
145.789
145.506
144.847
143.914
143.413
142.817
141.781
140.99
139.314
138.387
137.801
136.408
135.252
134.703
133.022
132.271
131.409
129.614
129.191
128.984
128.348
127.807
127.39
126.442
125.057
123.945
122.91
122.05
120.886
119.733
119.173
118.191
117.461
116.119
115.945
115.228
114.692
114.021
113.468
112.361
111.457
111.03
110.515
109.767
109.116
108.202
107.281
106.516
106.166
105.615
104.637
104.118
103.971
103.445
102.731
102.331
102.012
101.038
100.59
99.6878
98.6353
97.2219
96.3297
95.4826
94.6574
94.1418
93.611
93.2401
91.9599
91.4118
90.8295
90.5862
90.3913
89.8912
89.2143
88.3762
87.3206
86.544
86.0111
85.5477
84.7886
84.4132
83.739
83.0417
82.0357
81.6649
81.0366
79.8217
79.1508
78.3112
77.8113
77.2701
76.6094
76.072
75.6263
75.3352
75.0137
74.2992
73.8092
73.5064
72.9487
72.5563
71.4736
70.7116
70.2179
69.8342
69.4347
69.1608
68.7119
68.0754
67.1702
65.8891
65.3441
64.8485
64.1745
63.7563
63.3273
62.7618
62.5309
62.287
61.5918
60.8923
60.7973
60.2651
60.0634
59.745
59.001
58.7485
58.537
58.371
58.1914
57.8718
57.2065
56.7327
56.1828
56.076
55.6816
55.1328
54.8457
54.4983
53.9547
53.5988
53.2234
53.0339
52.8372
52.3925
52.1788
51.5907
51.0896
50.8078
50.4363
49.9051
49.5054
49.2311
49.1149
48.9272
48.63
48.253
47.9303
47.7399
47.4606
47.2348
46.9731
46.7977
46.3707
46.0943
45.9611
45.9286
45.6927
45.2115
44.8099
44.6105
44.3488
44.2757
43.7735
43.6938
43.4901
43.2934
43.0257
42.7066
42.2469
41.9532
41.8052
41.461
41.3096
41.0352
40.9031
40.5464
40.3201
39.8455
39.6831
39.3863
39.246
39.0568
38.9185
38.5977
38.4308
38.3017
38.1584
37.8328
37.6676
37.464
37.1946
37.0554
36.7382
36.6097
36.5759
36.3987
36.2875
35.93
35.7621
35.4926
35.2483
35.024
34.6932
34.5142
34.2984
33.9048
33.7428
33.5811
33.5058
33.3094
32.9322
32.8599
32.6314
32.3209
32.0945
31.9484
31.515
31.1584
30.8627
30.6048
30.4131
30.2135
30.0903
30.0088
29.4507
29.2667
29.0073
28.8111
28.6738
28.457
28.2907
28.2317
28.1879
28.1637
28.0517
27.965
27.7766
27.5087
27.3955
27.2781
27.1474
27.0601
26.8186
26.4444
26.2922
25.9559
25.7825
25.4075
25.2544
25.0028
24.768
24.5434
24.4253
24.2306
24.1682
23.9411
23.75
23.6581
23.4902
23.2807
23.1684
23.043
22.7179
22.6741
22.6196
22.47
22.3621
22.2706
22.0977
21.8673
21.6511
21.6272
21.5307
21.4627
21.304
21.1664
21.079
20.8353
20.7713
20.6864
20.5701
20.4059
20.3349
20.1571
20.0316
19.8996
19.7878
19.6179
19.4864
19.4454
19.3299
19.2593
19.0827
18.908
18.6674
18.6051
18.5462
18.4272
18.3756
18.2171
18.1074
17.8524
17.6921
17.5949
17.5193
17.3924
17.2526
17.1827
17.0947
17.039
16.9677
16.9029
16.7749
16.6128
16.5528
16.5414
16.4609
16.3895
16.193
16.075
15.874
15.8427
15.77
15.6945
15.6218
15.4883
15.3949
15.3313
15.1691
14.9033
14.8194
14.766
14.6482
14.5631
14.4821
14.2154
14.179
14.1031
13.9896
13.8835
13.7833
13.6063
13.5623
13.5013
13.4372
13.4114
13.3078
13.1133
13.0538
13.0201
12.9967
12.9474
12.8363
12.7707
12.7045
12.5935
12.5874
12.4851
12.3979
12.246
12.1857
12.1361
12.1103
11.9867
11.9291
11.8472
11.7971
11.7634
11.74
11.6035
11.5349
11.4153
11.3663
11.2909
11.1724
11.0879
11.0158
10.9473
10.7943
10.7296
10.5812
10.5024
10.373
10.3002
10.2663
10.1881
10.1055
9.97844
9.93185
9.89087
9.81747
9.74065
9.60099
9.5559
9.5122
9.42725
9.34041
9.19432
9.10145
9.0625
8.97059
8.90038
8.79346
8.69864
8.64313
8.60756
8.51912
8.47604
8.33303
8.25295
8.17757
8.10202
8.0478
7.97186
7.91024
7.84866
7.74229
7.69257
7.58489
7.47408
7.3981
7.36658
7.27426
7.21602
7.13436
7.02156
6.96824
6.90991
6.86966
6.78222
6.67113
6.63499
6.60609
6.57821
6.49017
6.42775
6.30655
6.23637
6.2044
6.12588
6.08633
6.02429
5.91058
5.83089
5.76127
5.67484
5.62753
5.49269
5.41929
5.36003
5.33811
5.28611
5.19277
5.14342
5.08316
5.05706
5.03069
4.97198
4.87966
4.8362
4.75395
4.70367
4.6264
4.54966
4.49007
4.44488
4.40704
4.36575
4.35466
4.31705
4.28075
4.22713
4.2048
4.17977
4.1483
4.0963
4.05142
3.98527
3.87341
3.80166
3.75845
3.74541
3.69566
3.65485
3.61079
3.55371
3.49301
3.44087
3.35346
3.30591
3.24307
3.17113
3.12312
3.06993
3.05404
3.00462
2.94785
2.85928
2.79794
2.76484
2.74684
2.7132
2.67509
2.65341
2.58969
2.54119
2.50971
2.46082
2.4136
2.36512
2.31469
2.28195
2.26893
2.21865
2.14904
2.07284
2.05285
2.01771
1.99165
1.97491
1.94879
1.92985
1.90406
1.87738
1.84885
1.80257
1.79333
1.75163
1.70291
1.69019
1.65366
1.60885
1.59226
1.54142
1.52975
1.50694
1.48142
1.45951
1.44703
1.39195
1.36961
1.35208
1.33512
1.28859
1.24935
1.22633
1.19104
1.17071
1.15523
1.12384
1.09088
1.07084
1.0515
1.02237
1.00586
0.967684
0.944279
0.93489
0.909829
0.882331
0.852815
0.837899
0.819624
0.794818
0.766438
0.7452
0.731938
0.721137
0.71053
0.703913
0.701037
0.67257
0.654749
0.63446
0.623189
0.589245
0.576985
0.563616
0.55263
0.535664
0.520008
0.496671
0.483841
0.474405
0.455518
0.4495
0.445385
0.43295
0.421188
0.412873
0.411919
0.391314
0.384522
0.373322
0.365212
0.360765
0.350575
0.345829
0.334492
0.328717
0.316398
0.309298
0.304593
0.301142
0.28943
0.283811
0.277243
0.271589
0.264298
0.255345
0.249284
0.241657
0.239649
0.236661
0.229719
0.224361
0.215952
0.214268
0.21015
0.207505
0.204323
0.20119
0.19705
0.193728
0.190578
0.188372
0.186214
0.182969
0.179546
0.172785
0.167362
0.163474
0.160138
0.155058
0.152762
0.149061
0.14441
0.142803
0.140561
0.136382
0.133769
0.130599
0.123821
0.122031
0.119517
0.117869
0.116288
0.114212
0.112577
0.110372
0.108723
0.106358
0.102624
0.100519
0.097109
0.0944736
0.0931192
0.0905044
0.0871682
0.0852699
0.0839425
0.0810548
0.0797166
0.0773999
0.0765025
0.0745167
0.0726038
0.0714212
0.0697872
0.068824
0.0680591
0.0672908
0.0662076
0.065668
0.0634662
0.0621773
0.0610138
0.0592726
0.0577886
0.0566559
0.0563618
0.0555556
0.0545713
0.0534293
0.05194
0.0504443
0.0492966
0.0483833
0.04742
0.0467547
0.0458354
0.0451732
0.0446542
0.0442117
0.043522
0.0428204
0.0420366
0.0413995
0.0405592
0.0401122
0.0397153
0.039215
0.0387413
0.038107
0.0375565
0.0369115
0.0361768
0.035529
0.0352034
0.0346574
0.0343363
0.0338448
0.0335558
0.0329541
0.0325746
0.0322812
0.0320662
0.0315481
0.0309924
0.0305688
0.0303699
0.0300677
0.0297529
0.029556
0.0293284
0.029142
0.0288887
0.0285152
0.0282762
0.0281137
0.0277644
0.0275016
0.0271514
0.0268926
0.0266496
0.0264922
0.0262726
0.0262099
0.0260763
0.0258912
0.0257097
0.0254504
0.0253224
0.0251963
0.0250531
0.0249166
0.0247791
0.024659
0.0244334
0.0242724
0.0240715
0.0239164
0.023754
0.0236209
0.0234881
0.0234322
0.0233138
0.0232581
0.0231329
0.0229844
0.0228908
0.0228192
0.0227814
0.0226701
0.0225105
0.0223993
0.0223294
0.0222927
0.0221874
0.0220958
0.0220197
0.0219593
0.021883
0.02186
0.0217848
0.0216678
0.0216375
0.0215764
0.0215515
0.0214958
0.0214608
0.0214299
0.0213911
0.0213345
0.0212647
0.0212531
0.0212306
0.021192
0.0211591
0.0211052
0.0210827
0.0210478
0.0210077
0.0209739
0.0209132
0.0208848
0.0208553
0.0208215
0.0207918
0.0207563
0.020745
0.0207227
0.020697
0.0206717
0.020644
0.0206325
0.0205828
0.0205646
0.0205415
0.0205129
0.0204987
0.0204868
0.0204652
0.0204535
0.020439
0.0204251
0.0203973
0.0203859
0.0203692
0.0203493
0.0203353
0.0203242
0.0203191
0.0203142
0.0203074
0.0202919
0.0202773
0.0202475
0.0202333
0.020219
0.0202112
0.0201976
0.0201895
0.0201795
0.020172
0.0201622
0.0201599
0.0201558
0.0201468
0.0201395
0.0201329
0.0201247
0.0201139
0.0201058
0.020101
0.0200925
0.0200885
0.0200837
0.0200785
0.020072
0.0200641
0.0200606
0.0200544
0.0200498
0.0200406
0.0200382
0.0200362
0.0200278
0.0200235
0.02002
0.020017
0.0200128
0.0200081
0.0200059
0.0200017
0.0199978
0.0199944
0.0199917
0.0199889
0.0199836
0.0199806
0.0199788
0.0199725
0.01997
0.0199687
0.019967
0.0199646
0.0199634
0.0199621
0.01996
0.019958
0.0199573
0.0199547
0.0199532
0.0199522
0.0199503
0.0199491
0.019947
0.0199458
0.0199443
0.0199425
0.0199408
0.0199399
0.0199394
0.0199383
0.0199372
0.0199361
0.0199345
0.0199334
0.0199326
0.0199313
0.0199298
0.0199288
0.0199281
0.0199269
0.0199267
0.0199255
0.019925
0.0199244
0.0199237
0.0199235
0.0199223
0.0199218
0.0199212
0.0199205
0.0199199
0.0199193
0.0199186
0.019918
0.0199169
0.0199161
0.0199156
0.0199152
0.0199148
0.0199141
0.0199134
0.0199132
0.0199129
0.0199122
0.0199117
0.0199115
0.0199112
0.0199105
0.0199102
0.0199099
0.0199097
0.0199095
0.0199093
0.019909
0.0199086
0.0199082
0.0199081
0.0199079
0.0199077
0.0199075
0.0199072
0.019907
0.0199065
0.0199063
0.0199061
0.0199059
0.0199057
0.0199055
0.0199052
0.0199051
0.0199048
0.0199046
0.0199044
0.0199043
0.0199042
0.019904
0.0199038
0.0199036
0.0199034
0.0199033
0.0199032
0.0199031
0.019903
0.0199029
0.0199027
0.0199026
0.0199024
0.0199022
0.0199021
0.019902
0.0199019
0.0199019
0.0199018
0.0199017
0.0199016
0.0199015
0.0199014
0.0199014
0.0199013
0.0199013
0.0199012
0.0199011
0.019901
0.019901
0.019901
0.0199009
0.0199008
0.0199008
0.0199007
0.0199007
0.0199007
0.0199006
0.0199006
0.0199006
0.0199005
0.0199005
0.0199004
0.0199004
0.0199003
0.0199003
0.0199002
0.0199002
0.0199001
0.0199001
0.0199001
0.0199
0.0199
0.0199
0.0199
0.0198999
0.0198999
0.0198999
0.0198999
0.0198998
0.0198998
0.0198998
0.0198998
0.0198998
0.0198998
0.0198998
0.0198997
0.0198997
0.0198997
0.0198997
0.0198997
0.0198997
0.0198996
0.0198996
0.0198996
0.0198996
0.0198996
0.0198996
0.0198996
0.0198995
0.0198995
0.0198995
0.0198995
0.0198995
0.0198995
0.0198995
0.0198995
0.0198995
0.0198995
0.0198994
0.0198994
0.0198994
0.0198994
0.0198994
0.0198994
0.0198994
0.0198994
0.0198994
0.0198994
0.0198994
0.0198994
0.0198993
0.0198993
0.0198993
0.0198993
0.0198993
0.0198993
0.0198993
0.0198993
0.0198993
0.0198993
0.0198993
0.0198993
0.0198993
0.0198993
0.0198993
0.0198993
0.0198993
0.0198993
0.0198993
0.0198993
0.0198993
0.0198993
0.0198993
0.0198993
0.0198993
0.0198993
0.0198993
0.0198993
0.0198992
0.0198992
0.0198992
0.0198992
0.0198992
0.0198992
0.0198992
0.0198992
0.0198992
0.0198992
0.0198992
0.0198992
0.0198992
0.0198992
0.0198992
0.0198992
0.0198992
0.0198992
0.0198992
0.0198992
0.0198992
0.0198992
0.0198992
0.0198992
0.0198992
0.0198992
0.0198992
0.0198992
0.0198992
0.0198992
0.0198992
0.0198992
0.0198992
0.0198992
0.0198992
0.0198992
0.0198992
0.0198992
0.0198992
0.0198992
0.0198992
0.0198992
0.0198992
0.0198992
0.0198992
0.0198992
0.0198992
0.0198992
0.0198992
0.0198992
0.0198992
0.0198992
0.0198992
0.0198992
0.0198992
0.0198992
0.0198992
0.0198992
0.0198992
0.0198992
0.0198992
0.0198992
0.0198992
0.0198992
0.0198992
0.0198992
0.0198992
0.0198992
0.0198992
0.0198992
0.0198992
0.0198992
0.0198992
0.0198992
0.0198992
0.0198992
0.0198992
0.0198992
0.0198992
0.0198992
0.0198992
0.0198992
0.0198992
0.0198992
0.0198992
0.0198992
0.0198992
0.0198992
0.0198992
0.0198992
0.0198992
0.0198992
0.0198992
0.0198992
0.0198992
0.0198992
0.0198992
0.0198992
0.0198992
0.0198992
0.0198992
0.0198992
0.0198992
0.0198992
0.0198992
0.0198992
0.0198992
0.0198992
0.0198992
0.0198992
0.0198992
0.0198992
0.0198992
0.0198992
0.0198992
0.0198992
0.0198992
0.0198992
0.0198992
0.0198992
0.0198992
0.0198992
0.0198992
0.0198992
0.0198992
0.0198992
0.0198992
0.0198992
0.0198992
0.0198992
0.0198992
0.0198992
0.0198992
0.0198992
0.0198992
0.0198992
0.0198992
0.0198992
0.0198992
0.0198992
0.0198992
0.0198992
0.0198992
0.0198992
0.0198992
0.0198992
0.0198992
0.0198992
0.0198992
0.0198992
0.0198992
0.0198992
0.0198992
0.0198992
0.0198992
0.0198992
0.0198992
0.0198992
0.0198992
0.0198992
0.0198992
0.0198992
0.0198992
0.0198992
0.0198992
0.0198992
0.0198992
0.0198992
0.0198992
0.0198992
0.0198992
0.0198992
0.0198992
0.0198992
0.0198992
0.0198992
0.0198992
0.0198992
0.0198992
0.0198992
0.0198992
0.0198992
0.0198992
0.0198992
0.0198992
0.0198992
0.0198992
0.0198992
0.0198992
0.0198992
0.0198992
0.0198992
0.0198992
0.0198992
0.0198992
0.0198992
0.0198992
0.0198992
0.0198992
0.0198992
0.0198992
0.0198992
0.0198992
0.0198992
0.0198992
0.0198992
0.0198992
0.0198992
0.0198992
0.0198992
0.0198992
0.0198992
0.0198992
0.0198992
0.0198992
0.0198992
0.0198992
0.0198992
0.0198992
0.0198992
0.0198992
0.0198992
0.0198992
0.0198992
0.0198992
0.0198992
0.0198992
0.0198992
0.0198992
0.0198992
0.0198992
0.0198992
0.0198992
0.0198992
0.0198992
0.0198992
0.0198992
0.0198992
0.0198992
0.0198992
0.0198992
0.0198992
0.0198992
0.0198992
0.0198992
0.0198992
0.0198992
0.0198992
0.0198992
0.0198992
0.0198992
0.0198992
0.0198992
0.0198992
0.0198992
0.0198992
0.0198992
0.0198992
0.0198992
0.0198992
0.0198992
0.0198992
0.0198992
0.0198992
0.0198992
0.0198992
0.0198992
0.0198992
0.0198992
0.0198992
0.0198992
0.0198992
0.0198992
0.0198992
0.0198992
0.0198992
0.0198992
0.0198992
0.0198992
0.0198992
0.0198992
0.0198992
0.0198992
0.0198992
0.0198992
0.0198992
0.0198992
0.0198992
0.0198992
0.0198992
0.0198992
0.0198992
0.0198992
0.0198992
0.0198992
0.0198992
0.0198992
0.0198992
0.0198992
0.0198992
0.0198992
0.0198992
0.0198992
0.0198992
0.0198992
0.0198992
0.0198992
0.0198992
0.0198992
0.0198992
0.0198992
0.0198992
0.0198992
0.0198992
0.0198992
0.0198992
0.0198992
0.0198992
0.0198992
0.0198992
0.0198992
0.0198992
0.0198992
0.0198992
0.0198992
0.0198992
0.0198992
0.0198992
0.0198992
0.0198992
0.0198992
0.0198992
0.0198992
0.0198992
0.0198992
0.0198992
0.0198992
0.0198992
0.0198992
0.0198992
0.0198992
0.0198992
0.0198992
0.0198992
0.0198992
0.0198992
0.0198992
0.0198992
0.0198992
0.0198992
0.0198992
0.0198992
0.0198992
0.0198992
0.0198992
0.0198992
0.0198992
0.0198992
0.0198992
0.0198992
0.0198992
0.0198992
0.0198992
0.0198992
0.0198992
0.0198992
0.0198992
0.0198992
0.0198992
0.0198992
0.0198992
0.0198992
0.0198992
0.0198992
0.0198992
0.0198992
0.0198992
0.0198992
0.0198992
0.0198992
0.0198992
0.0198992
0.0198992
0.0198992
0.0198992
0.0198992
0.0198992
0.0198992
0.0198992
0.0198992
0.0198992
0.0198992
0.0198992
0.0198992
0.0198992
0.0198992
0.0198992
0.0198992
0.0198992
0.0198992
0.0198992
0.0198992
0.0198992
0.0198992
0.0198992
0.0198992
0.0198992
0.0198992
0.0198992
0.0198992
0.0198992
0.0198992
0.0198992
0.0198992
0.0198992
0.0198992
0.0198992
0.0198992
0.0198992
0.0198992
0.0198992
0.0198992
0.0198992
0.0198992
0.0198992
0.0198992
0.0198992
0.0198992
0.0198992
0.0198992
0.0198992
0.0198992
0.0198992
0.0198992
0.0198992
0.0198992
0.0198992
0.0198992
0.0198992
0.0198992
0.0198992
0.0198992
0.0198992
0.0198992
0.0198992
0.0198992
0.0198992
0.0198992
0.0198992
0.0198992
0.0198992
0.0198992
0.0198992
0.0198992
0.0198992
0.0198992
0.0198992
0.0198992
0.0198992
0.0198992
0.0198992
0.0198992
0.0198992
0.0198992
0.0198992
0.0198992
0.0198992
0.0198992
0.0198992
0.0198992
0.0198992
0.0198992
0.0198992
0.0198992
0.0198992
0.0198992
0.0198992
0.0198992
0.0198992
0.0198992
0.0198992
0.0198992
0.0198992
0.0198992
0.0198992
0.0198992
0.0198992
0.0198992
0.0198992
0.0198992
0.0198992
0.0198992
0.0198992
0.0198992
0.0198992
0.0198992
0.0198992
0.0198992
0.0198992
0.0198992
0.0198992
0.0198992
0.0198992
0.0198992
0.0198992
0.0198992
0.0198992
0.0198992
0.0198992
0.0198992
0.0198992
0.0198992
0.0198992
0.0198992
0.0198992
0.0198992
0.0198992
0.0198992
0.0198992
0.0198992
0.0198992
0.0198992
0.0198992
0.0198992
0.0198992
0.0198992
0.0198992
0.0198992
0.0198992
0.0198992
0.0198992
0.0198992
0.0198992
0.0198992
0.0198992
0.0198992
0.0198992
0.0198992
0.0198992
0.0198992
0.0198992
0.0198992
0.0198992
0.0198992
0.0198992
0.0198992
0.0198992
0.0198992
0.0198992
0.0198992
0.0198992
0.0198992
0.0198992
0.0198992
0.0198992
0.0198992
0.0198992
0.0198992
0.0198992
0.0198992
0.0198992
0.0198992
0.0198992
0.0198992
0.0198992
0.0198992
0.0198992
0.0198992
0.0198992
0.0198992
0.0198992
0.0198992
0.0198992
0.0198992
0.0198992
0.0198992
0.0198992
0.0198992
0.0198992
0.0198992
0.0198992
0.0198992
0.0198992
0.0198992
0.0198992
0.0198992
0.0198992
0.0198992
0.0198992
0.0198992
0.0198992
0.0198992
0.0198992
0.0198992
0.0198992
0.0198992
0.0198992
0.0198992
0.0198992
0.0198992
0.0198992
0.0198992
0.0198992
0.0198992
0.0198992
0.0198992
0.0198992
0.0198992
0.0198992
0.0198992
0.0198992
0.0198992
0.0198992
0.0198992
0.0198992
0.0198992
0.0198992
0.0198992
0.0198992
0.0198992
0.0198992
0.0198992
0.0198992
0.0198992
0.0198992
0.0198992
0.0198992
0.0198992
0.0198992
0.0198992
0.0198992
0.0198992
0.0198992
0.0198992
0.0198992
0.0198992
0.0198992
0.0198992
0.0198992
0.0198992
0.0198992
0.0198992
0.0198992
0.0198992
0.0198992
0.0198992
0.0198992
0.0198992
0.0198992
0.0198992
0.0198992
0.0198992
0.0198992
0.0198992
0.0198992
0.0198992
0.0198992
0.0198992
0.0198992
0.0198992
0.0198992
0.0198992
0.0198992
0.0198992
0.0198992
0.0198992
0.0198992
0.0198992
0.0198992
0.0198992
0.0198992
0.0198992
0.0198992
0.0198992
0.0198992
0.0198992
0.0198992
0.0198992
0.0198992
0.0198992
0.0198992
0.0198992
0.0198992
0.0198992
0.0198992
0.0198992
0.0198992
0.0198992
0.0198992
0.0198992
0.0198992
0.0198992
0.0198992
0.0198992
0.0198992
0.0198992
0.0198992
0.0198992
0.0198992
0.0198992
0.0198992
0.0198992
0.0198992
0.0198992
0.0198992
0.0198992
0.0198992
0.0198992
0.0198992
0.0198992
0.0198992
0.0198992
0.0198992
0.0198992
0.0198992
0.0198992
0.0198992
0.0198992
0.0198992
0.0198992
0.0198992
0.0198992
0.0198992
0.0198992
0.0198992
0.0198992
0.0198992
0.0198992
0.0198992
0.0198992
0.0198992
0.0198992
0.0198992
0.0198992
0.0198992
0.0198992
0.0198992
0.0198992
0.0198992
0.0198992
0.0198992
0.0198992
0.0198992
0.0198992
0.0198992
0.0198992
0.0198992
0.0198992
0.0198992
0.0198992
0.0198992
0.0198992
0.0198992
0.0198992
0.0198992
0.0198992
0.0198992
0.0198992
0.0198992
0.0198992
0.0198992
0.0198992
0.0198992
0.0198992
0.0198992
0.0198992
0.0198992
0.0198992
0.0198992
0.0198992
0.0198992
0.0198992
0.0198992
0.0198992
0.0198992
0.0198992
0.0198992
0.0198992
0.0198992
0.0198992
0.0198992
0.0198992
0.0198992
0.0198992
0.0198992
0.0198992
0.0198992
0.0198992
0.0198992
0.0198992
0.0198992
0.0198992
0.0198992
0.0198992
0.0198992
0.0198992
0.0198992
0.0198992
0.0198992
0.0198992
0.0198992
0.0198992
0.0198992
0.0198992
0.0198992
0.0198992
0.0198992
0.0198992
0.0198992
0.0198992
0.0198992
0.0198992
0.0198992
0.0198992
0.0198992
0.0198992
0.0198992
0.0198992
0.0198992
0.0198992
0.0198992
0.0198992
0.0198992
0.0198992
0.0198992
0.0198992
0.0198992
0.0198992
0.0198992
0.0198992
0.0198992
0.0198992
0.0198992
0.0198992
0.0198992
0.0198992
0.0198992
0.0198992
0.0198992
0.0198992
0.0198992
0.0198992
0.0198992
0.0198992
0.0198992
0.0198992
0.0198992
0.0198992
0.0198992
0.0198992
0.0198992
0.0198992
0.0198992
0.0198992
0.0198992
0.0198992
0.0198992
0.0198992
0.0198992
0.0198992
0.0198992
0.0198992
0.0198992
0.0198992
0.0198992
0.0198992
0.0198992
0.0198992
0.0198992
0.0198992
0.0198992
0.0198992
0.0198992
0.0198992
0.0198992
0.0198992
0.0198992
0.0198992
0.0198992
0.0198992
0.0198992
0.0198992
0.0198992
0.0198992
0.0198992
0.0198992
0.0198992
0.0198992
0.0198992
0.0198992
0.0198992
0.0198992
0.0198992
0.0198992
0.0198992
0.0198992
0.0198992
0.0198992
0.0198992
0.0198992
0.0198992
0.0198992
0.0198992
0.0198992
0.0198992
0.0198992
0.0198992
0.0198992
0.0198992
0.0198992
0.0198992
0.0198992
0.0198992
0.0198992
0.0198992
0.0198992
0.0198992
0.0198992
0.0198992
0.0198992
0.0198992
0.0198992
0.0198992
0.0198992
0.0198992
0.0198992
0.0198992
0.0198992
0.0198992
0.0198992
0.0198992
0.0198992
0.0198992
0.0198992
0.0198992
0.0198992
0.0198992
0.0198992
0.0198992
0.0198992
0.0198992
0.0198992
0.0198992
0.0198992
0.0198992
0.0198992
0.0198992
0.0198992
0.0198992
0.0198992
0.0198992
0.0198992
0.0198992
0.0198992
0.0198992
0.0198992
0.0198992
0.0198992
0.0198992
0.0198992
0.0198992
0.0198992
0.0198992
0.0198992
0.0198992
0.0198992
0.0198992
0.0198992
0.0198992
0.0198992
0.0198992
0.0198992
0.0198992
0.0198992
0.0198992
0.0198992
0.0198992
0.0198992
0.0198992
0.0198992
0.0198992
0.0198992
0.0198992
0.0198992
0.0198992
0.0198992
0.0198992
0.0198992
0.0198992
0.0198992
0.0198992
0.0198992
0.0198992
0.0198992
0.0198992
0.0198992
0.0198992
0.0198992
0.0198992
0.0198992
0.0198992
0.0198992
0.0198992
0.0198992
0.0198992
0.0198992
0.0198992
0.0198992
0.0198992
0.0198992
0.0198992
0.0198992
0.0198992
0.0198992
0.0198992
0.0198992
0.0198992
0.0198992
0.0198992
0.0198992
0.0198992
0.0198992
0.0198992
0.0198992
0.0198992
0.0198992
0.0198992
0.0198992
0.0198992
0.0198992
0.0198992
0.0198992
0.0198992
0.0198992
0.0198992
0.0198992
0.0198992
0.0198992
0.0198992
0.0198992
0.0198992
0.0198992
0.0198992
0.0198992
0.0198992
0.0198992
0.0198992
0.0198992
0.0198992
0.0198992
0.0198992
0.0198992
0.0198992
0.0198992
0.0198992
0.0198992
0.0198992
0.0198992
0.0198992
0.0198992
0.0198992
0.0198992
0.0198992
0.0198992
0.0198992
0.0198992
0.0198992
0.0198992
0.0198992
0.0198992
0.0198992
0.0198992
0.0198992
0.0198992
0.0198992
0.0198992
0.0198992
0.0198992
0.0198992
0.0198992
0.0198992
0.0198992
0.0198992
0.0198992
0.0198992
0.0198992
0.0198992
0.0198992
0.0198992
0.0198992
0.0198992
0.0198992
0.0198992
0.0198992
0.0198992
0.0198992
0.0198992
0.0198992
0.0198992
0.0198992
0.0198992
0.0198992
0.0198992
0.0198992
0.0198992
0.0198992
0.0198992
0.0198992
0.0198992
0.0198992
0.0198992
0.0198992
0.0198992
0.0198992
0.0198992
0.0198992
0.0198992
0.0198992
0.0198992
0.0198992
0.0198992
0.0198992
0.0198992
0.0198992
0.0198992
0.0198992
0.0198992
0.0198992
0.0198992
0.0198992
0.0198992
0.0198992
0.0198992
0.0198992
0.0198992
0.0198992
0.0198992
0.0198992
0.0198992
0.0198992
0.0198992
0.0198992
0.0198992
0.0198992
0.0198992
0.0198992
0.0198992
0.0198992
0.0198992
0.0198992
0.0198992
0.0198992
0.0198992
0.0198992
0.0198992
0.0198992
0.0198992
0.0198992
0.0198992
0.0198992
0.0198992
0.0198992
0.0198992
0.0198992
0.0198992
0.0198992
0.0198992
0.0198992
0.0198992
0.0198992
0.0198992
0.0198992
0.0198992
0.0198992
0.0198992
0.0198992
0.0198992
0.0198992
0.0198992
0.0198992
0.0198992
0.0198992
0.0198992
0.0198992
0.0198992
0.0198992
0.0198992
0.0198992
0.0198992
0.0198992
0.0198992
0.0198992
0.0198992
0.0198992
0.0198992
0.0198992
0.0198992
0.0198992
0.0198992
0.0198992
0.0198992
0.0198992
0.0198992
0.0198992
0.0198992
0.0198992
0.0198992
0.0198992
0.0198992
0.0198992
0.0198992
0.0198992
0.0198992
0.0198992
0.0198992
0.0198992
0.0198992
0.0198992
0.0198992
0.0198992
0.0198992
0.0198992
0.0198992
0.0198992
0.0198992
0.0198992
0.0198992
0.0198992
0.0198992
0.0198992
0.0198992
0.0198992
0.0198992
0.0198992
0.0198992
0.0198992
0.0198992
0.0198992
0.0198992
0.0198992
0.0198992
0.0198992
0.0198992
0.0198992
0.0198992
0.0198992
0.0198992
0.0198992
0.0198992
0.0198992
0.0198992
0.0198992
0.0198992
0.0198992
0.0198992
0.0198992
0.0198992
0.0198992
0.0198992
0.0198992
0.0198992
0.0198992
0.0198992
0.0198992
0.0198992
0.0198992
0.0198992
0.0198992
0.0198992
0.0198992
0.0198992
0.0198992
0.0198992
0.0198992
0.0198992
0.0198992
0.0198992
0.0198992
0.0198992
0.0198992
0.0198992
0.0198992
0.0198992
0.0198992
0.0198992
0.0198992
0.0198992
0.0198992
0.0198992
0.0198992
0.0198992
0.0198992
0.0198992
0.0198992
0.0198992
0.0198992
0.0198992
0.0198992
0.0198992
0.0198992
0.0198992
0.0198992
0.0198992
0.0198992
0.0198992
0.0198992
0.0198992
0.0198992
0.0198992
0.0198992
0.0198992
0.0198992
0.0198992
0.0198992
0.0198992
0.0198992
0.0198992
0.0198992
0.0198992
0.0198992
0.0198992
0.0198992
0.0198992
0.0198992
0.0198992
0.0198992
0.0198992
0.0198992
0.0198992
0.0198992
0.0198992
0.0198992
0.0198992
0.0198992
0.0198992
0.0198992
0.0198992
0.0198992
0.0198992
0.0198992
0.0198992
0.0198992
0.0198992
0.0198992
0.0198992
0.0198992
0.0198992
0.0198992
0.0198992
0.0198992
0.0198992
0.0198992
0.0198992
0.0198992
0.0198992
0.0198992
0.0198992
0.0198992
0.0198992
0.0198992
0.0198992
0.0198992
0.0198992
0.0198992
0.0198992
0.0198992
0.0198992
0.0198992
0.0198992
0.0198992
0.0198992
0.0198992
0.0198992
0.0198992
0.0198992
0.0198992
0.0198992
0.0198992
0.0198992
0.0198992
0.0198992
0.0198992
0.0198992
0.0198992
0.0198992
0.0198992
0.0198992
0.0198992
0.0198992
0.0198992
0.0198992
0.0198992
0.0198992
0.0198992
0.0198992
0.0198992
0.0198992
0.0198992
0.0198992
0.0198992
0.0198992
0.0198992
0.0198992
0.0198992
0.0198992
0.0198992
0.0198992
0.0198992
0.0198992
0.0198992
0.0198992
0.0198992
0.0198992
0.0198992
0.0198992
0.0198992
0.0198992
0.0198992
0.0198992
0.0198992
0.0198992
0.0198992
0.0198992
0.0198992
0.0198992
0.0198992
0.0198992
0.0198992
0.0198992
0.0198992
0.0198992
0.0198992
0.0198992
0.0198992
0.0198992
0.0198992
0.0198992
0.0198992
0.0198992
0.0198992
0.0198992
0.0198992
0.0198992
0.0198992
0.0198992
0.0198992
0.0198992
0.0198992
0.0198992
0.0198992
0.0198992
0.0198992
0.0198992
0.0198992
0.0198992
0.0198992
0.0198992
0.0198992
0.0198992
0.0198992
0.0198992
0.0198992
0.0198992
0.0198992
0.0198992
0.0198992
0.0198992
0.0198992
0.0198992
0.0198992
0.0198992
0.0198992
0.0198992
0.0198992
0.0198992
0.0198992
0.0198992
0.0198992
0.0198992
0.0198992
0.0198992
0.0198992
0.0198992
0.0198992
0.0198992
0.0198992
0.0198992
0.0198992
0.0198992
0.0198992
0.0198992
0.0198992
0.0198992
0.0198992
0.0198992
0.0198992
0.0198992
0.0198992
0.0198992
0.0198992
0.0198992
0.0198992
0.0198992
0.0198992
0.0198992
0.0198992
0.0198992
0.0198992
0.0198992
0.0198992
0.0198992
0.0198992
0.0198992
0.0198992
0.0198992
0.0198992
0.0198992
0.0198992
0.0198992
0.0198992
0.0198992
0.0198992
0.0198992
0.0198992
0.0198992
0.0198992
0.0198992
0.0198992
0.0198992
0.0198992
0.0198992
0.0198992
0.0198992
0.0198992
0.0198992
0.0198992
0.0198992
0.0198992
0.0198992
0.0198992
0.0198992
0.0198992
0.0198992
0.0198992
0.0198992
0.0198992
0.0198992
0.0198992
0.0198992
0.0198992
0.0198992
0.0198992
0.0198992
0.0198992
0.0198992
0.0198992
0.0198992
0.0198992
0.0198992
0.0198992
0.0198992
0.0198992
0.0198992
0.0198992
0.0198992
0.0198992
0.0198992
0.0198992
0.0198992
0.0198992
0.0198992
0.0198992
0.0198992
0.0198992
0.0198992
0.0198992
0.0198992
0.0198992
0.0198992
0.0198992
0.0198992
0.0198992
0.0198992
0.0198992
0.0198992
0.0198992
0.0198992
0.0198992
0.0198992
0.0198992
0.0198992
0.0198992
0.0198992
0.0198992
0.0198992
0.0198992
0.0198992
0.0198992
0.0198992
0.0198992
0.0198992
0.0198992
0.0198992
0.0198992
0.0198992
0.0198992
0.0198992
0.0198992
0.0198992
0.0198992
0.0198992
0.0198992
0.0198992
0.0198992
0.0198992
0.0198992
0.0198992
0.0198992
0.0198992
0.0198992
0.0198992
0.0198992
0.0198992
0.0198992
0.0198992
0.0198992
0.0198992
0.0198992
0.0198992
0.0198992
0.0198992
0.0198992
0.0198992
0.0198992
0.0198992
0.0198992
0.0198992
0.0198992
0.0198992
0.0198992
0.0198992
0.0198992
0.0198992
0.0198992
0.0198992
0.0198992
0.0198992
0.0198992
0.0198992
0.0198992
0.0198992
0.0198992
0.0198992
0.0198992
0.0198992
0.0198992
0.0198992
0.0198992
0.0198992
0.0198992
0.0198992
0.0198992
0.0198992
0.0198992
0.0198992
0.0198992
0.0198992
0.0198992
0.0198992
0.0198992
0.0198992
0.0198992
0.0198992
0.0198992
0.0198992
0.0198992
0.0198992
0.0198992
0.0198992
0.0198992
0.0198992
0.0198992
0.0198992
0.0198992
0.0198992
0.0198992
0.0198992
0.0198992
0.0198992
0.0198992
0.0198992
0.0198992
0.0198992
0.0198992
0.0198992
0.0198992
0.0198992
0.0198992
0.0198992
0.0198992
0.0198992
0.0198992
0.0198992
0.0198992
0.0198992
0.0198992
0.0198992
0.0198992
0.0198992
0.0198992
0.0198992
0.0198992
0.0198992
0.0198992
0.0198992
0.0198992
0.0198992
0.0198992
0.0198992
0.0198992
0.0198992
0.0198992
0.0198992
0.0198992
0.0198992
0.0198992
0.0198992
0.0198992
0.0198992
0.0198992
0.0198992
0.0198992
0.0198992
0.0198992
0.0198992
0.0198992
0.0198992
0.0198992
0.0198992
0.0198992
0.0198992
0.0198992
0.0198992
0.0198992
0.0198992
0.0198992
0.0198992
0.0198992
0.0198992
0.0198992
0.0198992
0.0198992
0.0198992
0.0198992
0.0198992
0.0198992
0.0198992
0.0198992
0.0198992
0.0198992
0.0198992
0.0198992
0.0198992
0.0198992
0.0198992
0.0198992
0.0198992
0.0198992
0.0198992
0.0198992
0.0198992
0.0198992
0.0198992
0.0198992
0.0198992
0.0198992
0.0198992
0.0198992
0.0198992
0.0198992
0.0198992
0.0198992
0.0198992
0.0198992
0.0198992
0.0198992
0.0198992
0.0198992
0.0198992
0.0198992
0.0198992
0.0198992
0.0198992
0.0198992
0.0198992
0.0198992
0.0198992
0.0198992
0.0198992
0.0198992
0.0198992
0.0198992
0.0198992
0.0198992
0.0198992
0.0198992
0.0198992
0.0198992
0.0198992
0.0198992
0.0198992
0.0198992
0.0198992
0.0198992
0.0198992
0.0198992
0.0198992
0.0198992
0.0198992
0.0198992
0.0198992
0.0198992
0.0198992
0.0198992
0.0198992
0.0198992
0.0198992
0.0198992
0.0198992
0.0198992
0.0198992
0.0198992
0.0198992
0.0198992
0.0198992
0.0198992
0.0198992
0.0198992
0.0198992
0.0198992
0.0198992
0.0198992
0.0198992
0.0198992
0.0198992
0.0198992
0.0198992
0.0198992
0.0198992
0.0198992
0.0198992
0.0198992
0.0198992
0.0198992
0.0198992
0.0198992
0.0198992
0.0198992
0.0198992
0.0198992
0.0198992
0.0198992
0.0198992
0.0198992
0.0198992
0.0198992
0.0198992
0.0198992
0.0198992
0.0198992
0.0198992
0.0198992
0.0198992
0.0198992
0.0198992
0.0198992
0.0198992
0.0198992
0.0198992
0.0198992
0.0198992
0.0198992
0.0198992
0.0198992
0.0198992
0.0198992
0.0198992
0.0198992
0.0198992
0.0198992
0.0198992
0.0198992
0.0198992
0.0198992
0.0198992
0.0198992
0.0198992
0.0198992
0.0198992
0.0198992
0.0198992
0.0198992
0.0198992
0.0198992
0.0198992
0.0198992
0.0198992
0.0198992
0.0198992
0.0198992
0.0198992
0.0198992
0.0198992
0.0198992
0.0198992
0.0198992
0.0198992
0.0198992
0.0198992
0.0198992
0.0198992
0.0198992
0.0198992
0.0198992
0.0198992
0.0198992
0.0198992
0.0198992
0.0198992
0.0198992
0.0198992
0.0198992
0.0198992
0.0198992
0.0198992
0.0198992
0.0198992
0.0198992
0.0198992
0.0198992
0.0198992
0.0198992
0.0198992
0.0198992
0.0198992
0.0198992
0.0198992
0.0198992
0.0198992
0.0198992
0.0198992
0.0198992
0.0198992
0.0198992
0.0198992
0.0198992
0.0198992
0.0198992
0.0198992
0.0198992
0.0198992
0.0198992
0.0198992
0.0198992
0.0198992
0.0198992
0.0198992
0.0198992
0.0198992
0.0198992
0.0198992
0.0198992
0.0198992
0.0198992
0.0198992
0.0198992
0.0198992
0.0198992
0.0198992
0.0198992
0.0198992
0.0198992
0.0198992
0.0198992
0.0198992
0.0198992
0.0198992
0.0198992
0.0198992
0.0198992
0.0198992
0.0198992
0.0198992
0.0198992
0.0198992
0.0198992
0.0198992
0.0198992
0.0198992
0.0198992
0.0198992
0.0198992
0.0198992
0.0198992
0.0198992
0.0198992
0.0198992
0.0198992
0.0198992
0.0198992
0.0198992
0.0198992
0.0198992
0.0198992
0.0198992
0.0198992
0.0198992
0.0198992
0.0198992
0.0198992
0.0198992
0.0198992
0.0198992
0.0198992
0.0198992
0.0198992
0.0198992
0.0198992
0.0198992
0.0198992
0.0198992
0.0198992
0.0198992
0.0198992
0.0198992
0.0198992
0.0198992
0.0198992
0.0198992
0.0198992
0.0198992
0.0198992
0.0198992
0.0198992
0.0198992
0.0198992
0.0198992
0.0198992
0.0198992
0.0198992
0.0198992
0.0198992
0.0198992
0.0198992
0.0198992
0.0198992
0.0198992
0.0198992
0.0198992
0.0198992
0.0198992
0.0198992
0.0198992
0.0198992
0.0198992
0.0198992
0.0198992
0.0198992
0.0198992
0.0198992
0.0198992
0.0198992
0.0198992
0.0198992
0.0198992
0.0198992
0.0198992
0.0198992
0.0198992
0.0198992
0.0198992
0.0198992
0.0198992
0.0198992
0.0198992
0.0198992
0.0198992
0.0198992
0.0198992
0.0198992
0.0198992
0.0198992
0.0198992
0.0198992
0.0198992
0.0198992
0.0198992
0.0198992
0.0198992
0.0198992
0.0198992
0.0198992
0.0198992
0.0198992
0.0198992
0.0198992
0.0198992
0.0198992
0.0198992
0.0198992
0.0198992
0.0198992
0.0198992
0.0198992
0.0198992
0.0198992
0.0198992
0.0198992
0.0198992
0.0198992
0.0198992
0.0198992
0.0198992
0.0198992
0.0198992
0.0198992
0.0198992
0.0198992
0.0198992
0.0198992
0.0198992
0.0198992
0.0198992
0.0198992
0.0198992
0.0198992
0.0198992
0.0198992
0.0198992
0.0198992
0.0198992
0.0198992
0.0198992
0.0198992
0.0198992
0.0198992
0.0198992
0.0198992
0.0198992
0.0198992
0.0198992
0.0198992
0.0198992
0.0198992
0.0198992
0.0198992
0.0198992
0.0198992
0.0198992
0.0198992
0.0198992
0.0198992
0.0198992
0.0198992
0.0198992
0.0198992
0.0198992
0.0198992
0.0198992
0.0198992
0.0198992
0.0198992
0.0198992
0.0198992
0.0198992
0.0198992
0.0198992
0.0198992
0.0198992
0.0198992
0.0198992
0.0198992
0.0198992
0.0198992
0.0198992
0.0198992
0.0198992
0.0198992
0.0198992
0.0198992
0.0198992
0.0198992
0.0198992
0.0198992
0.0198992
0.0198992
0.0198992
0.0198992
0.0198992
0.0198992
0.0198992
0.0198992
0.0198992
0.0198992
0.0198992
0.0198992
0.0198992
0.0198992
0.0198992
0.0198992
0.0198992
0.0198992
0.0198992
0.0198992
0.0198992
0.0198992
0.0198992
0.0198992
0.0198992
0.0198992
0.0198992
0.0198992
0.0198992
0.0198992
0.0198992
0.0198992
0.0198992
0.0198992
0.0198992
0.0198992
0.0198992
0.0198992
0.0198992
0.0198992
0.0198992
0.0198992
0.0198992
0.0198992
0.0198992
0.0198992
0.0198992
0.0198992
0.0198992
0.0198992
0.0198992
0.0198992
0.0198992
0.0198992
0.0198992
0.0198992
0.0198992
0.0198992
0.0198992
0.0198992
0.0198992
0.0198992
0.0198992
0.0198992
0.0198992
0.0198992
0.0198992
0.0198992
0.0198992
0.0198992
0.0198992
0.0198992
0.0198992
0.0198992
0.0198992
0.0198992
0.0198992
0.0198992
0.0198992
0.0198992
0.0198992
0.0198992
0.0198992
0.0198992
0.0198992
0.0198992
0.0198992
0.0198992
0.0198992
0.0198992
0.0198992
0.0198992
0.0198992
0.0198992
0.0198992
0.0198992
0.0198992
0.0198992
0.0198992
0.0198992
0.0198992
0.0198992
0.0198992
0.0198992
0.0198992
0.0198992
0.0198992
0.0198992
0.0198992
0.0198992
0.0198992
0.0198992
0.0198992
0.0198992
0.0198992
0.0198992
0.0198992
0.0198992
0.0198992
0.0198992
0.0198992
0.0198992
0.0198992
0.0198992
0.0198992
0.0198992
0.0198992
0.0198992
0.0198992
0.0198992
0.0198992
0.0198992
0.0198992
0.0198992
0.0198992
0.0198992
0.0198992
0.0198992
0.0198992
0.0198992
0.0198992
0.0198992
0.0198992
0.0198992
0.0198992
0.0198992
0.0198992
0.0198992
0.0198992
0.0198992
0.0198992
0.0198992
0.0198992
0.0198992
0.0198992
0.0198992
0.0198992
0.0198992
0.0198992
0.0198992
0.0198992
0.0198992
0.0198992
0.0198992
0.0198992
0.0198992
0.0198992
0.0198992
0.0198992
0.0198992
0.0198992
0.0198992
0.0198992
0.0198992
0.0198992
0.0198992
0.0198992
0.0198992
0.0198992
0.0198992
0.0198992
0.0198992
0.0198992
0.0198992
0.0198992
0.0198992
0.0198992
0.0198992
0.0198992
0.0198992
0.0198992
0.0198992
0.0198992
0.0198992
0.0198992
0.0198992
0.0198992
0.0198992
0.0198992
0.0198992
0.0198992
0.0198992
0.0198992
0.0198992
0.0198992
0.0198992
0.0198992
0.0198992
0.0198992
0.0198992
0.0198992
0.0198992
0.0198992
0.0198992
0.0198992
0.0198992
0.0198992
0.0198992
0.0198992
0.0198992
0.0198992
0.0198992
0.0198992
0.0198992
0.0198992
0.0198992
0.0198992
0.0198992
0.0198992
0.0198992
0.0198992
0.0198992
0.0198992
0.0198992
0.0198992
0.0198992
0.0198992
0.0198992
0.0198992
0.0198992
0.0198992
0.0198992
0.0198992
0.0198992
0.0198992
0.0198992
0.0198992
0.0198992
0.0198992
0.0198992
0.0198992
0.0198992
0.0198992
0.0198992
0.0198992
0.0198992
0.0198992
0.0198992
0.0198992
0.0198992
0.0198992
0.0198992
0.0198992
0.0198992
0.0198992
0.0198992
0.0198992
0.0198992
0.0198992
0.0198992
0.0198992
0.0198992
0.0198992
0.0198992
0.0198992
0.0198992
0.0198992
0.0198992
0.0198992
0.0198992
0.0198992
0.0198992
0.0198992
0.0198992
0.0198992
0.0198992
0.0198992
0.0198992
0.0198992
0.0198992
0.0198992
0.0198992
0.0198992
0.0198992
0.0198992
0.0198992
0.0198992
0.0198992
0.0198992
0.0198992
0.0198992
0.0198992
0.0198992
0.0198992
0.0198992
0.0198992
0.0198992
0.0198992
0.0198992
0.0198992
0.0198992
0.0198992
0.0198992
0.0198992
0.0198992
0.0198992
0.0198992
0.0198992
0.0198992
0.0198992
0.0198992
0.0198992
0.0198992
0.0198992
0.0198992
0.0198992
0.0198992
0.0198992
0.0198992
0.0198992
0.0198992
0.0198992
0.0198992
0.0198992
0.0198992
0.0198992
0.0198992
0.0198992
0.0198992
0.0198992
0.0198992
0.0198992
0.0198992
0.0198992
0.0198992
0.0198992
0.0198992
0.0198992
0.0198992
0.0198992
0.0198992
0.0198992
0.0198992
0.0198992
0.0198992
0.0198992
0.0198992
0.0198992
0.0198992
0.0198992
0.0198992
0.0198992
0.0198992
0.0198992
0.0198992
0.0198992
0.0198992
0.0198992
0.0198992
0.0198992
0.0198992
0.0198992
0.0198992
0.0198992
0.0198992
0.0198992
0.0198992
0.0198992
0.0198992
0.0198992
0.0198992
0.0198992
0.0198992
0.0198992
0.0198992
0.0198992
0.0198992
0.0198992
0.0198992
0.0198992
0.0198992
0.0198992
0.0198992
0.0198992
0.0198992
0.0198992
0.0198992
0.0198992
0.0198992
0.0198992
0.0198992
0.0198992
0.0198992
0.0198992
0.0198992
0.0198992
0.0198992
0.0198992
0.0198992
0.0198992
0.0198992
0.0198992
0.0198992
0.0198992
0.0198992
0.0198992
0.0198992
0.0198992
0.0198992
0.0198992
0.0198992
0.0198992
0.0198992
0.0198992
0.0198992
0.0198992
0.0198992
0.0198992
0.0198992
0.0198992
0.0198992
0.0198992
0.0198992
0.0198992
0.0198992
0.0198992
0.0198992
0.0198992
0.0198992
0.0198992
0.0198992
0.0198992
0.0198992
0.0198992
0.0198992
0.0198992
0.0198992
0.0198992
0.0198992
0.0198992
0.0198992
0.0198992
0.0198992
0.0198992
0.0198992
0.0198992
0.0198992
0.0198992
0.0198992
0.0198992
0.0198992
0.0198992
0.0198992
0.0198992
0.0198992
0.0198992
0.0198992
0.0198992
0.0198992
0.0198992
0.0198992
0.0198992
0.0198992
0.0198992
0.0198992
0.0198992
0.0198992
0.0198992
0.0198992
0.0198992
0.0198992
0.0198992
0.0198992
0.0198992
0.0198992
0.0198992
0.0198992
0.0198992
0.0198992
0.0198992
0.0198992
0.0198992
0.0198992
0.0198992
0.0198992
0.0198992
0.0198992
0.0198992
0.0198992
0.0198992
0.0198992
0.0198992
0.0198992
0.0198992
0.0198992
0.0198992
0.0198992
0.0198992
0.0198992
0.0198992
0.0198992
0.0198992
0.0198992
0.0198992
0.0198992
0.0198992
0.0198992
0.0198992
0.0198992
0.0198992
0.0198992
0.0198992
0.0198992
0.0198992
0.0198992
0.0198992
0.0198992
0.0198992
0.0198992
0.0198992
0.0198992
0.0198992
0.0198992
0.0198992
0.0198992
0.0198992
0.0198992
0.0198992
0.0198992
0.0198992
0.0198992
0.0198992
0.0198992
0.0198992
0.0198992
0.0198992
0.0198992
0.0198992
0.0198992
0.0198992
0.0198992
0.0198992
0.0198992
0.0198992
0.0198992
0.0198992
0.0198992
0.0198992
0.0198992
0.0198992
0.0198992
0.0198992
0.0198992
0.0198992
0.0198992
0.0198992
0.0198992
0.0198992
0.0198992
0.0198992
0.0198992
0.0198992
0.0198992
0.0198992
0.0198992
0.0198992
0.0198992
0.0198992
0.0198992
0.0198992
0.0198992
0.0198992
0.0198992
0.0198992
0.0198992
0.0198992
0.0198992
0.0198992
0.0198992
0.0198992
0.0198992
0.0198992
0.0198992
0.0198992
0.0198992
0.0198992
0.0198992
0.0198992
0.0198992
0.0198992
0.0198992
0.0198992
0.0198992
0.0198992
0.0198992
0.0198992
0.0198992
0.0198992
0.0198992
0.0198992
0.0198992
0.0198992
0.0198992
0.0198992
0.0198992
0.0198992
0.0198992
0.0198992
0.0198992
0.0198992
0.0198992
0.0198992
0.0198992
0.0198992
0.0198992
0.0198992
0.0198992
0.0198992
0.0198992
0.0198992
0.0198992
0.0198992
0.0198992
0.0198992
0.0198992
0.0198992
0.0198992
0.0198992
0.0198992
0.0198992
0.0198992
0.0198992
0.0198992
0.0198992
0.0198992
0.0198992
0.0198992
0.0198992
0.0198992
0.0198992
0.0198992
0.0198992
0.0198992
0.0198992
0.0198992
0.0198992
0.0198992
0.0198992
0.0198992
0.0198992
0.0198992
0.0198992
0.0198992
0.0198992
0.0198992
0.0198992
0.0198992
0.0198992
0.0198992
0.0198992
0.0198992
0.0198992
0.0198992
0.0198992
0.0198992
0.0198992
0.0198992
0.0198992
0.0198992
0.0198992
0.0198992
0.0198992
0.0198992
0.0198992
0.0198992
0.0198992
0.0198992
0.0198992
0.0198992
0.0198992
0.0198992
0.0198992
0.0198992
0.0198992
0.0198992
0.0198992
0.0198992
0.0198992
0.0198992
0.0198992
0.0198992
0.0198992
0.0198992
0.0198992
0.0198992
0.0198992
0.0198992
0.0198992
0.0198992
0.0198992
0.0198992
0.0198992
0.0198992
0.0198992
0.0198992
0.0198992
0.0198992
0.0198992
0.0198992
0.0198992
0.0198992
0.0198992
0.0198992
0.0198992
0.0198992
0.0198992
0.0198992
0.0198992
0.0198992
0.0198992
0.0198992
0.0198992
0.0198992
0.0198992
0.0198992
0.0198992
0.0198992
0.0198992
0.0198992
0.0198992
0.0198992
0.0198992
0.0198992
0.0198992
0.0198992
0.0198992
0.0198992
0.0198992
0.0198992
0.0198992
0.0198992
0.0198992
0.0198992
0.0198992
0.0198992
0.0198992
0.0198992
0.0198992
0.0198992
0.0198992
0.0198992
0.0198992
0.0198992
0.0198992
0.0198992
0.0198992
0.0198992
0.0198992
0.0198992
0.0198992
0.0198992
0.0198992
0.0198992
0.0198992
0.0198992
0.0198992
0.0198992
0.0198992
0.0198992
0.0198992
0.0198992
0.0198992
0.0198992
0.0198992
0.0198992
0.0198992
0.0198992
0.0198992
0.0198992
0.0198992
0.0198992
0.0198992
0.0198992
0.0198992
0.0198992
0.0198992
0.0198992
0.0198992
0.0198992
0.0198992
0.0198992
0.0198992
0.0198992
0.0198992
0.0198992
0.0198992
0.0198992
0.0198992
0.0198992
0.0198992
0.0198992
0.0198992
0.0198992
0.0198992
0.0198992
0.0198992
0.0198992
0.0198992
0.0198992
0.0198992
0.0198992
0.0198992
0.0198992
0.0198992
0.0198992
0.0198992
0.0198992
0.0198992
0.0198992
0.0198992
0.0198992
0.0198992
0.0198992
0.0198992
0.0198992
0.0198992
0.0198992
0.0198992
0.0198992
0.0198992
0.0198992
0.0198992
0.0198992
0.0198992
0.0198992
0.0198992
0.0198992
0.0198992
0.0198992
0.0198992
0.0198992
0.0198992
0.0198992
0.0198992
0.0198992
0.0198992
0.0198992
0.0198992
0.0198992
0.0198992
0.0198992
0.0198992
0.0198992
0.0198992
0.0198992
0.0198992
0.0198992
0.0198992
0.0198992
0.0198992
0.0198992
0.0198992
0.0198992
0.0198992
0.0198992
0.0198992
0.0198992
0.0198992
0.0198992
0.0198992
0.0198992
0.0198992
0.0198992
0.0198992
0.0198992
0.0198992
0.0198992
0.0198992
0.0198992
0.0198992
0.0198992
0.0198992
0.0198992
0.0198992
0.0198992
0.0198992
0.0198992
0.0198992
0.0198992
0.0198992
0.0198992
0.0198992
0.0198992
0.0198992
0.0198992
0.0198992
0.0198992
0.0198992
0.0198992
0.0198992
0.0198992
0.0198992
0.0198992
0.0198992
0.0198992
0.0198992
0.0198992
0.0198992
0.0198992
0.0198992
0.0198992
0.0198992
0.0198992
0.0198992
0.0198992
0.0198992
0.0198992
0.0198992
0.0198992
0.0198992
0.0198992
0.0198992
0.0198992
0.0198992
0.0198992
0.0198992
0.0198992
0.0198992
0.0198992
0.0198992
0.0198992
0.0198992
0.0198992
0.0198992
0.0198992
0.0198992
0.0198992
0.0198992
0.0198992
0.0198992
0.0198992
0.0198992
0.0198992
0.0198992
0.0198992
0.0198992
0.0198992
0.0198992
0.0198992
0.0198992
0.0198992
0.0198992
0.0198992
0.0198992
0.0198992
0.0198992
0.0198992
0.0198992
0.0198992
0.0198992
0.0198992
0.0198992
0.0198992
0.0198992
0.0198992
0.0198992
0.0198992
0.0198992
0.0198992
0.0198992
0.0198992
0.0198992
0.0198992
0.0198992
0.0198992
0.0198992
0.0198992
0.0198992
0.0198992
0.0198992
0.0198992
0.0198992
0.0198992
0.0198992
0.0198992
0.0198992
0.0198992
0.0198992
0.0198992
0.0198992
0.0198992
0.0198992
0.0198992
0.0198992
0.0198992
0.0198992
0.0198992
0.0198992
0.0198992
0.0198992
0.0198992
0.0198992
0.0198992
0.0198992
0.0198992
0.0198992
0.0198992
0.0198992
0.0198992
0.0198992
0.0198992
0.0198992
0.0198992
0.0198992
0.0198992
0.0198992
0.0198992
0.0198992
0.0198992
0.0198992
0.0198992
0.0198992
0.0198992
0.0198992
0.0198992
0.0198992
0.0198992
0.0198992
0.0198992
0.0198992
0.0198992
0.0198992
0.0198992
0.0198992
0.0198992
0.0198992
0.0198992
0.0198992
0.0198992
0.0198992
0.0198992
0.0198992
0.0198992
0.0198992
0.0198992
0.0198992
0.0198992
0.0198992
0.0198992
0.0198992
0.0198992
0.0198992
0.0198992
0.0198992
0.0198992
0.0198992
0.0198992
0.0198992
0.0198992
0.0198992
0.0198992
0.0198992
0.0198992
0.0198992
0.0198992
0.0198992
0.0198992
0.0198992
0.0198992
0.0198992
0.0198992
0.0198992
0.0198992
0.0198992
0.0198992
0.0198992
0.0198992
0.0198992
0.0198992
0.0198992
0.0198992
0.0198992
0.0198992
0.0198992
0.0198992
0.0198992
0.0198992
0.0198992
0.0198992
0.0198992
0.0198992
0.0198992
0.0198992
0.0198992
0.0198992
0.0198992
0.0198992
0.0198992
0.0198992
0.0198992
0.0198992
0.0198992
0.0198992
0.0198992
0.0198992
0.0198992
0.0198992
0.0198992
0.0198992
0.0198992
0.0198992
0.0198992
0.0198992
0.0198992
0.0198992
0.0198992
0.0198992
0.0198992
0.0198992
0.0198992
0.0198992
0.0198992
0.0198992
0.0198992
0.0198992
0.0198992
0.0198992
0.0198992
0.0198992
0.0198992
0.0198992
0.0198992
0.0198992
0.0198992
0.0198992
0.0198992
0.0198992
0.0198992
0.0198992
0.0198992
0.0198992
0.0198992
0.0198992
0.0198992
0.0198992
0.0198992
0.0198992
0.0198992
0.0198992
0.0198992
0.0198992
0.0198992
0.0198992
0.0198992
0.0198992
0.0198992
0.0198992
0.0198992
0.0198992
0.0198992
0.0198992
0.0198992
0.0198992
0.0198992
0.0198992
0.0198992
0.0198992
0.0198992
0.0198992
0.0198992
0.0198992
0.0198992
0.0198992
0.0198992
0.0198992
0.0198992
0.0198992
0.0198992
0.0198992
0.0198992
0.0198992
0.0198992
0.0198992
0.0198992
0.0198992
0.0198992
0.0198992
0.0198992
0.0198992
0.0198992
0.0198992
0.0198992
0.0198992
0.0198992
0.0198992
0.0198992
0.0198992
0.0198992
0.0198992
0.0198992
0.0198992
0.0198992
0.0198992
0.0198992
0.0198992
0.0198992
0.0198992
0.0198992
0.0198992
0.0198992
0.0198992
0.0198992
0.0198992
0.0198992
0.0198992
0.0198992
0.0198992
0.0198992
0.0198992
0.0198992
0.0198992
0.0198992
0.0198992
0.0198992
0.0198992
0.0198992
0.0198992
0.0198992
0.0198992
0.0198992
0.0198992
0.0198992
0.0198992
0.0198992
0.0198992
0.0198992
0.0198992
0.0198992
0.0198992
0.0198992
0.0198992
0.0198992
0.0198992
0.0198992
0.0198992
0.0198992
0.0198992
0.0198992
0.0198992
0.0198992
0.0198992
0.0198992
0.0198992
0.0198992
0.0198992
0.0198992
0.0198992
0.0198992
0.0198992
0.0198992
0.0198992
0.0198992
0.0198992
0.0198992
0.0198992
0.0198992
0.0198992
0.0198992
0.0198992
0.0198992
0.0198992
0.0198992
0.0198992
0.0198992
0.0198992
0.0198992
0.0198992
0.0198992
0.0198992
0.0198992
0.0198992
0.0198992
0.0198992
0.0198992
0.0198992
0.0198992
0.0198992
0.0198992
0.0198992
0.0198992
0.0198992
0.0198992
0.0198992
0.0198992
0.0198992
0.0198992
0.0198992
0.0198992
0.0198992
0.0198992
0.0198992
0.0198992
0.0198992
0.0198992
0.0198992
0.0198992
0.0198992
0.0198992
0.0198992
0.0198992
0.0198992
0.0198992
0.0198992
0.0198992
0.0198992
0.0198992
0.0198992
0.0198992
0.0198992
0.0198992
0.0198992
0.0198992
0.0198992
0.0198992
0.0198992
0.0198992
0.0198992
0.0198992
0.0198992
0.0198992
0.0198992
0.0198992
0.0198992
0.0198992
0.0198992
0.0198992
0.0198992
0.0198992
0.0198992
0.0198992
0.0198992
0.0198992
0.0198992
0.0198992
0.0198992
0.0198992
0.0198992
0.0198992
0.0198992
0.0198992
0.0198992
0.0198992
0.0198992
0.0198992
0.0198992
0.0198992
0.0198992
0.0198992
0.0198992
0.0198992
0.0198992
0.0198992
0.0198992
0.0198992
0.0198992
0.0198992
0.0198992
0.0198992
0.0198992
0.0198992
0.0198992
0.0198992
0.0198992
0.0198992
0.0198992
0.0198992
0.0198992
0.0198992
0.0198992
0.0198992
0.0198992
0.0198992
0.0198992
0.0198992
0.0198992
0.0198992
0.0198992
0.0198992
0.0198992
0.0198992
0.0198992
0.0198992
0.0198992
0.0198992
0.0198992
0.0198992
0.0198992
0.0198992
0.0198992
0.0198992
0.0198992
0.0198992
0.0198992
0.0198992
0.0198992
0.0198992
0.0198992
0.0198992
0.0198992
0.0198992
0.0198992
0.0198992
0.0198992
0.0198992
0.0198992
0.0198992
0.0198992
0.0198992
0.0198992
0.0198992
0.0198992
0.0198992
0.0198992
0.0198992
0.0198992
0.0198992
0.0198992
0.0198992
0.0198992
0.0198992
0.0198992
0.0198992
0.0198992
0.0198992
0.0198992
0.0198992
0.0198992
0.0198992
0.0198992
0.0198992
0.0198992
0.0198992
0.0198992
0.0198992
0.0198992
0.0198992
0.0198992
0.0198992
0.0198992
0.0198992
0.0198992
0.0198992
0.0198992
0.0198992
0.0198992
0.0198992
0.0198992
0.0198992
0.0198992
0.0198992
0.0198992
0.0198992
0.0198992
0.0198992
0.0198992
0.0198992
0.0198992
0.0198992
0.0198992
0.0198992
0.0198992
0.0198992
0.0198992
0.0198992
0.0198992
0.0198992
0.0198992
0.0198992
0.0198992
0.0198992
0.0198992
0.0198992
0.0198992
0.0198992
0.0198992
0.0198992
0.0198992
0.0198992
0.0198992
0.0198992
0.0198992
0.0198992
0.0198992
0.0198992
0.0198992
0.0198992
0.0198992
0.0198992
0.0198992
0.0198992
0.0198992
0.0198992
0.0198992
0.0198992
0.0198992
0.0198992
0.0198992
0.0198992
0.0198992
0.0198992
0.0198992
0.0198992
0.0198992
0.0198992
0.0198992
0.0198992
0.0198992
0.0198992
0.0198992
0.0198992
0.0198992
0.0198992
0.0198992
0.0198992
0.0198992
0.0198992
0.0198992
0.0198992
0.0198992
0.0198992
0.0198992
0.0198992
0.0198992
0.0198992
0.0198992
0.0198992
0.0198992
0.0198992
0.0198992
0.0198992
0.0198992
0.0198992
0.0198992
0.0198992
0.0198992
0.0198992
0.0198992
0.0198992
0.0198992
0.0198992
0.0198992
0.0198992
0.0198992
0.0198992
0.0198992
0.0198992
0.0198992
0.0198992
0.0198992
0.0198992
0.0198992
0.0198992
0.0198992
0.0198992
0.0198992
0.0198992
0.0198992
0.0198992
0.0198992
0.0198992
0.0198992
0.0198992
0.0198992
0.0198992
