20.4766
20.1748
19.7961
19.7138
19.614
19.2675
18.6913
18.6913
18.6913
18.0709
17.721
17.0003
17.0003
17.0003
16.7141
16.5833
16.2499
15.3977
15.1169
14.6563
14.4637
14.4637
14.4637
14.1306
13.6614
13.1574
12.7441
12.7441
12.7135
11.7523
11.5472
11.2928
11.2928
10.805
10.6183
10.1208
10.1208
10.1208
10.1208
10.1208
9.65981
8.84294
8.66366
8.66366
8.33866
8.17742
7.69503
7.30867
7.30867
7.29052
6.79836
6.79836
6.65703
6.65703
6.27167
6.27167
6.27167
6.16278
5.54695
5.10336
4.80933
4.51072
4.51072
4.51072
4.51072
4.31841
4.11357
3.85224
3.85224
3.78441
3.64301
3.64301
3.58071
3.55004
3.30794
3.30794
3.30794
3.22296
3.22296
3.1975
2.75688
2.75688
2.75688
2.57553
2.57553
2.57553
2.57553
2.57553
2.57553
2.53499
2.52055
2.40966
2.39861
2.2833
2.2121
2.13473
2.12662
1.94103
1.94103
1.77559
1.7
1.60863
1.42839
1.42839
1.42839
1.39075
1.39075
1.38572
1.38572
1.12834
1.11609
1.1069
1.09419
0.938851
0.916915
0.720337
0.686452
0.686452
0.686452
0.686452
0.603251
0.603251
0.603251
0.603251
0.575053
0.487662
0.422303
0.422303
0.422303
0.372833
0.315673
0.30327
0.30327
0.30327
0.30327
0.30327
0.247493
0.247493
0.218345
0.193586
0.175186
0.172322
0.162011
0.146128
0.14304
0.14304
0.14304
0.14304
0.131274
0.119732
0.116406
0.114777
0.114777
0.112521
0.105145
0.105145
0.0725576
0.0725576
0.0691657
0.0691657
0.0691657
0.0691657
0.0691657
0.0671399
0.0667144
0.0598553
0.0598553
0.0540585
0.0540585
0.0540585
0.0492018
0.0492018
0.0451544
0.0451544
0.0428516
0.0417845
0.0391084
0.0383077
0.0337501
0.0337501
0.0337501
0.0334655
0.0334655
0.0325566
0.0302764
0.0279233
0.0219263
0.0219263
0.0219263
0.0187082
0.0187082
0.0187082
0.0187082
0.0177888
0.0166164
0.0143104
0.0143104
0.0143104
0.0113834
0.0113834
0.0107703
0.0104217
0.0104217
0.0104217
0.0100323
0.0100323
0.00976158
0.00911726
0.00722194
0.00720891
0.00720891
0.00720891
0.00720891
0.0069836
0.00638346
0.00638346
0.00638346
0.00634339
0.00572458
0.00523277
0.00523277
0.00523277
0.00523277
0.00511068
0.00425635
0.00422332
0.00365368
0.00365368
0.00365368
0.00365368
0.00365368
0.00360729
0.00346747
0.00299665
0.00299665
0.00299665
0.00299665
0.00289954
0.00267801
0.00259365
0.00259116
0.00259116
0.002427
0.00227685
0.00227685
0.00217689
0.00217689
0.00212026
0.00212026
0.00179545
0.00179545
0.00179545
0.00179545
0.00175668
0.00162916
0.00162916
0.00160369
0.0016022
0.00141097
0.00134632
0.00129296
0.00119382
0.00119382
0.00109844
0.00109686
0.00105509
0.000986553
0.000968426
0.000949329
0.000949329
0.000924984
0.000831752
0.000818446
0.000747487
0.000702165
0.000702165
0.000702165
0.000702165
0.000669695
0.000635465
0.000563649
0.000563649
0.000538305
0.000532569
0.00050333
0.00050333
0.000457956
0.000457956
0.000438447
0.000438447
0.000385556
0.000385556
0.000346868
0.000346868
0.000346868
0.000337861
0.000324445
0.000324445
0.000323307
0.000315527
0.000305783
0.000305783
0.000264284
0.000264284
0.000259301
0.000259301
0.000243137
0.000227398
0.000217868
0.000212524
0.000212524
0.000212524
0.000212524
0.000198989
0.000177325
0.000177325
0.000157035
0.000157035
0.000157035
0.000154005
0.000154005
0.000148673
0.000142976
0.000134972
0.000121463
0.000121463
0.000105681
0.000105681
9.80381e-005
9.80381e-005
9.80381e-005
9.80381e-005
8.07095e-005
8.07095e-005
7.96214e-005
7.96214e-005
7.96214e-005
7.96214e-005
7.687e-005
7.687e-005
7.687e-005
6.88752e-005
6.60169e-005
6.60169e-005
5.55065e-005
5.55065e-005
5.50819e-005
5.50819e-005
5.50819e-005
5.30288e-005
5.30288e-005
5.10145e-005
4.91136e-005
4.5216e-005
4.51805e-005
4.44236e-005
4.44236e-005
4.27993e-005
4.01982e-005
3.95025e-005
3.93098e-005
3.55197e-005
3.26756e-005
3.26756e-005
3.251e-005
2.6681e-005
2.6681e-005
2.6681e-005
2.6681e-005
2.51008e-005
2.41916e-005
2.2977e-005
2.21508e-005
2.07304e-005
2.0496e-005
2.0496e-005
1.6312e-005
1.5494e-005
1.51931e-005
1.51931e-005
1.49625e-005
1.49625e-005
1.49625e-005
1.49625e-005
1.49625e-005
1.37282e-005
1.12634e-005
1.12634e-005
1.12634e-005
1.12634e-005
1.12634e-005
1.12634e-005
1.07448e-005
9.04877e-006
8.86314e-006
8.86314e-006
8.86314e-006
8.86314e-006
8.20516e-006
8.20516e-006
7.20675e-006
7.20675e-006
7.20675e-006
7.20675e-006
7.0437e-006
7.0437e-006
6.1944e-006
5.81335e-006
5.81335e-006
5.81335e-006
5.64483e-006
5.4437e-006
5.26569e-006
4.66831e-006
4.66831e-006
4.66831e-006
4.66831e-006
4.66831e-006
4.21285e-006
4.21285e-006
4.21285e-006
3.3567e-006
3.3567e-006
3.3567e-006
3.3567e-006
2.97822e-006
2.97822e-006
2.7491e-006
2.7491e-006
2.39206e-006
2.28023e-006
2.28023e-006
2.28023e-006
2.28023e-006
2.28023e-006
2.28023e-006
2.28023e-006
2.24237e-006
1.99407e-006
1.86544e-006
1.68756e-006
1.68756e-006
1.68756e-006
1.68756e-006
1.68756e-006
1.55131e-006
1.55131e-006
1.55131e-006
1.55131e-006
1.46106e-006
1.36442e-006
1.22567e-006
1.22567e-006
1.0937e-006
1.0937e-006
1.0937e-006
1.0937e-006
1.08863e-006
1.00706e-006
1.00706e-006
1.00706e-006
9.47718e-007
9.0329e-007
9.0329e-007
9.01234e-007
9.01234e-007
8.96933e-007
7.68717e-007
7.55069e-007
7.19162e-007
7.19162e-007
7.01303e-007
6.13468e-007
6.13468e-007
6.13466e-007
6.13466e-007
5.72973e-007
4.76256e-007
4.76256e-007
4.76256e-007
4.6435e-007
4.6435e-007
4.6435e-007
3.84936e-007
3.73351e-007
3.73351e-007
3.67609e-007
3.5355e-007
3.12591e-007
3.12591e-007
3.12591e-007
3.12155e-007
3.0371e-007
2.9814e-007
2.97794e-007
2.94819e-007
2.81296e-007
2.68634e-007
2.35066e-007
2.35066e-007
2.35066e-007
2.35066e-007
2.35066e-007
2.20833e-007
2.20833e-007
2.04603e-007
1.87863e-007
1.86223e-007
1.86223e-007
1.85765e-007
1.73029e-007
1.57478e-007
1.3399e-007
1.3399e-007
1.33633e-007
1.32915e-007
1.17004e-007
1.17004e-007
1.17004e-007
1.17004e-007
1.01583e-007
1.01583e-007
1.01583e-007
1.0063e-007
1.0063e-007
9.7716e-008
9.7716e-008
9.20404e-008
8.71332e-008
8.71332e-008
8.6698e-008
8.6698e-008
8.15813e-008
8.15813e-008
8.15813e-008
7.23633e-008
6.67579e-008
6.67579e-008
6.67579e-008
6.67579e-008
6.35344e-008
6.11579e-008
6.11579e-008
5.80742e-008
5.72142e-008
5.60789e-008
5.20032e-008
5.20032e-008
4.92672e-008
4.69663e-008
4.65339e-008
4.03987e-008
4.03987e-008
4.03987e-008
3.92558e-008
3.79787e-008
3.74484e-008
3.55295e-008
3.50944e-008
3.39726e-008
3.12823e-008
2.95318e-008
2.95318e-008
2.95318e-008
2.82423e-008
2.75974e-008
2.68761e-008
2.23526e-008
2.23526e-008
2.23526e-008
2.23526e-008
2.23526e-008
2.14211e-008
1.86312e-008
1.86312e-008
1.68133e-008
1.68133e-008
1.68133e-008
1.68133e-008
1.68133e-008
1.68133e-008
1.56733e-008
1.56733e-008
1.43265e-008
1.29858e-008
1.29858e-008
1.25125e-008
1.19836e-008
1.17109e-008
1.14636e-008
1.09708e-008
1.00892e-008
1.00892e-008
1.00452e-008
9.20353e-009
9.19425e-009
9.01643e-009
8.48637e-009
8.48637e-009
8.11344e-009
8.11344e-009
8.11344e-009
7.58275e-009
6.91485e-009
6.90698e-009
6.60346e-009
6.43574e-009
6.43574e-009
5.97091e-009
5.97091e-009
5.97091e-009
5.57727e-009
5.53655e-009
5.46788e-009
5.03788e-009
4.23394e-009
4.21838e-009
4.21838e-009
4.21838e-009
4.21838e-009
4.15472e-009
3.55519e-009
3.41582e-009
3.26991e-009
3.26991e-009
3.26991e-009
2.84735e-009
2.84735e-009
2.82788e-009
2.82788e-009
2.64898e-009
2.53038e-009
2.53038e-009
2.36831e-009
2.21274e-009
1.98384e-009
1.98384e-009
1.98384e-009
1.88489e-009
1.88489e-009
1.85943e-009
1.85943e-009
1.85304e-009
1.74834e-009
1.63488e-009
1.61597e-009
1.49148e-009
1.49148e-009
1.41884e-009
1.37939e-009
1.37939e-009
1.30945e-009
1.216e-009
1.1193e-009
1.1193e-009
1.08876e-009
1.08876e-009
1.0692e-009
1.03714e-009
8.86797e-010
8.86797e-010
8.86797e-010
8.71747e-010
8.08154e-010
7.50163e-010
7.1411e-010
6.38693e-010
6.38693e-010
6.38693e-010
5.53552e-010
5.53552e-010
5.53552e-010
5.53552e-010
5.53552e-010
5.53438e-010
5.51786e-010
4.80828e-010
4.7492e-010
4.42931e-010
4.19775e-010
3.674e-010
3.674e-010
3.674e-010
3.674e-010
3.56476e-010
3.56476e-010
3.56476e-010
3.56476e-010
3.32936e-010
3.32936e-010
3.04347e-010
3.04347e-010
2.96826e-010
2.44903e-010
2.44903e-010
2.44903e-010
2.40334e-010
2.32333e-010
2.32333e-010
2.32333e-010
2.32333e-010
1.96423e-010
1.96423e-010
1.96423e-010
1.96423e-010
1.86354e-010
1.86354e-010
1.81611e-010
1.81611e-010
1.78488e-010
1.49793e-010
1.49793e-010
1.4963e-010
1.4963e-010
1.4963e-010
1.4963e-010
1.38002e-010
1.38002e-010
1.26331e-010
1.15339e-010
1.15339e-010
1.07527e-010
1.07527e-010
1.07527e-010
9.62787e-011
9.61046e-011
9.37882e-011
9.37811e-011
9.37811e-011
7.49624e-011
7.49624e-011
7.49624e-011
7.34276e-011
7.32003e-011
7.26141e-011
6.76616e-011
5.95472e-011
5.95472e-011
5.95472e-011
5.95472e-011
5.95472e-011
4.27286e-011
4.27286e-011
4.27286e-011
4.27286e-011
4.27286e-011
4.27286e-011
4.27002e-011
4.05721e-011
4.05721e-011
3.57369e-011
3.01876e-011
3.01876e-011
3.01876e-011
3.01876e-011
3.01876e-011
3.01414e-011
3.01414e-011
2.7793e-011
2.43575e-011
2.43575e-011
2.2972e-011
2.2972e-011
2.26594e-011
2.26594e-011
2.25101e-011
2.25101e-011
2.25101e-011
2.11708e-011
1.95969e-011
1.95969e-011
1.94513e-011
1.69075e-011
1.69075e-011
1.69075e-011
1.69075e-011
1.5323e-011
1.39694e-011
1.39694e-011
1.39694e-011
1.32482e-011
1.24169e-011
1.19834e-011
1.19834e-011
1.15323e-011
1.15323e-011
9.2976e-012
9.2976e-012
9.2976e-012
9.2976e-012
8.95298e-012
8.74337e-012
8.74337e-012
8.74337e-012
8.74337e-012
8.1927e-012
8.1927e-012
8.1927e-012
7.46795e-012
7.01675e-012
7.01675e-012
6.8107e-012
6.67925e-012
6.34529e-012
6.25292e-012
5.06276e-012
5.06276e-012
5.06276e-012
5.06276e-012
4.48367e-012
4.48367e-012
4.48367e-012
4.05379e-012
4.05379e-012
4.05379e-012
4.05379e-012
3.75892e-012
3.69852e-012
3.69852e-012
3.69852e-012
3.59549e-012
3.10166e-012
3.10166e-012
3.00929e-012
2.70021e-012
2.70021e-012
2.70021e-012
2.65757e-012
2.6256e-012
2.50836e-012
2.22059e-012
2.22059e-012
1.88308e-012
1.88308e-012
1.88308e-012
1.88308e-012
1.88308e-012
1.88308e-012
1.84045e-012
1.574e-012
1.574e-012
1.53847e-012
1.47452e-012
1.47452e-012
1.3857e-012
1.3857e-012
1.35018e-012
1.20451e-012
1.18675e-012
1.18675e-012
1.16188e-012
1.14412e-012
1.14412e-012
1.10504e-012
9.16745e-013
9.16745e-013
9.16745e-013
8.4569e-013
8.4569e-013
8.4569e-013
8.4569e-013
7.39109e-013
7.39109e-013
7.35556e-013
7.00029e-013
6.39633e-013
6.39633e-013
6.2187e-013
6.2187e-013
6.2187e-013
6.07659e-013
5.75684e-013
5.25946e-013
5.25946e-013
5.25946e-013
5.25946e-013
5.25946e-013
4.83314e-013
4.76208e-013
4.6555e-013
4.61997e-013
4.08707e-013
3.55416e-013
3.55416e-013
3.55416e-013
3.51863e-013
3.51863e-013
3.51863e-013
3.44758e-013
3.44758e-013
3.16336e-013
3.05678e-013
3.05678e-013
2.98573e-013
2.80809e-013
2.80809e-013
2.73704e-013
2.73704e-013
2.52387e-013
2.52387e-013
2.41729e-013
2.34624e-013
2.31071e-013
2.13307e-013
2.06202e-013
1.95544e-013
1.95544e-013
1.95544e-013
1.91991e-013
1.74228e-013
1.74228e-013
1.67122e-013
1.56464e-013
1.56464e-013
1.56464e-013
1.56464e-013
1.56464e-013
1.31595e-013
1.31595e-013
1.31595e-013
1.31595e-013
1.17384e-013
9.96206e-014
9.96206e-014
9.60679e-014
9.60679e-014
9.25152e-014
7.11989e-014
7.11989e-014
7.11989e-014
7.11989e-014
7.11989e-014
6.40935e-014
6.40935e-014
6.05408e-014
6.05408e-014
5.69881e-014
5.69881e-014
5.69881e-014
4.98826e-014
4.98826e-014
3.92245e-014
3.92245e-014
3.92245e-014
3.92245e-014
3.92245e-014
3.92245e-014
3.92245e-014
3.92245e-014
3.92245e-014
3.56718e-014
3.21191e-014
3.21191e-014
2.85663e-014
2.50136e-014
2.50136e-014
2.50136e-014
2.50136e-014
2.50136e-014
2.50136e-014
2.50136e-014
2.14609e-014
2.14609e-014
2.14609e-014
2.14609e-014
2.14609e-014
2.14609e-014
2.14609e-014
1.79082e-014
1.79082e-014
1.79082e-014
1.79082e-014
1.79082e-014
1.79082e-014
1.79082e-014
1.43555e-014
1.43555e-014
1.43555e-014
1.43555e-014
1.43555e-014
1.43555e-014
1.43555e-014
1.43555e-014
1.43555e-014
1.43555e-014
1.43555e-014
1.43555e-014
1.08028e-014
1.08028e-014
1.08028e-014
1.08028e-014
1.08028e-014
1.08028e-014
1.08028e-014
1.08028e-014
1.08028e-014
1.08028e-014
1.08028e-014
1.08028e-014
1.08028e-014
1.08028e-014
1.08028e-014
1.08028e-014
1.08028e-014
1.08028e-014
1.08028e-014
1.08028e-014
1.08028e-014
1.08028e-014
1.08028e-014
1.08028e-014
1.08028e-014
1.08028e-014
1.08028e-014
1.08028e-014
1.08028e-014
1.08028e-014
1.08028e-014
1.08028e-014
1.08028e-014
1.08028e-014
1.08028e-014
1.08028e-014
1.08028e-014
1.08028e-014
1.08028e-014
1.08028e-014
1.08028e-014
1.08028e-014
1.08028e-014
1.08028e-014
1.08028e-014
1.08028e-014
1.08028e-014
1.08028e-014
1.08028e-014
1.08028e-014
1.08028e-014
1.08028e-014
1.08028e-014
1.08028e-014
1.08028e-014
1.08028e-014
1.08028e-014
1.08028e-014
1.08028e-014
1.08028e-014
1.08028e-014
1.08028e-014
1.08028e-014
1.08028e-014
1.08028e-014
1.08028e-014
7.25006e-015
7.25006e-015
7.25006e-015
7.25006e-015
7.25006e-015
7.25006e-015
7.25006e-015
7.25006e-015
7.25006e-015
7.25006e-015
7.25006e-015
7.25006e-015
7.25006e-015
7.25006e-015
7.25006e-015
7.25006e-015
7.25006e-015
7.25006e-015
7.25006e-015
7.25006e-015
7.25006e-015
7.25006e-015
7.25006e-015
7.25006e-015
7.25006e-015
7.25006e-015
7.25006e-015
7.25006e-015
7.25006e-015
7.25006e-015
7.25006e-015
7.25006e-015
7.25006e-015
7.25006e-015
7.25006e-015
7.25006e-015
7.25006e-015
7.25006e-015
7.25006e-015
7.25006e-015
7.25006e-015
7.25006e-015
7.25006e-015
7.25006e-015
7.25006e-015
7.25006e-015
7.25006e-015
7.25006e-015
7.25006e-015
7.25006e-015
7.25006e-015
7.25006e-015
7.25006e-015
7.25006e-015
7.25006e-015
7.25006e-015
7.25006e-015
7.25006e-015
7.25006e-015
7.25006e-015
7.25006e-015
7.25006e-015
7.25006e-015
7.25006e-015
7.25006e-015
7.25006e-015
7.25006e-015
7.25006e-015
7.25006e-015
7.25006e-015
7.25006e-015
7.25006e-015
7.25006e-015
7.25006e-015
7.25006e-015
7.25006e-015
7.25006e-015
7.25006e-015
7.25006e-015
7.25006e-015
7.25006e-015
7.25006e-015
7.25006e-015
7.25006e-015
7.25006e-015
7.25006e-015
7.25006e-015
7.25006e-015
7.25006e-015
7.25006e-015
7.25006e-015
7.25006e-015
7.25006e-015
7.25006e-015
7.25006e-015
7.25006e-015
7.25006e-015
7.25006e-015
7.25006e-015
7.25006e-015
7.25006e-015
7.25006e-015
7.25006e-015
7.25006e-015
7.25006e-015
7.25006e-015
7.25006e-015
7.25006e-015
7.25006e-015
7.25006e-015
7.25006e-015
7.25006e-015
7.25006e-015
7.25006e-015
7.25006e-015
7.25006e-015
7.25006e-015
7.25006e-015
7.25006e-015
7.25006e-015
7.25006e-015
7.25006e-015
7.25006e-015
7.25006e-015
7.25006e-015
7.25006e-015
7.25006e-015
7.25006e-015
7.25006e-015
7.25006e-015
7.25006e-015
7.25006e-015
7.25006e-015
7.25006e-015
7.25006e-015
7.25006e-015
7.25006e-015
7.25006e-015
7.25006e-015
7.25006e-015
7.25006e-015
7.25006e-015
7.25006e-015
7.25006e-015
7.25006e-015
7.25006e-015
7.25006e-015
7.25006e-015
7.25006e-015
7.25006e-015
7.25006e-015
7.25006e-015
7.25006e-015
7.25006e-015
7.25006e-015
7.25006e-015
7.25006e-015
7.25006e-015
7.25006e-015
7.25006e-015
7.25006e-015
7.25006e-015
7.25006e-015
7.25006e-015
7.25006e-015
7.25006e-015
7.25006e-015
7.25006e-015
7.25006e-015
7.25006e-015
7.25006e-015
7.25006e-015
7.25006e-015
7.25006e-015
7.25006e-015
7.25006e-015
7.25006e-015
7.25006e-015
7.25006e-015
7.25006e-015
7.25006e-015
7.25006e-015
7.25006e-015
7.25006e-015
7.25006e-015
7.25006e-015
7.25006e-015
7.25006e-015
7.25006e-015
7.25006e-015
7.25006e-015
7.25006e-015
7.25006e-015
7.25006e-015
7.25006e-015
7.25006e-015
7.25006e-015
7.25006e-015
7.25006e-015
7.25006e-015
7.25006e-015
7.25006e-015
7.25006e-015
7.25006e-015
7.25006e-015
7.25006e-015
7.25006e-015
7.25006e-015
7.25006e-015
7.25006e-015
7.25006e-015
7.25006e-015
7.25006e-015
7.25006e-015
7.25006e-015
7.25006e-015
7.25006e-015
7.25006e-015
7.25006e-015
7.25006e-015
7.25006e-015
7.25006e-015
7.25006e-015
7.25006e-015
7.25006e-015
7.25006e-015
7.25006e-015
7.25006e-015
7.25006e-015
7.25006e-015
7.25006e-015
7.25006e-015
7.25006e-015
7.25006e-015
7.25006e-015
7.25006e-015
7.25006e-015
7.25006e-015
7.25006e-015
7.25006e-015
7.25006e-015
7.25006e-015
7.25006e-015
7.25006e-015
7.25006e-015
7.25006e-015
7.25006e-015
7.25006e-015
7.25006e-015
7.25006e-015
7.25006e-015
7.25006e-015
7.25006e-015
7.25006e-015
7.25006e-015
7.25006e-015
7.25006e-015
7.25006e-015
7.25006e-015
7.25006e-015
7.25006e-015
7.25006e-015
7.25006e-015
7.25006e-015
7.25006e-015
7.25006e-015
7.25006e-015
7.25006e-015
7.25006e-015
7.25006e-015
7.25006e-015
7.25006e-015
7.25006e-015
7.25006e-015
7.25006e-015
7.25006e-015
7.25006e-015
7.25006e-015
7.25006e-015
7.25006e-015
7.25006e-015
7.25006e-015
7.25006e-015
7.25006e-015
7.25006e-015
7.25006e-015
7.25006e-015
7.25006e-015
7.25006e-015
7.25006e-015
7.25006e-015
7.25006e-015
7.25006e-015
7.25006e-015
7.25006e-015
7.25006e-015
7.25006e-015
7.25006e-015
7.25006e-015
7.25006e-015
7.25006e-015
7.25006e-015
7.25006e-015
7.25006e-015
7.25006e-015
7.25006e-015
7.25006e-015
7.25006e-015
7.25006e-015
7.25006e-015
7.25006e-015
7.25006e-015
7.25006e-015
7.25006e-015
7.25006e-015
7.25006e-015
7.25006e-015
7.25006e-015
7.25006e-015
7.25006e-015
7.25006e-015
7.25006e-015
7.25006e-015
7.25006e-015
7.25006e-015
7.25006e-015
7.25006e-015
7.25006e-015
7.25006e-015
7.25006e-015
7.25006e-015
7.25006e-015
7.25006e-015
7.25006e-015
7.25006e-015
7.25006e-015
7.25006e-015
7.25006e-015
7.25006e-015
7.25006e-015
7.25006e-015
7.25006e-015
7.25006e-015
7.25006e-015
7.25006e-015
7.25006e-015
7.25006e-015
7.25006e-015
7.25006e-015
7.25006e-015
7.25006e-015
7.25006e-015
7.25006e-015
7.25006e-015
7.25006e-015
7.25006e-015
7.25006e-015
7.25006e-015
7.25006e-015
7.25006e-015
7.25006e-015
7.25006e-015
7.25006e-015
7.25006e-015
7.25006e-015
7.25006e-015
7.25006e-015
7.25006e-015
7.25006e-015
7.25006e-015
7.25006e-015
7.25006e-015
7.25006e-015
7.25006e-015
7.25006e-015
7.25006e-015
7.25006e-015
7.25006e-015
7.25006e-015
7.25006e-015
7.25006e-015
7.25006e-015
7.25006e-015
7.25006e-015
7.25006e-015
7.25006e-015
7.25006e-015
7.25006e-015
7.25006e-015
7.25006e-015
7.25006e-015
7.25006e-015
7.25006e-015
7.25006e-015
7.25006e-015
7.25006e-015
7.25006e-015
7.25006e-015
7.25006e-015
7.25006e-015
7.25006e-015
7.25006e-015
7.25006e-015
7.25006e-015
7.25006e-015
7.25006e-015
7.25006e-015
7.25006e-015
7.25006e-015
7.25006e-015
7.25006e-015
7.25006e-015
7.25006e-015
7.25006e-015
7.25006e-015
7.25006e-015
7.25006e-015
7.25006e-015
7.25006e-015
7.25006e-015
7.25006e-015
7.25006e-015
7.25006e-015
7.25006e-015
7.25006e-015
7.25006e-015
7.25006e-015
7.25006e-015
7.25006e-015
7.25006e-015
7.25006e-015
7.25006e-015
7.25006e-015
7.25006e-015
7.25006e-015
7.25006e-015
7.25006e-015
7.25006e-015
7.25006e-015
7.25006e-015
7.25006e-015
7.25006e-015
7.25006e-015
7.25006e-015
7.25006e-015
7.25006e-015
7.25006e-015
7.25006e-015
7.25006e-015
7.25006e-015
7.25006e-015
7.25006e-015
7.25006e-015
7.25006e-015
7.25006e-015
7.25006e-015
7.25006e-015
7.25006e-015
7.25006e-015
7.25006e-015
7.25006e-015
7.25006e-015
7.25006e-015
7.25006e-015
7.25006e-015
7.25006e-015
7.25006e-015
7.25006e-015
7.25006e-015
7.25006e-015
7.25006e-015
7.25006e-015
7.25006e-015
7.25006e-015
7.25006e-015
7.25006e-015
7.25006e-015
7.25006e-015
7.25006e-015
7.25006e-015
7.25006e-015
7.25006e-015
7.25006e-015
7.25006e-015
7.25006e-015
7.25006e-015
7.25006e-015
7.25006e-015
7.25006e-015
7.25006e-015
7.25006e-015
7.25006e-015
7.25006e-015
7.25006e-015
7.25006e-015
7.25006e-015
7.25006e-015
7.25006e-015
7.25006e-015
7.25006e-015
7.25006e-015
7.25006e-015
7.25006e-015
7.25006e-015
7.25006e-015
7.25006e-015
7.25006e-015
7.25006e-015
7.25006e-015
7.25006e-015
7.25006e-015
7.25006e-015
7.25006e-015
7.25006e-015
7.25006e-015
7.25006e-015
7.25006e-015
7.25006e-015
7.25006e-015
7.25006e-015
7.25006e-015
7.25006e-015
7.25006e-015
7.25006e-015
7.25006e-015
7.25006e-015
7.25006e-015
7.25006e-015
7.25006e-015
7.25006e-015
7.25006e-015
7.25006e-015
7.25006e-015
7.25006e-015
7.25006e-015
7.25006e-015
7.25006e-015
7.25006e-015
7.25006e-015
7.25006e-015
7.25006e-015
7.25006e-015
7.25006e-015
7.25006e-015
7.25006e-015
7.25006e-015
7.25006e-015
7.25006e-015
7.25006e-015
7.25006e-015
7.25006e-015
7.25006e-015
7.25006e-015
7.25006e-015
7.25006e-015
7.25006e-015
7.25006e-015
7.25006e-015
7.25006e-015
7.25006e-015
7.25006e-015
7.25006e-015
7.25006e-015
7.25006e-015
7.25006e-015
7.25006e-015
7.25006e-015
7.25006e-015
7.25006e-015
7.25006e-015
7.25006e-015
7.25006e-015
7.25006e-015
7.25006e-015
7.25006e-015
7.25006e-015
7.25006e-015
7.25006e-015
7.25006e-015
7.25006e-015
7.25006e-015
7.25006e-015
7.25006e-015
7.25006e-015
7.25006e-015
7.25006e-015
7.25006e-015
7.25006e-015
7.25006e-015
7.25006e-015
7.25006e-015
7.25006e-015
7.25006e-015
7.25006e-015
7.25006e-015
7.25006e-015
7.25006e-015
7.25006e-015
7.25006e-015
7.25006e-015
7.25006e-015
7.25006e-015
7.25006e-015
7.25006e-015
7.25006e-015
7.25006e-015
7.25006e-015
7.25006e-015
7.25006e-015
7.25006e-015
7.25006e-015
7.25006e-015
7.25006e-015
7.25006e-015
7.25006e-015
7.25006e-015
7.25006e-015
7.25006e-015
7.25006e-015
7.25006e-015
7.25006e-015
7.25006e-015
7.25006e-015
7.25006e-015
7.25006e-015
7.25006e-015
7.25006e-015
7.25006e-015
7.25006e-015
7.25006e-015
7.25006e-015
7.25006e-015
7.25006e-015
7.25006e-015
7.25006e-015
7.25006e-015
7.25006e-015
7.25006e-015
7.25006e-015
7.25006e-015
7.25006e-015
7.25006e-015
7.25006e-015
7.25006e-015
7.25006e-015
7.25006e-015
7.25006e-015
7.25006e-015
7.25006e-015
7.25006e-015
7.25006e-015
7.25006e-015
7.25006e-015
7.25006e-015
7.25006e-015
7.25006e-015
7.25006e-015
7.25006e-015
7.25006e-015
7.25006e-015
7.25006e-015
7.25006e-015
7.25006e-015
7.25006e-015
7.25006e-015
7.25006e-015
7.25006e-015
7.25006e-015
7.25006e-015
7.25006e-015
7.25006e-015
7.25006e-015
7.25006e-015
7.25006e-015
7.25006e-015
7.25006e-015
7.25006e-015
7.25006e-015
7.25006e-015
7.25006e-015
7.25006e-015
7.25006e-015
7.25006e-015
7.25006e-015
7.25006e-015
7.25006e-015
7.25006e-015
7.25006e-015
7.25006e-015
7.25006e-015
7.25006e-015
7.25006e-015
7.25006e-015
7.25006e-015
7.25006e-015
7.25006e-015
7.25006e-015
7.25006e-015
7.25006e-015
7.25006e-015
7.25006e-015
7.25006e-015
7.25006e-015
7.25006e-015
7.25006e-015
7.25006e-015
7.25006e-015
7.25006e-015
7.25006e-015
7.25006e-015
7.25006e-015
7.25006e-015
7.25006e-015
7.25006e-015
7.25006e-015
7.25006e-015
7.25006e-015
7.25006e-015
7.25006e-015
7.25006e-015
7.25006e-015
7.25006e-015
7.25006e-015
7.25006e-015
7.25006e-015
7.25006e-015
7.25006e-015
7.25006e-015
7.25006e-015
7.25006e-015
7.25006e-015
7.25006e-015
7.25006e-015
7.25006e-015
7.25006e-015
7.25006e-015
7.25006e-015
7.25006e-015
7.25006e-015
7.25006e-015
7.25006e-015
7.25006e-015
7.25006e-015
7.25006e-015
7.25006e-015
7.25006e-015
7.25006e-015
7.25006e-015
7.25006e-015
7.25006e-015
7.25006e-015
7.25006e-015
7.25006e-015
7.25006e-015
7.25006e-015
7.25006e-015
7.25006e-015
7.25006e-015
7.25006e-015
7.25006e-015
7.25006e-015
7.25006e-015
7.25006e-015
7.25006e-015
7.25006e-015
7.25006e-015
7.25006e-015
7.25006e-015
7.25006e-015
7.25006e-015
7.25006e-015
7.25006e-015
7.25006e-015
7.25006e-015
7.25006e-015
7.25006e-015
7.25006e-015
7.25006e-015
7.25006e-015
7.25006e-015
7.25006e-015
7.25006e-015
7.25006e-015
7.25006e-015
7.25006e-015
7.25006e-015
7.25006e-015
7.25006e-015
7.25006e-015
7.25006e-015
7.25006e-015
7.25006e-015
7.25006e-015
7.25006e-015
7.25006e-015
7.25006e-015
7.25006e-015
7.25006e-015
7.25006e-015
7.25006e-015
7.25006e-015
7.25006e-015
7.25006e-015
7.25006e-015
7.25006e-015
7.25006e-015
7.25006e-015
7.25006e-015
7.25006e-015
7.25006e-015
7.25006e-015
7.25006e-015
7.25006e-015
7.25006e-015
7.25006e-015
7.25006e-015
7.25006e-015
7.25006e-015
7.25006e-015
7.25006e-015
7.25006e-015
7.25006e-015
7.25006e-015
7.25006e-015
7.25006e-015
7.25006e-015
7.25006e-015
7.25006e-015
7.25006e-015
7.25006e-015
7.25006e-015
7.25006e-015
7.25006e-015
7.25006e-015
7.25006e-015
7.25006e-015
7.25006e-015
7.25006e-015
7.25006e-015
7.25006e-015
7.25006e-015
7.25006e-015
7.25006e-015
7.25006e-015
7.25006e-015
7.25006e-015
7.25006e-015
7.25006e-015
7.25006e-015
7.25006e-015
7.25006e-015
7.25006e-015
7.25006e-015
7.25006e-015
7.25006e-015
7.25006e-015
7.25006e-015
7.25006e-015
7.25006e-015
7.25006e-015
7.25006e-015
7.25006e-015
7.25006e-015
7.25006e-015
7.25006e-015
7.25006e-015
7.25006e-015
7.25006e-015
7.25006e-015
7.25006e-015
7.25006e-015
7.25006e-015
7.25006e-015
7.25006e-015
7.25006e-015
7.25006e-015
7.25006e-015
7.25006e-015
7.25006e-015
7.25006e-015
7.25006e-015
7.25006e-015
7.25006e-015
7.25006e-015
7.25006e-015
7.25006e-015
7.25006e-015
7.25006e-015
7.25006e-015
7.25006e-015
7.25006e-015
7.25006e-015
7.25006e-015
7.25006e-015
7.25006e-015
7.25006e-015
7.25006e-015
7.25006e-015
7.25006e-015
7.25006e-015
7.25006e-015
7.25006e-015
7.25006e-015
7.25006e-015
7.25006e-015
7.25006e-015
7.25006e-015
7.25006e-015
7.25006e-015
7.25006e-015
7.25006e-015
7.25006e-015
7.25006e-015
7.25006e-015
7.25006e-015
7.25006e-015
7.25006e-015
7.25006e-015
7.25006e-015
7.25006e-015
7.25006e-015
7.25006e-015
7.25006e-015
7.25006e-015
7.25006e-015
7.25006e-015
7.25006e-015
7.25006e-015
7.25006e-015
7.25006e-015
7.25006e-015
7.25006e-015
7.25006e-015
7.25006e-015
7.25006e-015
7.25006e-015
7.25006e-015
7.25006e-015
7.25006e-015
7.25006e-015
7.25006e-015
7.25006e-015
7.25006e-015
7.25006e-015
7.25006e-015
7.25006e-015
7.25006e-015
