64097.4
55816.7
48187
48187
48187
37565.5
33475.1
33475.1
33475.1
33475.1
33475.1
33475.1
29923.6
29923.6
29923.6
27713.3
26332.4
26332.4
26332.4
26332.4
20366
20366
19226.3
19226.3
19226.3
19226.3
19226.3
18611.3
17553.5
17553.5
17553.5
17553.5
15984
13999.5
13999.5
12560.3
12560.3
12560.3
12073.3
12073.3
12073.3
12073.3
12073.3
12073.3
11451.4
11451.4
11451.4
11451.4
11451.4
11451.4
11451.4
11451.4
11451.4
11451.4
11398.5
11398.5
9622.58
9622.58
9622.58
9622.58
9467.44
9467.44
9248.56
9248.56
9248.56
9248.56
9248.56
8572.02
8572.02
8572.02
8572.02
8120.52
8120.52
7789.79
6539.65
6433.55
6433.55
6433.55
6433.55
6433.55
6433.55
6433.55
5491.11
5491.11
5491.11
5491.11
5352.6
5352.6
5352.6
5255.29
5255.29
5255.29
5255.29
5255.29
5098.63
5098.63
5098.63
5098.63
5098.63
5098.63
5098.63
5058.83
4816.97
4816.97
4528.6
4528.6
4345.04
4345.04
4345.04
4174.62
4174.62
4174.62
4044.21
3839.48
3741.38
3741.38
3741.38
3741.38
3741.38
3729.44
3729.44
3486.58
3486.58
3486.58
3194.3
3124.68
3041.28
3041.28
3041.28
3041.28
3041.28
2956.6
2920.43
2693.27
2693.27
2693.27
2581.98
2376.21
2376.21
2376.21
2376.21
2376.21
2376.21
2376.21
2242.58
2205.06
2205.06
2205.06
2093.42
1971.37
1971.37
1733.98
1733.98
1630.38
1420.52
1420.52
1420.52
1418.48
1368.39
1210.3
1062.26
1062.26
948.226
948.226
948.226
925.434
902.049
591.148
591.148
591.148
591.148
591.148
591.148
583.526
583.526
583.526
518.719
518.719
492.359
492.359
492.359
492.359
492.359
477.606
446.113
446.113
399.209
399.209
399.209
399.209
387.344
377.65
369.129
369.129
369.129
369.129
369.129
335.151
335.151
318.524
307.605
285.315
285.315
285.315
285.315
254.607
254.607
254.607
254.607
254.607
254.607
237.059
237.059
232.597
173.624
173.624
173.624
173.624
173.624
173.624
173.624
173.624
173.624
165.502
165.502
151.238
142.831
142.831
116.357
116.357
116.357
105.706
105.706
105.706
98.414
98.414
98.414
98.414
96.6823
96.6823
96.6823
95.9548
88.0579
88.0579
88.0579
85.7221
85.7221
82.188
82.188
82.188
82.188
76.7006
76.7006
75.7055
75.7055
75.7055
75.5138
75.306
75.306
69.8946
66.1022
66.1022
61.351
61.351
61.351
59.1547
59.1547
59.1547
59.1547
58.7756
58.7756
52.1161
47.4498
45.9633
45.9633
45.9633
45.0776
45.0776
43.6648
43.4662
40.8001
40.8001
38.2443
38.2443
38.2443
38.2443
38.2443
38.2443
38.2443
38.2443
38.2443
38.2443
33.608
33.608
33.608
33.608
33.608
32.987
22.8628
22.8628
22.8628
21.8999
21.8999
21.8999
21.8999
21.8999
21.8999
21.8999
21.8999
21.8999
21.8999
21.1738
21.1738
21.1738
21.1738
20.3592
20.3592
20.3592
20.3592
20.3592
20.3592
20.3592
19.6978
19.6978
19.6978
18.0597
18.0597
18.0597
18.0597
18.0597
17.9429
17.9429
16.4193
16.4193
16.4193
16.4193
16.4193
16.4193
16.4193
16.4193
16.4193
15.4978
15.4978
15.4978
15.4978
14.8432
14.8432
14.8432
14.8432
13.4449
13.4449
13.4218
13.4218
13.4218
13.4218
12.5271
12.5271
12.5271
12.0147
12.0147
11.9238
11.9238
11.9238
11.9238
11.9238
11.7339
11.7339
11.222
11.1038
11.1038
11.1038
11.1038
11.1038
11.1038
10.8621
10.8621
10.6607
10.6607
10.6607
10.4817
10.4817
10.4817
10.4817
9.58212
9.12177
9.12177
9.12177
9.12177
9.12177
9.12177
8.91649
7.65829
7.65829
7.11052
7.11052
7.11052
7.11052
7.11052
7.11052
5.59161
4.76391
4.76391
4.76391
4.76391
4.76391
4.76391
4.76391
4.76391
4.5576
4.5576
4.5576
4.5576
4.02981
4.01889
4.01889
4.01889
4.01889
3.70771
3.70771
3.70771
3.70771
3.70771
3.70771
3.4061
3.4061
3.32843
3.32843
2.88533
2.88533
2.88533
2.6088
2.6088
2.6088
2.2734
2.2734
2.2734
2.2734
2.2734
2.2734
2.2734
2.2734
2.2734
2.2734
2.06527
2.06527
2.06527
2.06527
2.06527
2.06527
1.89591
1.75312
1.75312
1.73324
1.73324
1.60845
1.60845
1.55648
1.50808
1.31954
1.31954
1.13142
1.13142
1.13142
1.13142
0.849348
0.849348
0.818194
0.818194
0.818194
0.818194
0.818192
0.76165
0.76165
0.76165
0.76165
0.76165
0.760385
0.752683
0.752683
0.752683
0.752683
0.752683
0.752683
0.752683
0.717986
0.717986
0.717986
0.717986
0.717986
0.717986
0.717986
0.717986
0.717986
0.717986
0.717986
0.694291
0.694291
0.694291
0.694291
0.655377
0.585263
0.585263
0.585263
0.521057
0.521057
0.521057
0.521057
0.514545
0.514545
0.514545
0.500457
0.500457
0.490866
0.449402
0.449402
0.406681
0.406681
0.406681
0.397056
0.397056
0.397056
0.387785
0.341322
0.341322
0.341322
0.341322
0.341322
0.341322
0.311181
0.311181
0.311181
0.311181
0.311181
0.311181
0.311181
0.243862
0.243862
0.243412
0.228894
0.228894
0.228894
0.228894
0.228894
0.194997
0.194997
0.194997
0.194997
0.189115
0.189115
0.185942
0.185942
0.185942
0.173995
0.173995
0.146318
0.146318
0.146318
0.146318
0.146318
0.146318
0.146318
0.146318
0.146318
0.132303
0.120505
0.120505
0.120505
0.120505
0.120505
0.120505
0.120505
0.120505
0.120505
0.120505
0.120505
0.120505
0.120505
0.0861841
0.0861841
0.0861841
0.0861841
0.0861841
0.0861841
0.0834482
0.0834482
0.0834482
0.0834482
0.0805779
0.0805779
0.080338
0.0779219
0.0741324
0.0741324
0.0741324
0.0724873
0.0717774
0.0717774
0.0717774
0.0712321
0.0656405
0.0656405
0.0633287
0.0633287
0.0633287
0.0633287
0.0571577
0.0536695
0.0536695
0.0536695
0.0492972
0.0492972
0.0492972
0.0384115
0.0383207
0.0383207
0.0383207
0.033455
0.033455
0.033455
0.0331538
0.0331538
0.0322898
0.0322898
0.0322898
0.0322898
0.0322898
0.0322898
0.0316257
0.0308172
0.0308172
0.0308172
0.0308172
0.0308172
0.0308172
0.0273321
0.0231169
0.0229961
0.0229961
0.0229961
0.0220077
0.0220077
0.0217713
0.0217713
0.0217713
0.0217713
0.0217713
0.0217713
0.020804
0.0205171
0.0196645
0.0196645
0.0196645
0.0196645
0.0196645
0.0196645
0.0196645
0.0196645
0.0196645
0.0196645
0.0196645
0.0196645
0.0190681
0.0190681
0.0190681
0.0190681
0.018789
0.0185817
0.0177834
0.0177834
0.0177834
0.0145801
0.0145801
0.0145801
0.0145801
0.0130935
0.0130935
0.0130935
0.0130935
0.0120899
0.0120899
0.0120899
0.0120899
0.0120899
0.0120653
0.0120653
0.0111167
0.0111167
0.0111167
0.0103343
0.00969564
0.00969564
0.00969564
0.00969564
0.00969564
0.00941056
0.00941056
0.00941056
0.00941056
0.00941056
0.00797944
0.00764124
0.00700749
0.00700749
0.00700749
0.00693447
0.00693447
0.00650836
0.00650836
0.00650836
0.00647685
0.00562792
0.00562792
0.00548521
0.00548521
0.00548521
0.00548521
0.00548521
0.00548521
0.00548521
0.00548521
0.00548521
0.00544842
0.00544842
0.00544842
0.00503988
0.00503988
0.00476386
0.00476386
0.00476386
0.00393956
0.00393956
0.0036413
0.0036413
0.0036413
0.00324419
0.00320834
0.00320834
0.00319764
0.00319764
0.00319764
0.00319764
0.00319764
0.00319764
0.00319764
0.00319764
0.00319764
0.00319764
0.00319764
0.00319764
0.0031119
0.0031119
0.0031119
0.0031119
0.00290538
0.00290538
0.00290538
0.00290538
0.00290318
0.00264635
0.00264635
0.00241848
0.00173999
0.00173999
0.00173999
0.00173573
0.00173573
0.00173573
0.00173573
0.00173573
0.00173573
0.00173573
0.00173573
0.00173573
0.00173057
0.00173057
0.00171728
0.00171728
0.00171728
0.00168474
0.00168474
0.00147957
0.00147957
0.00142809
0.00142809
0.00142809
0.00142809
0.00142809
0.00142299
0.00142299
0.00142299
0.00142299
0.00127951
0.00127951
0.00127951
0.00115565
0.00115565
0.00115565
0.00112583
0.000902373
0.000902373
0.000902373
0.000902373
0.000902373
0.000899476
0.000899476
0.000765743
0.000765743
0.000765743
0.000765743
0.000764907
0.000680179
0.000680179
0.000680179
0.000680179
0.000680179
0.000680179
0.000600095
0.000570224
0.000570224
0.000570224
0.000570224
0.000570224
0.000570224
0.000570224
0.000570224
0.000570224
0.000525021
0.000525021
0.000525021
0.000496261
0.000496261
0.000421844
0.000384157
0.000384157
0.000384157
0.000384157
0.000324195
0.000318505
0.000318505
0.000318505
0.000318505
0.000318505
0.000276937
0.000268023
0.000268023
0.000268023
0.000268023
0.000259733
0.000259733
0.000259733
0.000259733
0.000259733
0.000227405
0.000227405
0.000225436
0.000225436
0.000225436
0.000223103
0.000218422
0.000218422
0.000218422
0.000209184
0.000209184
0.000209184
0.000209184
0.000209184
0.000209184
0.000207663
0.000199859
0.000199859
0.000160856
0.000158938
0.000158938
0.000158399
0.000158399
0.000153791
0.000153791
0.000153791
0.000153791
0.000153791
0.000152419
0.000152419
0.000152419
0.000152419
0.000152419
0.000152419
0.000152419
0.000152419
0.000143995
0.000141935
0.00014128
0.00014128
0.000130916
0.000130916
0.000125901
0.000106139
9.13479e-05
9.13479e-05
9.13479e-05
9.13479e-05
9.13479e-05
9.13479e-05
9.13479e-05
9.13479e-05
9.13479e-05
9.13479e-05
9.13479e-05
8.28114e-05
8.28114e-05
8.23423e-05
8.23423e-05
8.23423e-05
8.23423e-05
8.22086e-05
8.0099e-05
7.41152e-05
7.05404e-05
7.05404e-05
7.05404e-05
7.05404e-05
7.05404e-05
7.05404e-05
7.05404e-05
6.53772e-05
6.53772e-05
4.58731e-05
3.66611e-05
3.66611e-05
3.66611e-05
3.66611e-05
3.66611e-05
3.41465e-05
3.41465e-05
3.41465e-05
3.41465e-05
3.41465e-05
3.41465e-05
3.41465e-05
3.41465e-05
3.41465e-05
3.09905e-05
3.09905e-05
3.09905e-05
2.91415e-05
2.51972e-05
2.51972e-05
2.51972e-05
2.51972e-05
2.51972e-05
2.51972e-05
2.51972e-05
2.28705e-05
2.28705e-05
2.28705e-05
2.27265e-05
2.15012e-05
2.15012e-05
2.04167e-05
2.04167e-05
2.04167e-05
2.04167e-05
2.04167e-05
2.04167e-05
2.04167e-05
2.03215e-05
2.03215e-05
2.03215e-05
2.03215e-05
2.03215e-05
2.03215e-05
2.03215e-05
2.00632e-05
1.71972e-05
1.71972e-05
1.42519e-05
1.42519e-05
1.42519e-05
1.42519e-05
1.42519e-05
1.42519e-05
1.42519e-05
1.42519e-05
1.38143e-05
1.29006e-05
1.29006e-05
1.29006e-05
1.29006e-05
1.29006e-05
1.29006e-05
1.22546e-05
1.22546e-05
1.22546e-05
1.22546e-05
1.22546e-05
1.22546e-05
1.22546e-05
1.22546e-05
1.21683e-05
1.21683e-05
1.20706e-05
1.20706e-05
1.20706e-05
1.20706e-05
1.20706e-05
1.1673e-05
1.1673e-05
1.1095e-05
1.1095e-05
1.1095e-05
1.1095e-05
1.1002e-05
1.1002e-05
6.82189e-06
6.82189e-06
6.82189e-06
6.82189e-06
6.82189e-06
6.82189e-06
6.82189e-06
6.82189e-06
6.65453e-06
6.65453e-06
6.65453e-06
6.65453e-06
5.61187e-06
5.61187e-06
5.61187e-06
5.61187e-06
5.61187e-06
5.61187e-06
5.61187e-06
4.86667e-06
4.86667e-06
4.86667e-06
4.86667e-06
4.86667e-06
4.86667e-06
4.86667e-06
4.64605e-06
4.64605e-06
4.6012e-06
4.6012e-06
4.6012e-06
4.6012e-06
4.6012e-06
4.6012e-06
4.6012e-06
4.6012e-06
4.03808e-06
4.03808e-06
4.03808e-06
3.9425e-06
3.9425e-06
3.46178e-06
3.46178e-06
3.46178e-06
3.11405e-06
3.11405e-06
3.11405e-06
3.11371e-06
3.11371e-06
3.11371e-06
3.11371e-06
2.8015e-06
2.74952e-06
2.54118e-06
2.54118e-06
2.54118e-06
2.52299e-06
2.52299e-06
2.52299e-06
2.37785e-06
2.37785e-06
2.37785e-06
2.37785e-06
2.37785e-06
2.37785e-06
2.3139e-06
2.17812e-06
2.13664e-06
2.07046e-06
2.04196e-06
1.8929e-06
1.8929e-06
1.8929e-06
1.8929e-06
1.8929e-06
1.8929e-06
1.8929e-06
1.8929e-06
1.8929e-06
1.8929e-06
1.88904e-06
1.80341e-06
1.80341e-06
1.80341e-06
1.80341e-06
1.68131e-06
1.68131e-06
1.68131e-06
1.67721e-06
1.37071e-06
1.37071e-06
1.37071e-06
1.37071e-06
1.21958e-06
1.14213e-06
1.14213e-06
1.13439e-06
1.13439e-06
1.13439e-06
1.13439e-06
1.13439e-06
1.13439e-06
1.12672e-06
1.03682e-06
1.03682e-06
1.03682e-06
9.27297e-07
9.27297e-07
9.27297e-07
9.27297e-07
9.27297e-07
9.27297e-07
9.27297e-07
9.27297e-07
9.27297e-07
9.27297e-07
9.27297e-07
8.85609e-07
8.85609e-07
8.85609e-07
7.69091e-07
7.64105e-07
6.98695e-07
6.98695e-07
6.98695e-07
6.34858e-07
6.34858e-07
6.34858e-07
6.34858e-07
6.34858e-07
6.34858e-07
6.34858e-07
5.97517e-07
5.97517e-07
5.97517e-07
5.81541e-07
4.61988e-07
4.61988e-07
4.61988e-07
4.61988e-07
4.61988e-07
4.16002e-07
4.16002e-07
4.16002e-07
4.16002e-07
4.16002e-07
4.16002e-07
4.16002e-07
4.16002e-07
4.16002e-07
4.16002e-07
4.16002e-07
4.15582e-07
4.11041e-07
3.77209e-07
3.39155e-07
3.39155e-07
2.56815e-07
2.56815e-07
2.56815e-07
2.56815e-07
2.56815e-07
2.56815e-07
2.37087e-07
2.37087e-07
2.37087e-07
2.37087e-07
2.37087e-07
2.37087e-07
2.37087e-07
2.37087e-07
2.30963e-07
2.30963e-07
2.30963e-07
2.30963e-07
2.30963e-07
2.02264e-07
2.02264e-07
1.88872e-07
1.88872e-07
1.88872e-07
1.88872e-07
1.26251e-07
1.26251e-07
1.26251e-07
1.26251e-07
1.26251e-07
1.26251e-07
1.26251e-07
1.26251e-07
1.26251e-07
1.26251e-07
1.26251e-07
1.26251e-07
1.26251e-07
1.26251e-07
1.26251e-07
1.26251e-07
1.26251e-07
1.26251e-07
1.20169e-07
1.20169e-07
1.07173e-07
1.07173e-07
1.07173e-07
1.07173e-07
1.07173e-07
1.07173e-07
1.07173e-07
1.07173e-07
1.07173e-07
1.07173e-07
1.07173e-07
1.07173e-07
1.07173e-07
1.07173e-07
1.07173e-07
1.06443e-07
9.86045e-08
9.73283e-08
9.73283e-08
9.73283e-08
9.22086e-08
9.22086e-08
8.12684e-08
8.07075e-08
7.79996e-08
7.79996e-08
7.79996e-08
7.59431e-08
7.59431e-08
7.59431e-08
7.59431e-08
7.59431e-08
7.50684e-08
7.50684e-08
7.50684e-08
7.50684e-08
6.28901e-08
6.28901e-08
6.28901e-08
6.28901e-08
6.28901e-08
6.28901e-08
6.28901e-08
5.21177e-08
5.21177e-08
4.98388e-08
4.98388e-08
4.98388e-08
4.98388e-08
4.98388e-08
4.98388e-08
4.98388e-08
4.98388e-08
4.37002e-08
4.37002e-08
4.37002e-08
4.37002e-08
4.37002e-08
4.37002e-08
4.37002e-08
4.37002e-08
4.00348e-08
4.00348e-08
4.00348e-08
4.00348e-08
4.00348e-08
3.84992e-08
3.84992e-08
3.84992e-08
3.84992e-08
3.84992e-08
3.42945e-08
3.42945e-08
3.42945e-08
3.42945e-08
3.42945e-08
3.42945e-08
3.42945e-08
3.42945e-08
3.42945e-08
3.42945e-08
3.42945e-08
3.42945e-08
3.34025e-08
3.34025e-08
3.34025e-08
3.34025e-08
2.93626e-08
2.93626e-08
2.93626e-08
2.93626e-08
2.88065e-08
2.88065e-08
2.70209e-08
2.3566e-08
2.3566e-08
2.3566e-08
2.3566e-08
2.34735e-08
2.34735e-08
2.34735e-08
2.29063e-08
2.29063e-08
2.29063e-08
2.19949e-08
2.19949e-08
2.19639e-08
2.19639e-08
2.19639e-08
1.86681e-08
1.86681e-08
1.86681e-08
1.86681e-08
1.86681e-08
1.67204e-08
1.67204e-08
1.67204e-08
1.67204e-08
1.67204e-08
1.67204e-08
1.67204e-08
1.66073e-08
1.41986e-08
1.41986e-08
1.41986e-08
1.38011e-08
1.38011e-08
1.12506e-08
1.12506e-08
1.12506e-08
1.12506e-08
1.12506e-08
1.12446e-08
1.12446e-08
1.10802e-08
1.0786e-08
1.07478e-08
1.07478e-08
1.07478e-08
9.57716e-09
9.57716e-09
9.57716e-09
9.57716e-09
9.35252e-09
9.35252e-09
9.35252e-09
9.00953e-09
7.34105e-09
7.34105e-09
7.34105e-09
7.13213e-09
6.94961e-09
6.94693e-09
6.94693e-09
6.89302e-09
6.12363e-09
6.12363e-09
5.52552e-09
5.52552e-09
5.52552e-09
5.52552e-09
5.52552e-09
5.15946e-09
5.15946e-09
5.15946e-09
5.15946e-09
5.15946e-09
5.15946e-09
5.14469e-09
5.14469e-09
5.14469e-09
5.14469e-09
5.14469e-09
4.92714e-09
4.92714e-09
4.92714e-09
4.92714e-09
4.92714e-09
4.92714e-09
4.92714e-09
4.92714e-09
4.92714e-09
4.92714e-09
4.92714e-09
4.81937e-09
4.81937e-09
4.81937e-09
4.39258e-09
4.39258e-09
4.39258e-09
4.28674e-09
4.17626e-09
4.17626e-09
3.82923e-09
3.82923e-09
3.82923e-09
3.82923e-09
3.82923e-09
3.24059e-09
3.24059e-09
3.2237e-09
3.2237e-09
3.2237e-09
2.96639e-09
2.96639e-09
2.96639e-09
2.96639e-09
2.96639e-09
2.96639e-09
2.96639e-09
2.96639e-09
2.96639e-09
2.817e-09
2.46514e-09
2.14273e-09
2.14273e-09
2.14273e-09
2.14273e-09
2.14273e-09
2.14273e-09
2.14273e-09
2.10296e-09
2.10296e-09
2.10296e-09
2.09934e-09
2.09934e-09
2.09934e-09
2.08231e-09
2.08231e-09
2.08231e-09
2.08231e-09
2.04291e-09
1.96409e-09
1.73053e-09
1.54094e-09
1.54094e-09
1.54094e-09
1.54094e-09
1.54094e-09
1.54094e-09
1.54094e-09
1.46008e-09
1.45932e-09
1.45932e-09
1.44406e-09
1.44406e-09
1.44406e-09
1.44406e-09
1.44406e-09
1.44406e-09
1.34995e-09
1.34995e-09
1.34995e-09
1.28378e-09
1.28378e-09
1.28378e-09
1.28378e-09
1.28378e-09
1.27461e-09
1.27461e-09
1.27461e-09
1.27461e-09
1.27461e-09
1.26326e-09
1.1615e-09
8.10771e-10
7.94286e-10
7.36975e-10
6.93768e-10
6.93768e-10
6.93768e-10
6.93768e-10
6.93768e-10
6.93768e-10
6.93768e-10
6.93768e-10
6.93768e-10
6.93768e-10
5.80311e-10
5.80311e-10
5.38572e-10
5.38572e-10
5.38572e-10
5.38572e-10
5.19283e-10
5.19283e-10
