10462.3
10390.2
10390.2
9745.6
9745.6
9745.6
9745.6
9745.6
9745.6
9296.71
9296.71
9296.71
9296.71
9296.71
9296.71
8483.68
8483.68
8483.68
8483.68
8483.68
8483.68
8483.68
8483.68
8483.68
8483.68
8385.58
8385.58
8385.58
8385.58
8385.58
8102.49
8102.49
8102.49
8102.49
8102.49
8102.49
8102.49
8102.49
8102.49
8102.49
8102.49
8102.49
8102.49
8102.49
8102.49
8102.49
8102.49
8102.49
8102.49
8102.49
8102.49
8102.49
8102.49
8102.49
8102.49
8102.49
8102.49
8081.35
8081.35
8009.73
8009.73
7598.16
7598.16
7598.16
7598.16
7598.16
7598.16
7598.16
7598.16
7598.16
7598.16
7598.16
7509.12
7509.12
7509.12
7398.1
7398.1
7398.1
7398.1
7398.1
6460.9
6460.9
6460.9
6460.9
6460.9
6460.9
6460.9
6374.72
6374.72
6374.72
6374.72
6374.72
6374.72
6374.72
6181.42
6181.42
6181.42
6181.42
6149.36
6101.71
6101.71
6101.71
6101.71
5942.78
5863.49
5863.49
5657.4
5657.4
5657.4
5657.4
5642.11
5642.11
5642.11
5549.64
5549.64
5239.29
5239.29
5239.29
5239.29
5190.35
5109.91
5109.91
5109.91
5109.91
4954.18
4954.18
4954.18
4954.18
4954.18
4954.18
4954.18
4931.99
4931.99
4931.99
4860.86
4694.04
4694.04
4694.04
4694.04
4579.18
4579.18
4579.18
4579.18
4579.18
4579.18
4579.18
4579.18
4579.18
4579.18
4579.18
4579.18
4484.87
4484.87
4484.87
4457.65
4414.41
4414.41
4414.41
4341.96
4233.13
4233.13
4233.13
4233.13
4233.13
4233.13
4233.13
4233.13
4233.13
4233.13
4233.13
3998.21
3998.21
3998.21
3998.21
3998.21
3998.21
3998.21
3998.21
3998.21
3998.21
3998.21
3998.12
3904.17
3904.17
3820.93
3820.93
3820.93
3820.93
3812.03
3812.03
3812.03
3812.03
3812.03
3812.03
3812.03
3742.49
3742.49
3742.49
3505.77
3505.77
3505.77
3505.77
3449.64
3315.24
3315.24
3315.24
3315.24
3315.24
3315.24
3315.24
3315.24
3068.29
3068.29
3068.29
3068.29
3068.29
3068.29
3068.29
3068.29
3068.29
3035.53
3022.87
3022.87
3022.87
3017.16
3017.16
3017.16
2902.61
2854.99
2854.99
2854.99
2854.99
2662.95
2662.95
2662.95
2662.95
2662.95
2662.95
2662.95
2546.63
2546.25
2546.25
2546.25
2538.3
2538.3
2485.01
2485.01
2321.66
2321.66
2321.66
2264.57
2264.57
2239.44
2239.44
2239.44
2239.44
2239.44
2239.44
2239.44
2239.44
2239.44
2239.44
2239.44
1923.39
1923.39
1923.39
1923.39
1923.39
1923.39
1923.39
1923.39
1923.39
1923.39
1923.39
1923.39
1907.13
1894.73
1894.73
1748.68
1722.48
1701.45
1701.45
1701.45
1701.45
1701.45
1613.63
1613.63
1613.63
1613.53
1613.53
1613.53
1613.53
1613.53
1613.53
1613.53
1590.02
1590.02
1590.02
1590.02
1590.02
1590.02
1590.02
1590.02
1590.02
1575.88
1575.88
1391.34
1375.08
1375.08
1375.08
1375.08
1375.08
1375.08
1375.08
1347.29
1347.29
1218.94
1218.94
1218.94
1218.94
1217.15
1125.82
1125.82
1125.82
1125.82
1125.82
1080.05
1080.05
1056
1055.29
1055.29
972.625
972.625
972.625
972.625
972.625
972.625
972.625
972.625
972.625
972.625
972.625
972.625
972.625
972.625
962.285
962.285
937.121
937.121
937.121
937.121
929.315
929.315
856.862
856.862
856.862
856.862
856.862
856.862
856.862
856.862
856.862
826.195
826.195
826.195
826.195
826.195
826.195
826.195
826.195
826.195
826.195
693.358
693.358
691.878
691.878
691.878
691.878
691.878
691.878
691.878
691.878
650.863
635.244
635.244
597.932
597.932
597.932
546.048
546.048
546.048
546.048
546.048
546.048
546.048
545.84
545.84
545.84
545.84
540.511
540.511
508.27
508.27
508.27
508.27
508.27
501.567
501.567
501.567
501.567
501.567
501.567
501.567
499.284
499.284
499.284
498.28
498.28
498.28
494.272
494.272
494.272
491.348
463.719
463.719
460.632
460.632
453.865
453.865
453.865
453.865
453.865
453.865
453.865
453.865
448.714
448.714
439.788
439.788
439.788
434.883
434.883
434.883
419.45
414.276
414.276
414.276
414.276
414.276
414.276
414.276
414.276
414.276
387.645
387.645
387.645
387.645
385.843
383.93
378.329
377.342
355.141
355.141
355.141
355.141
355.141
355.141
347.287
347.287
347.287
339.348
328.49
318.831
318.831
318.831
318.831
304.224
304.224
304.224
304.224
304.224
304.224
304.224
304.224
249.149
249.149
249.149
249.149
249.149
247.605
247.605
247.605
247.605
246.573
245.021
245.021
229.983
229.983
229.983
212.699
190.478
190.478
190.478
190.3
190.3
189.083
188.892
188.892
188.892
188.53
176.228
176.228
176.228
176.228
176.228
176.228
174.187
174.187
169.409
169.409
161.851
161.851
161.851
161.851
161.851
161.851
156.664
155.572
155.572
155.572
150.367
150.367
150.367
150.367
150.367
150.367
150.367
150.367
150.367
150.367
150.367
150.236
150.198
150.198
149.407
149.407
147.12
146.293
143.464
143.464
143.156
143.156
143.156
143.156
143.156
142.613
139.989
139.989
139.046
139.046
139.046
139.046
139.046
139.046
137.708
137.708
137.708
137.708
137.708
137.708
136.799
136.545
136.545
136.545
135.374
135.374
135.374
135.374
135.149
135.149
135.149
135.02
132.968
126.409
126.409
126.247
126.247
126.247
126.247
126.247
126.247
126.247
126.247
126.247
126.247
126.247
123.341
123.341
123.313
123.313
123.313
123.313
123.313
123.313
123.313
123.313
123.313
123.313
123.313
123.313
123.118
123.029
123.029
122.837
122.837
122.837
121.991
121.991
121.991
121.991
121.9
121.9
121.496
121.496
121.433
121.433
121.433
121.433
121.419
121.133
121.133
121.133
121.133
121.133
120.869
120.869
120.869
120.869
120.132
120.098
120.027
120.027
120.027
120.013
120.013
120.013
119.87
119.839
119.839
119.839
119.73
119.73
119.73
119.73
119.61
119.61
119.61
119.61
119.61
119.606
119.535
119.486
119.486
119.486
119.486
119.44
119.437
119.367
119.362
119.218
119.218
119.218
119.218
119.075
119.075
119.075
119.075
119.075
119.075
119.075
119.052
119.052
119.032
119.032
119.032
119.032
118.977
118.977
118.977
118.977
118.977
118.942
118.942
118.887
118.885
118.885
118.875
118.875
118.831
118.831
118.831
118.813
118.795
118.795
118.795
118.795
118.767
118.767
118.755
118.75
118.688
118.688
118.688
118.686
118.682
118.601
118.601
118.601
118.601
118.601
118.601
118.592
118.592
118.592
118.583
118.583
118.583
118.583
118.583
118.575
118.575
118.574
118.567
118.567
118.566
118.566
118.566
118.565
118.558
118.558
118.525
118.525
118.525
118.515
118.514
118.514
118.514
118.514
118.514
118.514
118.512
118.511
118.511
118.511
118.509
118.489
118.489
118.489
118.489
118.489
118.489
118.489
118.489
118.482
118.482
118.482
118.48
118.48
118.477
118.477
118.476
118.476
118.476
118.474
118.47
118.47
118.465
118.463
118.463
118.463
118.462
118.462
118.462
118.462
118.462
118.462
118.462
118.462
118.459
118.459
118.459
118.454
118.454
118.454
118.454
118.454
118.453
118.453
118.453
118.453
118.453
118.452
118.452
118.45
118.45
118.45
118.45
118.45
118.45
118.448
118.448
118.448
118.448
118.448
118.446
118.446
118.445
118.445
118.445
118.445
118.445
118.445
118.445
118.444
118.444
118.444
118.444
118.444
118.444
118.444
118.444
118.444
118.444
118.444
118.443
118.443
118.443
118.443
118.442
118.442
118.442
118.442
118.442
118.441
118.441
118.441
118.441
118.441
118.441
118.441
118.441
118.441
118.441
118.441
118.441
118.44
118.44
118.44
118.44
118.44
118.44
118.44
118.44
118.44
118.44
118.44
118.44
118.44
118.44
118.44
118.44
118.44
118.44
118.44
118.44
118.44
118.439
118.439
118.439
118.439
118.439
118.439
118.439
118.439
118.439
118.439
118.439
118.439
118.439
118.439
118.439
118.439
118.439
118.439
118.439
118.439
118.439
118.439
118.439
118.439
118.439
118.439
118.439
118.439
118.439
118.439
118.439
118.439
118.439
118.439
118.439
118.439
118.439
118.439
118.439
118.439
118.439
118.439
118.439
118.439
118.439
118.439
118.439
118.439
118.439
118.439
118.439
118.438
118.438
118.438
118.438
118.438
118.438
118.438
118.438
118.438
118.438
118.438
118.438
118.438
118.438
118.438
118.438
118.438
118.438
118.438
118.438
118.438
118.438
118.438
118.438
118.438
118.438
118.438
118.438
118.438
118.438
118.438
118.438
118.438
118.438
118.438
118.438
118.438
118.438
118.438
118.438
118.438
118.438
118.438
118.438
118.438
118.438
118.438
118.438
118.438
118.438
118.438
118.438
118.438
118.438
118.438
118.438
118.438
118.438
118.438
118.438
118.438
118.438
118.438
118.438
118.438
118.438
118.438
118.438
118.438
118.438
118.438
118.438
118.438
118.438
118.438
118.438
118.438
118.438
118.438
118.438
118.438
118.438
118.438
118.438
118.438
118.438
118.438
118.438
118.438
118.438
118.438
118.438
118.438
118.438
118.438
118.438
118.438
118.438
118.438
118.438
118.438
118.438
118.438
118.438
118.438
118.438
118.438
118.438
118.438
118.438
118.438
118.438
118.438
118.438
118.438
118.438
118.438
118.438
118.438
118.438
118.438
118.438
118.438
118.438
118.438
118.438
118.438
118.438
118.438
118.438
118.438
118.438
118.438
118.438
118.438
118.438
118.438
118.438
118.438
118.438
118.438
118.438
118.438
118.438
118.438
118.438
118.438
118.438
118.438
118.438
118.438
118.438
118.438
118.438
118.438
118.438
118.438
118.438
118.438
118.438
118.438
118.438
118.438
118.438
118.438
118.438
118.438
118.438
118.438
118.438
118.438
118.438
118.438
118.438
118.438
118.438
118.438
118.438
118.438
118.438
118.438
118.438
118.438
118.438
118.438
118.438
118.438
118.438
118.438
118.438
118.438
118.438
118.438
118.438
118.438
118.438
118.438
118.438
118.438
118.438
118.438
118.438
118.438
118.438
118.438
118.438
118.438
118.438
118.438
118.438
118.438
118.438
118.438
118.438
118.438
118.438
118.438
118.438
118.438
118.438
118.438
118.438
118.438
118.438
118.438
118.438
118.438
118.438
118.438
118.438
118.438
118.438
118.438
118.438
118.438
118.438
118.438
118.438
118.438
118.438
118.438
118.438
118.438
118.438
118.438
118.438
118.438
118.438
118.438
118.438
118.438
118.438
118.438
118.438
118.438
118.438
118.438
118.438
118.438
118.438
118.438
118.438
118.438
118.438
118.438
118.438
118.438
118.438
118.438
118.438
118.438
118.438
118.438
118.438
118.438
118.438
118.438
118.438
118.438
118.438
118.438
118.438
118.438
118.438
118.438
118.438
118.438
118.438
118.438
118.438
118.438
118.438
118.438
118.438
118.438
118.438
118.438
118.438
118.438
118.438
118.438
118.438
118.438
118.438
118.438
118.438
118.438
118.438
118.438
118.438
118.438
118.438
118.438
118.438
118.438
118.438
118.438
118.438
118.438
118.438
118.438
118.438
118.438
118.438
118.438
118.438
118.438
118.438
118.438
118.438
118.438
118.438
118.438
118.438
118.438
118.438
118.438
118.438
118.438
118.438
118.438
118.438
118.438
118.438
118.438
118.438
118.438
118.438
118.438
118.438
118.438
118.438
118.438
118.438
118.438
118.438
118.438
118.438
118.438
118.438
118.438
118.438
118.438
118.438
118.438
118.438
118.438
118.438
118.438
118.438
118.438
118.438
118.438
118.438
118.438
118.438
118.438
118.438
118.438
118.438
118.438
118.438
118.438
118.438
118.438
118.438
118.438
118.438
118.438
118.438
118.438
118.438
118.438
118.438
118.438
118.438
118.438
118.438
118.438
118.438
118.438
118.438
118.438
118.438
118.438
118.438
118.438
118.438
118.438
118.438
118.438
118.438
118.438
118.438
118.438
118.438
118.438
118.438
118.438
118.438
118.438
118.438
118.438
118.438
118.438
118.438
118.438
118.438
118.438
118.438
118.438
118.438
118.438
118.438
118.438
118.438
118.438
118.438
118.438
118.438
118.438
118.438
118.438
118.438
118.438
118.438
118.438
118.438
118.438
118.438
118.438
118.438
118.438
118.438
118.438
118.438
118.438
118.438
118.438
118.438
118.438
118.438
118.438
118.438
118.438
118.438
118.438
118.438
118.438
118.438
118.438
118.438
118.438
118.438
118.438
118.438
118.438
118.438
118.438
118.438
118.438
118.438
118.438
118.438
118.438
118.438
118.438
118.438
118.438
118.438
118.438
118.438
118.438
118.438
118.438
118.438
118.438
118.438
118.438
118.438
118.438
118.438
118.438
118.438
118.438
118.438
118.438
118.438
118.438
118.438
118.438
118.438
118.438
118.438
118.438
118.438
118.438
118.438
118.438
118.438
118.438
118.438
118.438
118.438
118.438
118.438
118.438
118.438
118.438
118.438
118.438
118.438
118.438
118.438
118.438
118.438
118.438
118.438
118.438
118.438
118.438
118.438
118.438
118.438
118.438
118.438
118.438
118.438
118.438
118.438
118.438
118.438
118.438
118.438
118.438
118.438
118.438
118.438
118.438
118.438
118.438
118.438
118.438
118.438
118.438
118.438
118.438
118.438
118.438
118.438
118.438
118.438
118.438
118.438
118.438
118.438
118.438
118.438
118.438
118.438
118.438
118.438
118.438
118.438
118.438
118.438
118.438
118.438
118.438
118.438
118.438
118.438
118.438
118.438
118.438
118.438
118.438
118.438
118.438
118.438
118.438
118.438
118.438
118.438
118.438
118.438
118.438
118.438
118.438
118.438
118.438
118.438
118.438
118.438
118.438
118.438
118.438
118.438
118.438
118.438
118.438
118.438
118.438
118.438
118.438
118.438
118.438
118.438
118.438
118.438
118.438
118.438
118.438
118.438
118.438
118.438
118.438
118.438
118.438
118.438
118.438
118.438
118.438
118.438
118.438
118.438
118.438
118.438
118.438
118.438
118.438
118.438
118.438
118.438
118.438
118.438
118.438
118.438
118.438
118.438
118.438
118.438
118.438
118.438
118.438
118.438
118.438
118.438
118.438
118.438
118.438
118.438
118.438
118.438
118.438
118.438
118.438
118.438
118.438
118.438
118.438
118.438
118.438
118.438
118.438
118.438
118.438
118.438
118.438
118.438
118.438
118.438
118.438
118.438
118.438
118.438
118.438
118.438
118.438
118.438
118.438
118.438
118.438
118.438
118.438
118.438
118.438
118.438
118.438
118.438
118.438
118.438
118.438
118.438
118.438
118.438
118.438
118.438
118.438
118.438
118.438
118.438
118.438
118.438
118.438
118.438
118.438
118.438
118.438
118.438
118.438
118.438
118.438
118.438
118.438
118.438
118.438
118.438
118.438
118.438
118.438
118.438
118.438
118.438
118.438
118.438
118.438
118.438
118.438
118.438
118.438
118.438
118.438
118.438
118.438
118.438
118.438
118.438
118.438
118.438
118.438
118.438
118.438
118.438
118.438
118.438
118.438
118.438
118.438
118.438
118.438
118.438
118.438
118.438
118.438
118.438
118.438
118.438
118.438
118.438
118.438
118.438
118.438
118.438
118.438
118.438
118.438
118.438
118.438
118.438
118.438
118.438
118.438
118.438
118.438
118.438
118.438
118.438
118.438
118.438
118.438
118.438
118.438
118.438
118.438
118.438
118.438
118.438
118.438
118.438
118.438
118.438
118.438
118.438
118.438
118.438
118.438
118.438
118.438
118.438
118.438
118.438
118.438
118.438
118.438
118.438
118.438
118.438
118.438
118.438
118.438
118.438
118.438
118.438
118.438
118.438
118.438
118.438
118.438
118.438
118.438
118.438
118.438
118.438
118.438
118.438
118.438
118.438
118.438
118.438
118.438
118.438
118.438
118.438
118.438
118.438
118.438
118.438
118.438
118.438
118.438
118.438
118.438
118.438
118.438
118.438
118.438
118.438
118.438
118.438
118.438
118.438
118.438
118.438
118.438
118.438
118.438
118.438
118.438
118.438
118.438
118.438
118.438
118.438
118.438
118.438
118.438
118.438
118.438
118.438
118.438
118.438
118.438
118.438
118.438
118.438
118.438
118.438
118.438
118.438
118.438
118.438
118.438
118.438
118.438
118.438
118.438
118.438
118.438
118.438
118.438
118.438
118.438
118.438
118.438
118.438
118.438
118.438
118.438
118.438
118.438
118.438
118.438
118.438
118.438
118.438
118.438
118.438
118.438
118.438
118.438
118.438
118.438
118.438
118.438
118.438
118.438
118.438
118.438
118.438
118.438
118.438
118.438
118.438
118.438
118.438
118.438
118.438
118.438
118.438
118.438
118.438
118.438
118.438
118.438
118.438
118.438
118.438
118.438
118.438
118.438
118.438
118.438
118.438
118.438
118.438
118.438
118.438
118.438
118.438
118.438
118.438
118.438
118.438
118.438
118.438
118.438
118.438
118.438
118.438
118.438
118.438
118.438
118.438
118.438
118.438
118.438
118.438
118.438
118.438
118.438
118.438
118.438
118.438
118.438
118.438
118.438
118.438
118.438
118.438
118.438
118.438
118.438
118.438
118.438
118.438
118.438
118.438
118.438
118.438
118.438
118.438
118.438
118.438
118.438
118.438
118.438
118.438
118.438
118.438
118.438
118.438
118.438
118.438
118.438
118.438
118.438
118.438
118.438
118.438
118.438
118.438
118.438
118.438
118.438
118.438
118.438
118.438
118.438
118.438
118.438
118.438
118.438
118.438
118.438
118.438
118.438
118.438
118.438
118.438
118.438
118.438
118.438
118.438
118.438
118.438
118.438
118.438
118.438
118.438
118.438
118.438
118.438
118.438
118.438
118.438
118.438
118.438
118.438
118.438
118.438
118.438
118.438
118.438
118.438
118.438
118.438
118.438
118.438
118.438
118.438
118.438
118.438
118.438
118.438
118.438
118.438
118.438
118.438
118.438
118.438
118.438
118.438
118.438
118.438
118.438
118.438
118.438
118.438
118.438
118.438
118.438
118.438
118.438
118.438
118.438
118.438
118.438
118.438
118.438
118.438
118.438
118.438
118.438
118.438
118.438
118.438
118.438
118.438
118.438
118.438
118.438
118.438
118.438
118.438
118.438
118.438
118.438
118.438
118.438
118.438
118.438
118.438
118.438
118.438
118.438
118.438
118.438
118.438
118.438
118.438
118.438
118.438
118.438
118.438
118.438
118.438
118.438
118.438
118.438
118.438
118.438
118.438
118.438
118.438
118.438
118.438
118.438
118.438
118.438
118.438
118.438
118.438
118.438
118.438
118.438
118.438
118.438
118.438
118.438
118.438
118.438
118.438
118.438
118.438
118.438
118.438
118.438
118.438
118.438
118.438
118.438
118.438
118.438
118.438
118.438
118.438
118.438
118.438
118.438
118.438
118.438
118.438
118.438
118.438
118.438
118.438
118.438
118.438
118.438
118.438
118.438
118.438
118.438
118.438
118.438
118.438
118.438
118.438
118.438
118.438
118.438
118.438
118.438
118.438
118.438
118.438
118.438
118.438
118.438
118.438
118.438
118.438
118.438
118.438
118.438
118.438
118.438
118.438
118.438
118.438
118.438
118.438
118.438
118.438
118.438
118.438
118.438
118.438
118.438
118.438
118.438
118.438
118.438
118.438
118.438
118.438
118.438
118.438
118.438
118.438
118.438
118.438
118.438
118.438
118.438
118.438
118.438
118.438
118.438
118.438
118.438
118.438
118.438
118.438
118.438
118.438
118.438
118.438
118.438
118.438
118.438
118.438
118.438
118.438
118.438
118.438
118.438
118.438
118.438
118.438
118.438
118.438
118.438
118.438
118.438
118.438
118.438
118.438
118.438
118.438
118.438
118.438
118.438
118.438
118.438
118.438
118.438
118.438
118.438
118.438
118.438
118.438
118.438
118.438
118.438
118.438
118.438
118.438
118.438
118.438
118.438
118.438
118.438
118.438
118.438
118.438
118.438
118.438
118.438
118.438
118.438
118.438
118.438
118.438
118.438
118.438
118.438
118.438
118.438
118.438
118.438
118.438
118.438
118.438
118.438
118.438
118.438
118.438
118.438
118.438
118.438
118.438
118.438
118.438
118.438
118.438
118.438
118.438
118.438
118.438
118.438
118.438
118.438
118.438
118.438
118.438
118.438
118.438
118.438
118.438
118.438
118.438
118.438
118.438
118.438
118.438
118.438
118.438
118.438
118.438
118.438
118.438
118.438
118.438
118.438
118.438
118.438
118.438
118.438
118.438
118.438
118.438
118.438
118.438
118.438
118.438
118.438
118.438
118.438
118.438
118.438
118.438
118.438
118.438
118.438
118.438
118.438
118.438
118.438
118.438
118.438
118.438
118.438
118.438
118.438
118.438
118.438
118.438
118.438
118.438
118.438
118.438
118.438
118.438
118.438
118.438
118.438
118.438
118.438
118.438
118.438
118.438
118.438
118.438
118.438
118.438
118.438
118.438
118.438
118.438
118.438
118.438
118.438
118.438
118.438
118.438
118.438
118.438
118.438
118.438
118.438
118.438
118.438
118.438
118.438
118.438
118.438
118.438
118.438
118.438
118.438
118.438
118.438
118.438
118.438
118.438
118.438
118.438
118.438
118.438
118.438
118.438
118.438
118.438
118.438
118.438
118.438
118.438
118.438
118.438
118.438
118.438
118.438
118.438
118.438
118.438
118.438
118.438
118.438
118.438
118.438
118.438
118.438
118.438
118.438
118.438
118.438
118.438
118.438
118.438
118.438
118.438
118.438
118.438
118.438
118.438
118.438
118.438
118.438
118.438
118.438
118.438
118.438
118.438
118.438
118.438
118.438
118.438
118.438
118.438
118.438
118.438
118.438
118.438
118.438
118.438
118.438
118.438
118.438
118.438
118.438
118.438
118.438
118.438
118.438
118.438
118.438
118.438
118.438
118.438
118.438
118.438
118.438
118.438
118.438
118.438
118.438
118.438
118.438
118.438
118.438
118.438
118.438
118.438
118.438
118.438
118.438
118.438
118.438
118.438
118.438
118.438
118.438
118.438
118.438
118.438
118.438
118.438
118.438
118.438
118.438
118.438
118.438
118.438
118.438
118.438
118.438
118.438
118.438
118.438
118.438
118.438
118.438
118.438
118.438
118.438
118.438
118.438
118.438
118.438
118.438
118.438
118.438
118.438
118.438
118.438
118.438
118.438
118.438
118.438
118.438
118.438
118.438
118.438
118.438
118.438
118.438
118.438
118.438
118.438
118.438
118.438
118.438
118.438
118.438
118.438
118.438
118.438
118.438
118.438
118.438
118.438
118.438
118.438
118.438
118.438
118.438
118.438
118.438
118.438
118.438
118.438
118.438
118.438
118.438
118.438
118.438
118.438
118.438
118.438
118.438
118.438
118.438
118.438
118.438
118.438
118.438
118.438
118.438
118.438
118.438
118.438
118.438
118.438
118.438
118.438
118.438
118.438
118.438
118.438
118.438
118.438
118.438
118.438
118.438
118.438
118.438
118.438
118.438
118.438
118.438
118.438
118.438
118.438
118.438
118.438
118.438
118.438
118.438
118.438
118.438
118.438
118.438
118.438
118.438
118.438
118.438
118.438
118.438
118.438
118.438
118.438
118.438
118.438
118.438
118.438
118.438
118.438
118.438
118.438
118.438
118.438
118.438
118.438
118.438
118.438
118.438
118.438
118.438
118.438
118.438
118.438
118.438
118.438
118.438
118.438
118.438
118.438
118.438
118.438
118.438
118.438
118.438
118.438
118.438
118.438
118.438
118.438
118.438
118.438
118.438
118.438
118.438
118.438
118.438
118.438
118.438
118.438
118.438
118.438
118.438
118.438
118.438
118.438
118.438
118.438
118.438
118.438
118.438
118.438
118.438
118.438
118.438
118.438
118.438
118.438
118.438
118.438
118.438
118.438
118.438
118.438
118.438
118.438
118.438
118.438
118.438
118.438
118.438
118.438
118.438
118.438
118.438
118.438
118.438
118.438
118.438
118.438
118.438
118.438
118.438
118.438
118.438
118.438
118.438
118.438
118.438
118.438
118.438
118.438
118.438
118.438
118.438
118.438
118.438
118.438
118.438
118.438
118.438
118.438
118.438
118.438
118.438
118.438
118.438
118.438
118.438
118.438
118.438
118.438
118.438
118.438
118.438
118.438
118.438
118.438
118.438
118.438
118.438
118.438
118.438
118.438
118.438
118.438
118.438
118.438
118.438
118.438
118.438
118.438
118.438
118.438
118.438
118.438
118.438
118.438
118.438
118.438
118.438
118.438
118.438
118.438
118.438
118.438
118.438
118.438
118.438
118.438
118.438
118.438
118.438
118.438
118.438
118.438
118.438
118.438
118.438
118.438
118.438
118.438
118.438
118.438
118.438
118.438
118.438
118.438
118.438
118.438
118.438
118.438
118.438
118.438
118.438
118.438
118.438
118.438
118.438
118.438
118.438
118.438
118.438
118.438
118.438
118.438
118.438
118.438
118.438
118.438
118.438
118.438
118.438
118.438
118.438
118.438
118.438
118.438
118.438
118.438
118.438
118.438
118.438
118.438
118.438
118.438
118.438
118.438
118.438
118.438
118.438
118.438
118.438
118.438
118.438
118.438
118.438
118.438
118.438
118.438
118.438
118.438
118.438
118.438
118.438
118.438
118.438
118.438
118.438
118.438
118.438
118.438
118.438
118.438
118.438
118.438
118.438
118.438
118.438
118.438
118.438
118.438
118.438
118.438
118.438
118.438
118.438
118.438
118.438
118.438
118.438
118.438
118.438
118.438
118.438
118.438
118.438
118.438
118.438
118.438
118.438
118.438
118.438
118.438
118.438
118.438
118.438
118.438
118.438
118.438
118.438
118.438
118.438
118.438
118.438
118.438
118.438
118.438
118.438
118.438
118.438
118.438
118.438
118.438
118.438
118.438
118.438
118.438
118.438
118.438
118.438
118.438
118.438
118.438
118.438
118.438
118.438
118.438
118.438
118.438
118.438
118.438
118.438
118.438
118.438
118.438
118.438
118.438
118.438
118.438
118.438
118.438
118.438
118.438
118.438
118.438
118.438
118.438
118.438
118.438
118.438
118.438
118.438
118.438
118.438
118.438
118.438
118.438
118.438
118.438
118.438
118.438
118.438
118.438
118.438
118.438
118.438
118.438
118.438
118.438
118.438
118.438
118.438
118.438
118.438
118.438
118.438
118.438
118.438
118.438
118.438
118.438
118.438
118.438
118.438
118.438
118.438
118.438
118.438
118.438
118.438
118.438
118.438
118.438
118.438
118.438
118.438
118.438
118.438
118.438
118.438
118.438
118.438
118.438
118.438
118.438
118.438
118.438
118.438
118.438
118.438
118.438
118.438
118.438
118.438
118.438
118.438
118.438
118.438
118.438
118.438
118.438
118.438
118.438
118.438
118.438
118.438
118.438
118.438
118.438
118.438
118.438
118.438
118.438
118.438
118.438
118.438
118.438
118.438
118.438
118.438
118.438
118.438
118.438
118.438
118.438
118.438
118.438
118.438
118.438
118.438
118.438
118.438
118.438
118.438
118.438
118.438
118.438
118.438
118.438
118.438
118.438
118.438
118.438
118.438
118.438
118.438
118.438
118.438
118.438
118.438
118.438
118.438
118.438
118.438
118.438
118.438
118.438
118.438
118.438
118.438
118.438
118.438
118.438
118.438
118.438
118.438
118.438
118.438
118.438
118.438
118.438
118.438
118.438
118.438
118.438
118.438
118.438
118.438
118.438
118.438
118.438
118.438
118.438
118.438
118.438
118.438
118.438
118.438
118.438
118.438
118.438
118.438
118.438
118.438
118.438
118.438
118.438
118.438
118.438
118.438
118.438
118.438
118.438
118.438
118.438
118.438
118.438
118.438
118.438
118.438
118.438
118.438
118.438
118.438
118.438
118.438
118.438
118.438
118.438
118.438
118.438
118.438
118.438
118.438
118.438
118.438
118.438
118.438
118.438
118.438
118.438
118.438
118.438
118.438
118.438
118.438
118.438
118.438
118.438
118.438
118.438
118.438
118.438
118.438
118.438
118.438
118.438
118.438
118.438
118.438
118.438
118.438
118.438
118.438
118.438
118.438
118.438
118.438
118.438
118.438
118.438
118.438
118.438
118.438
118.438
118.438
118.438
118.438
118.438
118.438
118.438
118.438
118.438
118.438
118.438
118.438
118.438
118.438
118.438
118.438
118.438
118.438
118.438
118.438
118.438
118.438
118.438
118.438
118.438
118.438
118.438
118.438
118.438
118.438
118.438
118.438
118.438
118.438
118.438
118.438
118.438
118.438
118.438
118.438
118.438
118.438
118.438
118.438
118.438
118.438
118.438
118.438
118.438
118.438
118.438
118.438
118.438
118.438
118.438
118.438
118.438
118.438
118.438
118.438
118.438
118.438
118.438
118.438
118.438
118.438
118.438
118.438
118.438
118.438
118.438
118.438
118.438
118.438
118.438
118.438
118.438
118.438
118.438
118.438
118.438
118.438
118.438
118.438
118.438
118.438
118.438
118.438
118.438
118.438
118.438
118.438
118.438
118.438
118.438
118.438
118.438
118.438
118.438
118.438
118.438
118.438
118.438
118.438
118.438
118.438
118.438
118.438
118.438
118.438
118.438
118.438
118.438
118.438
118.438
118.438
118.438
118.438
118.438
118.438
118.438
118.438
118.438
118.438
118.438
118.438
118.438
118.438
118.438
118.438
118.438
118.438
118.438
118.438
118.438
118.438
118.438
118.438
118.438
118.438
118.438
118.438
118.438
118.438
118.438
118.438
118.438
118.438
118.438
118.438
118.438
118.438
118.438
118.438
118.438
118.438
118.438
118.438
118.438
118.438
118.438
118.438
118.438
118.438
118.438
118.438
118.438
118.438
118.438
118.438
118.438
118.438
118.438
118.438
118.438
118.438
118.438
118.438
118.438
118.438
118.438
118.438
118.438
118.438
118.438
118.438
118.438
118.438
118.438
118.438
118.438
118.438
118.438
118.438
118.438
118.438
118.438
118.438
118.438
118.438
118.438
118.438
118.438
118.438
118.438
118.438
118.438
118.438
118.438
118.438
118.438
118.438
118.438
118.438
118.438
118.438
118.438
118.438
118.438
118.438
118.438
118.438
118.438
118.438
118.438
118.438
118.438
118.438
118.438
118.438
118.438
118.438
118.438
118.438
118.438
118.438
118.438
118.438
118.438
118.438
118.438
118.438
118.438
118.438
118.438
118.438
118.438
118.438
118.438
118.438
118.438
118.438
118.438
118.438
118.438
118.438
118.438
118.438
118.438
118.438
118.438
118.438
118.438
118.438
118.438
118.438
118.438
118.438
118.438
118.438
118.438
118.438
118.438
118.438
118.438
118.438
118.438
118.438
118.438
118.438
118.438
118.438
118.438
118.438
118.438
118.438
118.438
118.438
118.438
118.438
118.438
118.438
118.438
118.438
118.438
118.438
118.438
118.438
118.438
118.438
118.438
118.438
118.438
118.438
118.438
118.438
118.438
118.438
118.438
118.438
118.438
118.438
118.438
118.438
118.438
118.438
118.438
118.438
118.438
118.438
118.438
118.438
118.438
118.438
118.438
118.438
118.438
118.438
118.438
118.438
118.438
118.438
118.438
118.438
118.438
118.438
118.438
118.438
118.438
118.438
118.438
118.438
118.438
118.438
118.438
118.438
118.438
118.438
118.438
118.438
118.438
118.438
118.438
118.438
118.438
118.438
118.438
118.438
118.438
118.438
118.438
118.438
118.438
118.438
118.438
118.438
118.438
118.438
118.438
118.438
118.438
118.438
118.438
118.438
118.438
118.438
118.438
118.438
118.438
118.438
118.438
118.438
118.438
118.438
118.438
118.438
118.438
118.438
118.438
118.438
118.438
118.438
118.438
118.438
118.438
118.438
118.438
118.438
118.438
118.438
118.438
118.438
118.438
118.438
118.438
118.438
118.438
118.438
118.438
118.438
118.438
118.438
118.438
118.438
118.438
118.438
118.438
118.438
118.438
118.438
118.438
118.438
118.438
118.438
118.438
118.438
118.438
118.438
118.438
118.438
118.438
118.438
118.438
118.438
118.438
118.438
118.438
118.438
118.438
118.438
118.438
118.438
118.438
118.438
118.438
118.438
118.438
118.438
118.438
118.438
118.438
118.438
118.438
118.438
118.438
118.438
118.438
118.438
118.438
118.438
118.438
118.438
118.438
118.438
118.438
118.438
118.438
118.438
118.438
118.438
118.438
118.438
118.438
118.438
118.438
118.438
118.438
118.438
118.438
118.438
118.438
118.438
118.438
118.438
118.438
118.438
118.438
118.438
118.438
118.438
118.438
118.438
118.438
118.438
118.438
118.438
118.438
118.438
118.438
118.438
118.438
118.438
118.438
118.438
118.438
118.438
118.438
118.438
118.438
118.438
118.438
118.438
118.438
118.438
118.438
118.438
118.438
118.438
118.438
118.438
118.438
118.438
118.438
118.438
118.438
118.438
118.438
118.438
118.438
118.438
118.438
118.438
118.438
118.438
118.438
118.438
118.438
118.438
118.438
118.438
118.438
118.438
118.438
118.438
118.438
118.438
118.438
118.438
118.438
118.438
118.438
118.438
118.438
118.438
118.438
118.438
118.438
118.438
118.438
118.438
118.438
118.438
118.438
118.438
118.438
118.438
118.438
118.438
118.438
118.438
118.438
118.438
118.438
118.438
118.438
118.438
118.438
118.438
118.438
118.438
118.438
118.438
118.438
118.438
118.438
118.438
118.438
118.438
118.438
118.438
118.438
118.438
118.438
118.438
118.438
118.438
118.438
118.438
118.438
118.438
118.438
118.438
118.438
118.438
118.438
118.438
118.438
118.438
118.438
118.438
118.438
118.438
118.438
118.438
118.438
118.438
118.438
118.438
118.438
118.438
118.438
118.438
118.438
118.438
118.438
118.438
118.438
118.438
118.438
118.438
118.438
118.438
118.438
118.438
118.438
118.438
118.438
118.438
118.438
118.438
118.438
118.438
118.438
118.438
118.438
118.438
118.438
118.438
118.438
118.438
118.438
118.438
118.438
118.438
118.438
118.438
118.438
118.438
118.438
118.438
118.438
118.438
118.438
118.438
118.438
118.438
118.438
118.438
118.438
118.438
118.438
118.438
118.438
118.438
118.438
118.438
118.438
118.438
118.438
118.438
118.438
118.438
118.438
118.438
118.438
118.438
118.438
118.438
118.438
118.438
118.438
118.438
118.438
118.438
118.438
118.438
118.438
118.438
118.438
118.438
118.438
118.438
118.438
118.438
118.438
118.438
118.438
118.438
118.438
118.438
118.438
118.438
118.438
118.438
118.438
118.438
118.438
118.438
118.438
118.438
118.438
118.438
118.438
118.438
118.438
118.438
118.438
118.438
118.438
118.438
118.438
118.438
118.438
118.438
118.438
118.438
118.438
118.438
118.438
118.438
118.438
118.438
118.438
118.438
118.438
118.438
118.438
118.438
118.438
118.438
118.438
118.438
118.438
118.438
118.438
118.438
118.438
118.438
118.438
118.438
118.438
118.438
118.438
118.438
118.438
118.438
118.438
118.438
118.438
118.438
118.438
118.438
118.438
118.438
118.438
118.438
118.438
118.438
118.438
118.438
118.438
118.438
118.438
118.438
118.438
118.438
118.438
118.438
118.438
118.438
118.438
118.438
118.438
118.438
118.438
118.438
118.438
118.438
118.438
118.438
118.438
118.438
118.438
118.438
118.438
118.438
118.438
118.438
118.438
118.438
118.438
118.438
118.438
118.438
118.438
118.438
118.438
118.438
118.438
118.438
118.438
118.438
118.438
118.438
118.438
118.438
118.438
118.438
118.438
118.438
118.438
118.438
118.438
118.438
118.438
118.438
118.438
118.438
118.438
118.438
118.438
118.438
118.438
118.438
118.438
118.438
118.438
118.438
118.438
118.438
118.438
118.438
118.438
118.438
118.438
118.438
118.438
118.438
118.438
118.438
118.438
118.438
118.438
118.438
118.438
118.438
118.438
118.438
118.438
118.438
118.438
118.438
118.438
118.438
118.438
118.438
118.438
118.438
118.438
118.438
118.438
118.438
118.438
118.438
118.438
118.438
118.438
118.438
118.438
118.438
118.438
118.438
118.438
118.438
118.438
118.438
118.438
118.438
118.438
118.438
118.438
118.438
118.438
118.438
118.438
118.438
118.438
118.438
118.438
118.438
118.438
118.438
118.438
118.438
118.438
118.438
118.438
118.438
118.438
118.438
118.438
118.438
118.438
118.438
118.438
118.438
118.438
118.438
118.438
118.438
118.438
118.438
118.438
118.438
118.438
118.438
118.438
118.438
118.438
118.438
118.438
118.438
118.438
118.438
118.438
118.438
118.438
118.438
118.438
118.438
118.438
118.438
118.438
118.438
118.438
118.438
118.438
118.438
118.438
118.438
118.438
118.438
118.438
118.438
118.438
118.438
118.438
118.438
118.438
118.438
118.438
118.438
118.438
118.438
118.438
118.438
118.438
118.438
118.438
118.438
118.438
118.438
118.438
118.438
118.438
118.438
118.438
118.438
118.438
118.438
118.438
118.438
118.438
118.438
118.438
118.438
118.438
118.438
118.438
118.438
118.438
118.438
118.438
118.438
118.438
118.438
118.438
118.438
118.438
118.438
118.438
118.438
118.438
118.438
118.438
118.438
118.438
118.438
118.438
118.438
118.438
118.438
118.438
118.438
118.438
118.438
118.438
118.438
118.438
118.438
118.438
118.438
118.438
118.438
118.438
118.438
118.438
118.438
118.438
118.438
118.438
118.438
118.438
118.438
118.438
118.438
118.438
118.438
118.438
118.438
118.438
118.438
118.438
118.438
118.438
118.438
118.438
118.438
118.438
118.438
118.438
118.438
118.438
118.438
118.438
118.438
118.438
118.438
118.438
118.438
118.438
118.438
118.438
118.438
118.438
118.438
118.438
118.438
118.438
118.438
118.438
118.438
118.438
118.438
118.438
118.438
118.438
118.438
118.438
118.438
118.438
118.438
118.438
118.438
118.438
118.438
118.438
118.438
118.438
118.438
118.438
118.438
118.438
118.438
118.438
118.438
118.438
118.438
118.438
118.438
118.438
118.438
118.438
118.438
118.438
118.438
118.438
118.438
118.438
118.438
118.438
118.438
118.438
118.438
118.438
118.438
118.438
118.438
118.438
118.438
118.438
118.438
118.438
118.438
118.438
118.438
118.438
118.438
118.438
118.438
118.438
118.438
118.438
118.438
118.438
118.438
118.438
118.438
118.438
118.438
118.438
118.438
118.438
118.438
118.438
118.438
118.438
118.438
118.438
118.438
118.438
118.438
118.438
118.438
118.438
118.438
118.438
118.438
118.438
118.438
118.438
118.438
118.438
118.438
118.438
118.438
118.438
118.438
118.438
118.438
118.438
118.438
118.438
118.438
118.438
118.438
118.438
118.438
118.438
118.438
118.438
118.438
118.438
118.438
118.438
118.438
118.438
118.438
118.438
118.438
118.438
118.438
118.438
118.438
118.438
118.438
118.438
118.438
118.438
118.438
118.438
118.438
118.438
118.438
118.438
118.438
118.438
118.438
118.438
118.438
118.438
118.438
118.438
118.438
118.438
118.438
118.438
118.438
118.438
118.438
118.438
118.438
118.438
118.438
118.438
118.438
118.438
118.438
118.438
118.438
118.438
118.438
118.438
118.438
118.438
118.438
118.438
118.438
118.438
118.438
118.438
118.438
118.438
118.438
118.438
118.438
118.438
118.438
118.438
118.438
118.438
118.438
118.438
118.438
118.438
118.438
118.438
118.438
118.438
118.438
118.438
118.438
118.438
118.438
118.438
118.438
118.438
118.438
118.438
118.438
118.438
118.438
118.438
118.438
118.438
118.438
118.438
118.438
118.438
118.438
118.438
118.438
118.438
118.438
118.438
118.438
118.438
118.438
118.438
118.438
118.438
118.438
118.438
118.438
118.438
118.438
118.438
118.438
118.438
118.438
118.438
118.438
118.438
118.438
118.438
118.438
118.438
118.438
118.438
118.438
118.438
118.438
118.438
118.438
118.438
118.438
118.438
118.438
118.438
118.438
118.438
118.438
118.438
118.438
118.438
118.438
118.438
118.438
118.438
118.438
118.438
118.438
118.438
118.438
118.438
118.438
118.438
118.438
118.438
118.438
118.438
118.438
118.438
118.438
118.438
118.438
118.438
118.438
118.438
118.438
118.438
118.438
118.438
118.438
118.438
118.438
118.438
118.438
118.438
118.438
118.438
118.438
118.438
118.438
118.438
118.438
118.438
118.438
118.438
118.438
118.438
118.438
118.438
118.438
118.438
118.438
118.438
118.438
118.438
118.438
118.438
118.438
118.438
118.438
118.438
118.438
118.438
118.438
118.438
118.438
118.438
118.438
118.438
118.438
118.438
118.438
118.438
118.438
118.438
118.438
118.438
118.438
118.438
118.438
118.438
118.438
118.438
118.438
118.438
118.438
118.438
118.438
118.438
118.438
118.438
118.438
118.438
118.438
118.438
118.438
118.438
118.438
118.438
118.438
118.438
118.438
118.438
118.438
118.438
118.438
118.438
118.438
118.438
118.438
118.438
118.438
118.438
118.438
118.438
118.438
118.438
118.438
118.438
118.438
118.438
118.438
118.438
118.438
118.438
118.438
118.438
118.438
118.438
118.438
118.438
118.438
118.438
118.438
118.438
118.438
118.438
118.438
118.438
118.438
118.438
118.438
118.438
118.438
118.438
118.438
118.438
118.438
118.438
118.438
118.438
118.438
118.438
118.438
118.438
118.438
118.438
118.438
118.438
118.438
118.438
118.438
118.438
118.438
118.438
118.438
118.438
118.438
118.438
118.438
118.438
118.438
118.438
118.438
118.438
118.438
118.438
118.438
118.438
118.438
118.438
118.438
118.438
118.438
118.438
118.438
118.438
118.438
118.438
118.438
118.438
118.438
118.438
118.438
118.438
118.438
118.438
118.438
118.438
118.438
118.438
118.438
118.438
118.438
118.438
118.438
118.438
118.438
118.438
118.438
118.438
118.438
118.438
118.438
118.438
118.438
118.438
118.438
118.438
118.438
118.438
118.438
118.438
118.438
118.438
118.438
118.438
118.438
118.438
118.438
118.438
118.438
118.438
118.438
118.438
118.438
118.438
118.438
118.438
118.438
118.438
118.438
118.438
118.438
118.438
118.438
118.438
118.438
118.438
118.438
118.438
118.438
118.438
118.438
118.438
118.438
118.438
118.438
118.438
118.438
118.438
118.438
118.438
118.438
118.438
118.438
118.438
118.438
118.438
118.438
118.438
118.438
118.438
118.438
118.438
118.438
118.438
118.438
118.438
118.438
118.438
118.438
118.438
118.438
118.438
118.438
118.438
118.438
118.438
118.438
118.438
118.438
118.438
118.438
118.438
118.438
118.438
118.438
118.438
118.438
118.438
118.438
118.438
118.438
118.438
118.438
118.438
118.438
118.438
118.438
118.438
118.438
118.438
118.438
118.438
118.438
118.438
118.438
118.438
118.438
118.438
118.438
118.438
118.438
118.438
118.438
118.438
118.438
118.438
118.438
118.438
118.438
118.438
118.438
118.438
118.438
118.438
118.438
118.438
118.438
118.438
118.438
118.438
118.438
118.438
118.438
118.438
118.438
118.438
118.438
118.438
118.438
118.438
118.438
118.438
118.438
118.438
118.438
118.438
118.438
118.438
118.438
118.438
118.438
118.438
118.438
118.438
118.438
118.438
118.438
118.438
118.438
118.438
118.438
118.438
118.438
118.438
118.438
118.438
118.438
118.438
118.438
118.438
118.438
118.438
118.438
118.438
118.438
118.438
118.438
118.438
118.438
118.438
118.438
118.438
118.438
118.438
118.438
118.438
118.438
118.438
118.438
118.438
118.438
118.438
118.438
118.438
118.438
118.438
118.438
118.438
118.438
118.438
118.438
118.438
118.438
118.438
118.438
118.438
118.438
118.438
118.438
118.438
118.438
118.438
118.438
118.438
118.438
118.438
118.438
118.438
118.438
118.438
118.438
118.438
118.438
118.438
118.438
118.438
118.438
118.438
118.438
118.438
118.438
118.438
118.438
118.438
118.438
118.438
118.438
118.438
118.438
118.438
118.438
118.438
118.438
118.438
118.438
118.438
118.438
118.438
118.438
118.438
118.438
118.438
118.438
118.438
118.438
118.438
118.438
118.438
118.438
118.438
118.438
118.438
118.438
118.438
118.438
118.438
118.438
118.438
118.438
118.438
118.438
118.438
118.438
118.438
118.438
118.438
118.438
118.438
118.438
118.438
118.438
118.438
118.438
118.438
118.438
118.438
118.438
118.438
118.438
118.438
118.438
118.438
118.438
118.438
118.438
118.438
118.438
118.438
118.438
118.438
118.438
118.438
118.438
118.438
118.438
118.438
118.438
118.438
118.438
118.438
118.438
118.438
118.438
118.438
118.438
118.438
118.438
118.438
118.438
118.438
118.438
118.438
118.438
118.438
118.438
118.438
118.438
118.438
118.438
118.438
118.438
118.438
118.438
118.438
118.438
118.438
118.438
118.438
118.438
118.438
118.438
118.438
118.438
118.438
118.438
118.438
118.438
118.438
118.438
118.438
118.438
118.438
118.438
118.438
118.438
118.438
118.438
118.438
118.438
118.438
118.438
118.438
118.438
118.438
118.438
118.438
118.438
118.438
118.438
118.438
118.438
118.438
118.438
118.438
118.438
118.438
118.438
118.438
118.438
118.438
118.438
118.438
118.438
118.438
118.438
118.438
118.438
118.438
118.438
118.438
118.438
118.438
118.438
118.438
118.438
118.438
118.438
118.438
118.438
118.438
118.438
118.438
118.438
118.438
118.438
118.438
118.438
118.438
118.438
118.438
118.438
118.438
118.438
118.438
118.438
118.438
118.438
118.438
118.438
118.438
118.438
118.438
118.438
118.438
118.438
118.438
118.438
118.438
118.438
118.438
118.438
118.438
118.438
118.438
118.438
118.438
118.438
118.438
118.438
118.438
118.438
118.438
118.438
118.438
118.438
118.438
118.438
118.438
118.438
118.438
118.438
118.438
118.438
118.438
118.438
118.438
118.438
118.438
118.438
118.438
118.438
118.438
118.438
118.438
118.438
118.438
118.438
118.438
118.438
118.438
118.438
118.438
118.438
118.438
118.438
118.438
118.438
118.438
118.438
118.438
118.438
118.438
118.438
118.438
118.438
118.438
118.438
118.438
118.438
118.438
118.438
118.438
118.438
118.438
118.438
118.438
118.438
118.438
118.438
118.438
118.438
118.438
118.438
118.438
118.438
118.438
118.438
118.438
118.438
118.438
118.438
118.438
118.438
118.438
118.438
118.438
118.438
118.438
118.438
118.438
118.438
118.438
118.438
118.438
118.438
118.438
118.438
118.438
118.438
118.438
118.438
118.438
118.438
118.438
118.438
118.438
118.438
118.438
118.438
118.438
118.438
118.438
118.438
118.438
118.438
118.438
118.438
118.438
118.438
118.438
118.438
118.438
118.438
118.438
118.438
118.438
118.438
118.438
118.438
118.438
118.438
118.438
118.438
118.438
118.438
118.438
118.438
118.438
118.438
118.438
118.438
118.438
118.438
118.438
118.438
118.438
118.438
118.438
118.438
118.438
118.438
118.438
118.438
118.438
118.438
118.438
118.438
118.438
118.438
118.438
118.438
118.438
118.438
118.438
118.438
118.438
118.438
118.438
118.438
118.438
118.438
118.438
118.438
118.438
118.438
118.438
118.438
118.438
118.438
118.438
118.438
118.438
118.438
118.438
118.438
118.438
118.438
118.438
118.438
118.438
118.438
118.438
118.438
118.438
118.438
118.438
118.438
118.438
118.438
118.438
118.438
118.438
118.438
118.438
118.438
118.438
118.438
118.438
118.438
118.438
118.438
118.438
118.438
118.438
118.438
118.438
118.438
118.438
118.438
118.438
118.438
118.438
118.438
118.438
118.438
118.438
118.438
118.438
118.438
118.438
118.438
118.438
118.438
118.438
118.438
118.438
118.438
118.438
118.438
118.438
118.438
118.438
118.438
118.438
118.438
118.438
118.438
118.438
118.438
118.438
118.438
118.438
118.438
118.438
118.438
118.438
118.438
118.438
118.438
118.438
118.438
118.438
118.438
118.438
118.438
118.438
118.438
118.438
118.438
118.438
118.438
118.438
118.438
118.438
118.438
118.438
118.438
118.438
118.438
118.438
118.438
118.438
118.438
118.438
118.438
118.438
118.438
118.438
118.438
118.438
118.438
118.438
118.438
118.438
118.438
118.438
118.438
118.438
118.438
118.438
118.438
118.438
118.438
118.438
118.438
118.438
118.438
118.438
118.438
118.438
118.438
118.438
118.438
118.438
118.438
118.438
118.438
118.438
118.438
118.438
118.438
118.438
118.438
118.438
118.438
118.438
118.438
118.438
118.438
118.438
118.438
118.438
118.438
118.438
118.438
118.438
118.438
118.438
118.438
118.438
118.438
118.438
118.438
118.438
118.438
118.438
118.438
118.438
118.438
118.438
118.438
118.438
118.438
118.438
118.438
118.438
118.438
118.438
118.438
118.438
118.438
118.438
118.438
118.438
118.438
118.438
118.438
118.438
118.438
118.438
118.438
118.438
118.438
118.438
118.438
118.438
118.438
118.438
118.438
118.438
118.438
118.438
118.438
118.438
118.438
118.438
118.438
118.438
118.438
118.438
118.438
118.438
118.438
118.438
118.438
118.438
118.438
118.438
118.438
118.438
118.438
118.438
118.438
118.438
118.438
118.438
118.438
118.438
118.438
118.438
118.438
118.438
118.438
118.438
118.438
118.438
118.438
118.438
118.438
118.438
118.438
118.438
118.438
118.438
118.438
118.438
118.438
118.438
118.438
118.438
118.438
118.438
118.438
118.438
118.438
118.438
118.438
118.438
118.438
118.438
118.438
118.438
118.438
118.438
118.438
118.438
118.438
118.438
118.438
118.438
118.438
118.438
118.438
118.438
118.438
118.438
118.438
118.438
118.438
118.438
118.438
118.438
118.438
118.438
118.438
118.438
118.438
118.438
118.438
118.438
118.438
118.438
118.438
118.438
118.438
118.438
118.438
118.438
118.438
118.438
118.438
118.438
118.438
118.438
118.438
118.438
118.438
118.438
118.438
118.438
118.438
118.438
118.438
118.438
118.438
118.438
118.438
118.438
118.438
118.438
118.438
118.438
118.438
118.438
118.438
118.438
118.438
118.438
118.438
118.438
118.438
118.438
118.438
118.438
118.438
118.438
118.438
118.438
118.438
118.438
118.438
118.438
118.438
118.438
118.438
118.438
118.438
118.438
118.438
118.438
118.438
118.438
118.438
118.438
118.438
118.438
118.438
118.438
118.438
118.438
118.438
118.438
118.438
118.438
118.438
118.438
118.438
118.438
118.438
118.438
118.438
118.438
118.438
118.438
118.438
118.438
118.438
118.438
118.438
118.438
118.438
118.438
118.438
118.438
118.438
118.438
118.438
118.438
118.438
118.438
118.438
118.438
118.438
118.438
118.438
118.438
118.438
118.438
118.438
118.438
118.438
118.438
118.438
118.438
118.438
118.438
118.438
118.438
118.438
118.438
118.438
118.438
118.438
118.438
118.438
118.438
118.438
118.438
118.438
118.438
118.438
118.438
118.438
118.438
118.438
118.438
118.438
118.438
118.438
118.438
118.438
118.438
118.438
118.438
118.438
118.438
118.438
118.438
118.438
118.438
118.438
118.438
118.438
118.438
118.438
118.438
118.438
118.438
118.438
118.438
118.438
118.438
118.438
118.438
118.438
118.438
118.438
118.438
118.438
118.438
118.438
118.438
118.438
118.438
118.438
118.438
118.438
118.438
118.438
118.438
118.438
118.438
118.438
118.438
118.438
118.438
118.438
118.438
118.438
118.438
118.438
118.438
118.438
118.438
118.438
118.438
118.438
118.438
118.438
118.438
118.438
118.438
118.438
118.438
118.438
118.438
118.438
118.438
118.438
118.438
118.438
118.438
118.438
118.438
118.438
118.438
118.438
118.438
118.438
118.438
118.438
118.438
118.438
118.438
118.438
118.438
118.438
118.438
118.438
118.438
118.438
118.438
118.438
118.438
118.438
118.438
118.438
118.438
118.438
118.438
118.438
118.438
118.438
118.438
118.438
118.438
118.438
118.438
118.438
118.438
118.438
118.438
118.438
118.438
118.438
118.438
118.438
118.438
118.438
118.438
118.438
118.438
118.438
118.438
118.438
118.438
118.438
118.438
118.438
118.438
118.438
118.438
118.438
118.438
118.438
118.438
118.438
118.438
118.438
118.438
118.438
118.438
118.438
118.438
118.438
118.438
118.438
118.438
118.438
118.438
118.438
118.438
118.438
118.438
118.438
118.438
118.438
118.438
118.438
118.438
118.438
118.438
118.438
118.438
118.438
118.438
118.438
118.438
118.438
118.438
118.438
118.438
118.438
118.438
118.438
118.438
118.438
118.438
118.438
118.438
118.438
118.438
118.438
118.438
118.438
118.438
118.438
118.438
118.438
118.438
118.438
118.438
118.438
118.438
118.438
118.438
118.438
118.438
118.438
118.438
118.438
118.438
118.438
118.438
118.438
118.438
118.438
118.438
118.438
118.438
118.438
118.438
118.438
118.438
118.438
118.438
118.438
118.438
118.438
118.438
118.438
118.438
118.438
118.438
118.438
118.438
118.438
118.438
118.438
118.438
118.438
118.438
118.438
118.438
118.438
118.438
118.438
118.438
118.438
118.438
118.438
118.438
118.438
118.438
118.438
118.438
118.438
118.438
118.438
118.438
118.438
118.438
118.438
118.438
118.438
118.438
118.438
118.438
118.438
118.438
118.438
118.438
118.438
118.438
118.438
118.438
118.438
118.438
118.438
118.438
118.438
118.438
118.438
118.438
118.438
118.438
118.438
118.438
118.438
118.438
118.438
118.438
118.438
118.438
118.438
118.438
118.438
118.438
118.438
118.438
118.438
118.438
118.438
118.438
118.438
118.438
118.438
118.438
118.438
118.438
118.438
118.438
118.438
118.438
118.438
118.438
118.438
118.438
118.438
118.438
118.438
118.438
118.438
118.438
118.438
118.438
118.438
118.438
118.438
118.438
118.438
118.438
118.438
118.438
118.438
118.438
118.438
118.438
118.438
118.438
118.438
118.438
118.438
118.438
118.438
118.438
118.438
118.438
118.438
118.438
118.438
118.438
118.438
118.438
118.438
118.438
118.438
118.438
118.438
118.438
118.438
118.438
118.438
118.438
118.438
118.438
118.438
118.438
118.438
118.438
118.438
118.438
118.438
118.438
118.438
118.438
118.438
118.438
118.438
118.438
118.438
118.438
118.438
118.438
118.438
118.438
118.438
118.438
118.438
118.438
118.438
118.438
118.438
118.438
118.438
118.438
118.438
118.438
118.438
118.438
118.438
118.438
118.438
118.438
118.438
118.438
118.438
118.438
118.438
118.438
118.438
118.438
118.438
118.438
118.438
118.438
118.438
118.438
118.438
118.438
118.438
118.438
118.438
118.438
118.438
118.438
118.438
118.438
118.438
118.438
118.438
118.438
118.438
118.438
118.438
118.438
118.438
118.438
118.438
118.438
118.438
118.438
118.438
118.438
118.438
118.438
118.438
118.438
118.438
118.438
118.438
118.438
118.438
118.438
118.438
118.438
118.438
118.438
118.438
118.438
118.438
118.438
118.438
118.438
118.438
118.438
118.438
118.438
118.438
118.438
118.438
118.438
118.438
118.438
118.438
118.438
118.438
118.438
118.438
118.438
118.438
118.438
118.438
118.438
118.438
118.438
118.438
118.438
118.438
118.438
118.438
118.438
118.438
118.438
118.438
118.438
118.438
118.438
118.438
118.438
118.438
118.438
118.438
118.438
118.438
118.438
118.438
118.438
118.438
118.438
118.438
118.438
118.438
118.438
118.438
118.438
118.438
118.438
118.438
118.438
118.438
118.438
118.438
118.438
118.438
118.438
118.438
118.438
118.438
118.438
118.438
118.438
118.438
118.438
118.438
118.438
118.438
118.438
118.438
118.438
118.438
118.438
118.438
118.438
118.438
118.438
118.438
118.438
118.438
118.438
118.438
118.438
118.438
118.438
118.438
118.438
118.438
118.438
118.438
118.438
118.438
118.438
118.438
118.438
118.438
118.438
118.438
118.438
118.438
118.438
118.438
118.438
118.438
118.438
118.438
118.438
118.438
118.438
118.438
118.438
118.438
118.438
118.438
118.438
118.438
118.438
118.438
118.438
118.438
118.438
118.438
118.438
118.438
118.438
118.438
118.438
118.438
118.438
118.438
118.438
118.438
118.438
118.438
118.438
118.438
118.438
118.438
118.438
118.438
118.438
118.438
118.438
118.438
118.438
118.438
118.438
118.438
118.438
118.438
118.438
118.438
118.438
118.438
118.438
118.438
118.438
118.438
118.438
118.438
118.438
118.438
118.438
118.438
118.438
118.438
118.438
118.438
118.438
118.438
118.438
118.438
118.438
118.438
118.438
118.438
118.438
118.438
118.438
118.438
118.438
118.438
118.438
118.438
118.438
118.438
118.438
118.438
118.438
118.438
118.438
118.438
118.438
118.438
118.438
118.438
118.438
118.438
118.438
118.438
118.438
118.438
118.438
118.438
118.438
118.438
118.438
118.438
118.438
118.438
118.438
118.438
118.438
118.438
118.438
118.438
118.438
118.438
118.438
118.438
118.438
118.438
118.438
118.438
118.438
118.438
118.438
118.438
118.438
118.438
118.438
118.438
118.438
118.438
118.438
118.438
118.438
118.438
118.438
118.438
118.438
118.438
118.438
118.438
118.438
118.438
118.438
118.438
118.438
118.438
118.438
118.438
118.438
118.438
118.438
118.438
118.438
118.438
118.438
118.438
118.438
118.438
118.438
118.438
118.438
118.438
118.438
118.438
118.438
118.438
118.438
118.438
118.438
118.438
118.438
118.438
118.438
118.438
118.438
118.438
118.438
118.438
118.438
118.438
118.438
118.438
118.438
118.438
118.438
118.438
118.438
118.438
118.438
118.438
118.438
118.438
118.438
118.438
118.438
118.438
118.438
118.438
118.438
118.438
118.438
118.438
118.438
118.438
118.438
118.438
118.438
118.438
118.438
118.438
118.438
118.438
118.438
118.438
118.438
118.438
118.438
118.438
118.438
118.438
118.438
118.438
118.438
118.438
118.438
118.438
118.438
118.438
118.438
118.438
118.438
118.438
118.438
118.438
118.438
118.438
118.438
118.438
118.438
118.438
118.438
118.438
118.438
118.438
118.438
118.438
118.438
118.438
118.438
118.438
118.438
118.438
118.438
118.438
118.438
118.438
118.438
118.438
118.438
118.438
118.438
118.438
118.438
118.438
118.438
118.438
118.438
118.438
118.438
118.438
118.438
118.438
118.438
118.438
118.438
118.438
118.438
118.438
118.438
118.438
118.438
118.438
118.438
118.438
118.438
118.438
118.438
118.438
118.438
118.438
118.438
118.438
118.438
118.438
118.438
118.438
118.438
118.438
118.438
118.438
118.438
118.438
118.438
118.438
118.438
118.438
118.438
118.438
118.438
118.438
118.438
118.438
118.438
118.438
118.438
118.438
118.438
118.438
118.438
118.438
118.438
118.438
118.438
118.438
118.438
118.438
118.438
118.438
118.438
118.438
118.438
118.438
118.438
118.438
118.438
118.438
118.438
118.438
118.438
118.438
118.438
118.438
118.438
118.438
118.438
118.438
118.438
118.438
118.438
118.438
118.438
118.438
118.438
118.438
118.438
118.438
118.438
118.438
118.438
118.438
118.438
118.438
118.438
118.438
118.438
118.438
118.438
118.438
118.438
118.438
118.438
118.438
118.438
118.438
118.438
118.438
118.438
118.438
118.438
118.438
118.438
118.438
118.438
118.438
118.438
118.438
118.438
118.438
118.438
118.438
118.438
118.438
118.438
118.438
118.438
118.438
118.438
118.438
118.438
118.438
118.438
118.438
118.438
118.438
118.438
118.438
118.438
118.438
118.438
118.438
118.438
118.438
118.438
118.438
118.438
118.438
118.438
118.438
118.438
118.438
118.438
118.438
118.438
118.438
118.438
118.438
118.438
118.438
118.438
118.438
118.438
118.438
118.438
118.438
118.438
118.438
118.438
118.438
118.438
118.438
118.438
118.438
118.438
118.438
118.438
118.438
118.438
118.438
118.438
118.438
118.438
118.438
118.438
118.438
118.438
118.438
118.438
118.438
118.438
118.438
118.438
118.438
118.438
118.438
118.438
118.438
118.438
118.438
118.438
118.438
118.438
118.438
118.438
118.438
118.438
118.438
118.438
118.438
118.438
118.438
118.438
118.438
118.438
118.438
118.438
118.438
118.438
118.438
118.438
118.438
118.438
118.438
118.438
118.438
118.438
118.438
118.438
118.438
118.438
118.438
118.438
118.438
118.438
118.438
118.438
118.438
118.438
118.438
118.438
118.438
118.438
118.438
118.438
118.438
118.438
118.438
118.438
118.438
118.438
118.438
118.438
118.438
118.438
118.438
118.438
118.438
118.438
118.438
118.438
118.438
118.438
118.438
118.438
118.438
118.438
118.438
118.438
118.438
118.438
118.438
118.438
118.438
118.438
118.438
118.438
118.438
118.438
118.438
118.438
118.438
118.438
118.438
118.438
118.438
118.438
118.438
118.438
118.438
118.438
118.438
118.438
118.438
118.438
118.438
118.438
118.438
118.438
118.438
118.438
118.438
118.438
118.438
118.438
118.438
118.438
118.438
118.438
118.438
118.438
118.438
118.438
118.438
118.438
118.438
118.438
118.438
118.438
118.438
118.438
118.438
118.438
118.438
118.438
118.438
118.438
118.438
118.438
118.438
118.438
118.438
118.438
118.438
118.438
118.438
118.438
118.438
118.438
118.438
118.438
118.438
118.438
118.438
118.438
118.438
118.438
118.438
118.438
118.438
118.438
118.438
118.438
118.438
118.438
118.438
118.438
118.438
118.438
118.438
118.438
118.438
118.438
118.438
118.438
118.438
118.438
118.438
118.438
118.438
118.438
118.438
118.438
118.438
118.438
118.438
118.438
118.438
118.438
118.438
118.438
118.438
118.438
118.438
118.438
118.438
118.438
118.438
118.438
118.438
118.438
118.438
118.438
118.438
118.438
118.438
118.438
118.438
118.438
118.438
118.438
118.438
118.438
118.438
118.438
118.438
118.438
118.438
118.438
118.438
118.438
118.438
118.438
118.438
118.438
118.438
118.438
118.438
118.438
118.438
118.438
118.438
118.438
118.438
118.438
118.438
118.438
118.438
118.438
118.438
118.438
118.438
118.438
118.438
118.438
118.438
118.438
118.438
118.438
118.438
118.438
118.438
118.438
118.438
118.438
118.438
118.438
118.438
118.438
118.438
118.438
118.438
118.438
118.438
118.438
118.438
118.438
118.438
118.438
118.438
118.438
118.438
118.438
118.438
118.438
118.438
118.438
118.438
118.438
118.438
118.438
118.438
118.438
118.438
118.438
118.438
118.438
118.438
118.438
118.438
118.438
118.438
118.438
118.438
118.438
118.438
118.438
118.438
118.438
118.438
118.438
118.438
118.438
118.438
118.438
118.438
118.438
118.438
118.438
118.438
118.438
118.438
118.438
118.438
118.438
118.438
118.438
118.438
118.438
118.438
118.438
118.438
118.438
118.438
118.438
118.438
118.438
118.438
118.438
118.438
118.438
118.438
118.438
118.438
118.438
118.438
118.438
118.438
118.438
118.438
118.438
118.438
118.438
118.438
118.438
118.438
118.438
118.438
118.438
118.438
118.438
118.438
118.438
118.438
118.438
118.438
118.438
118.438
118.438
118.438
118.438
118.438
118.438
118.438
118.438
118.438
118.438
118.438
118.438
118.438
118.438
118.438
118.438
118.438
118.438
118.438
118.438
118.438
118.438
118.438
118.438
118.438
118.438
118.438
118.438
118.438
118.438
118.438
118.438
118.438
118.438
118.438
118.438
118.438
118.438
118.438
118.438
118.438
118.438
118.438
118.438
118.438
118.438
118.438
118.438
118.438
118.438
118.438
118.438
118.438
118.438
118.438
118.438
118.438
118.438
118.438
118.438
118.438
118.438
118.438
118.438
118.438
118.438
118.438
118.438
118.438
118.438
118.438
118.438
118.438
118.438
118.438
118.438
118.438
118.438
118.438
118.438
118.438
118.438
118.438
118.438
118.438
118.438
118.438
118.438
118.438
118.438
118.438
118.438
118.438
118.438
118.438
118.438
118.438
118.438
118.438
118.438
118.438
118.438
118.438
118.438
118.438
118.438
118.438
118.438
118.438
118.438
118.438
118.438
118.438
118.438
118.438
118.438
118.438
118.438
118.438
118.438
118.438
118.438
118.438
118.438
118.438
118.438
118.438
118.438
118.438
118.438
118.438
118.438
118.438
118.438
118.438
118.438
118.438
118.438
118.438
118.438
118.438
118.438
118.438
118.438
118.438
118.438
118.438
118.438
118.438
118.438
118.438
118.438
118.438
118.438
118.438
118.438
118.438
118.438
118.438
118.438
118.438
118.438
118.438
118.438
118.438
118.438
118.438
118.438
118.438
118.438
118.438
118.438
118.438
118.438
118.438
118.438
118.438
118.438
118.438
118.438
118.438
118.438
118.438
118.438
118.438
118.438
118.438
118.438
118.438
118.438
118.438
118.438
118.438
118.438
118.438
118.438
118.438
118.438
118.438
118.438
118.438
118.438
118.438
118.438
118.438
118.438
118.438
118.438
118.438
118.438
118.438
118.438
118.438
118.438
118.438
118.438
118.438
118.438
118.438
118.438
118.438
118.438
118.438
118.438
118.438
118.438
118.438
118.438
118.438
118.438
118.438
118.438
118.438
118.438
118.438
118.438
118.438
118.438
118.438
118.438
118.438
118.438
118.438
118.438
118.438
118.438
118.438
118.438
118.438
118.438
118.438
118.438
118.438
118.438
118.438
118.438
118.438
118.438
118.438
118.438
118.438
118.438
118.438
118.438
118.438
118.438
118.438
118.438
118.438
118.438
118.438
118.438
118.438
118.438
118.438
118.438
118.438
118.438
118.438
118.438
118.438
118.438
118.438
118.438
118.438
118.438
118.438
118.438
118.438
118.438
118.438
118.438
118.438
118.438
118.438
118.438
118.438
118.438
118.438
118.438
118.438
118.438
118.438
118.438
118.438
118.438
118.438
118.438
118.438
118.438
118.438
118.438
118.438
118.438
118.438
118.438
118.438
118.438
118.438
118.438
118.438
118.438
118.438
118.438
118.438
118.438
118.438
118.438
118.438
118.438
118.438
118.438
118.438
118.438
118.438
118.438
118.438
118.438
118.438
118.438
118.438
118.438
118.438
118.438
118.438
118.438
118.438
118.438
118.438
118.438
118.438
118.438
118.438
118.438
118.438
118.438
118.438
118.438
118.438
118.438
118.438
118.438
118.438
118.438
118.438
118.438
118.438
118.438
118.438
118.438
118.438
118.438
118.438
118.438
118.438
118.438
118.438
118.438
118.438
118.438
118.438
118.438
118.438
118.438
118.438
118.438
118.438
118.438
118.438
118.438
118.438
118.438
118.438
118.438
118.438
118.438
118.438
118.438
118.438
118.438
118.438
118.438
118.438
118.438
118.438
118.438
118.438
118.438
118.438
118.438
118.438
118.438
118.438
118.438
118.438
118.438
118.438
118.438
118.438
118.438
118.438
118.438
118.438
118.438
118.438
118.438
118.438
118.438
118.438
118.438
118.438
118.438
118.438
118.438
118.438
118.438
118.438
118.438
118.438
118.438
118.438
118.438
118.438
118.438
118.438
118.438
118.438
118.438
118.438
118.438
118.438
118.438
118.438
118.438
118.438
118.438
118.438
118.438
118.438
118.438
118.438
118.438
118.438
118.438
118.438
118.438
118.438
118.438
118.438
118.438
118.438
118.438
118.438
118.438
118.438
118.438
118.438
118.438
118.438
118.438
118.438
118.438
118.438
118.438
118.438
118.438
118.438
118.438
118.438
118.438
118.438
118.438
118.438
118.438
118.438
118.438
118.438
118.438
118.438
118.438
118.438
118.438
118.438
118.438
118.438
118.438
118.438
118.438
118.438
118.438
118.438
118.438
118.438
118.438
118.438
118.438
118.438
118.438
118.438
118.438
118.438
118.438
118.438
118.438
118.438
118.438
118.438
118.438
118.438
118.438
118.438
118.438
118.438
118.438
118.438
118.438
118.438
118.438
118.438
118.438
118.438
118.438
118.438
118.438
118.438
118.438
118.438
118.438
118.438
118.438
118.438
118.438
118.438
118.438
118.438
118.438
118.438
118.438
118.438
118.438
118.438
118.438
118.438
118.438
118.438
118.438
118.438
118.438
118.438
118.438
118.438
118.438
118.438
118.438
118.438
118.438
118.438
118.438
118.438
118.438
118.438
118.438
118.438
118.438
118.438
118.438
118.438
118.438
118.438
118.438
118.438
118.438
118.438
118.438
118.438
118.438
118.438
118.438
118.438
118.438
118.438
118.438
118.438
118.438
118.438
118.438
118.438
118.438
118.438
118.438
118.438
118.438
118.438
118.438
118.438
118.438
118.438
118.438
118.438
118.438
118.438
118.438
118.438
118.438
118.438
118.438
118.438
118.438
118.438
118.438
118.438
118.438
118.438
118.438
118.438
118.438
118.438
118.438
118.438
118.438
118.438
118.438
118.438
118.438
118.438
118.438
118.438
118.438
118.438
118.438
118.438
118.438
118.438
118.438
118.438
118.438
118.438
118.438
118.438
118.438
118.438
118.438
118.438
118.438
118.438
118.438
118.438
118.438
118.438
118.438
118.438
118.438
118.438
118.438
118.438
118.438
118.438
118.438
118.438
118.438
118.438
118.438
118.438
118.438
118.438
118.438
118.438
118.438
118.438
118.438
118.438
118.438
118.438
118.438
118.438
118.438
118.438
118.438
118.438
118.438
118.438
118.438
118.438
118.438
118.438
118.438
118.438
118.438
118.438
118.438
118.438
118.438
118.438
118.438
118.438
118.438
118.438
118.438
118.438
118.438
118.438
118.438
118.438
118.438
118.438
118.438
118.438
118.438
118.438
118.438
118.438
118.438
118.438
118.438
118.438
118.438
118.438
118.438
118.438
118.438
118.438
118.438
118.438
118.438
118.438
118.438
118.438
118.438
118.438
118.438
118.438
118.438
118.438
118.438
118.438
118.438
118.438
118.438
118.438
118.438
118.438
118.438
118.438
118.438
118.438
118.438
118.438
118.438
118.438
118.438
118.438
118.438
118.438
118.438
118.438
118.438
118.438
118.438
118.438
118.438
118.438
118.438
118.438
118.438
118.438
118.438
118.438
118.438
118.438
118.438
118.438
118.438
118.438
118.438
118.438
118.438
118.438
118.438
118.438
118.438
118.438
118.438
118.438
118.438
118.438
118.438
118.438
118.438
118.438
118.438
118.438
118.438
118.438
118.438
118.438
118.438
118.438
118.438
118.438
118.438
118.438
118.438
118.438
118.438
118.438
118.438
118.438
118.438
118.438
118.438
118.438
118.438
118.438
118.438
118.438
118.438
118.438
118.438
118.438
118.438
118.438
118.438
118.438
118.438
118.438
118.438
118.438
118.438
118.438
118.438
118.438
118.438
118.438
118.438
118.438
118.438
118.438
118.438
118.438
118.438
118.438
118.438
118.438
118.438
118.438
118.438
118.438
118.438
118.438
118.438
118.438
118.438
118.438
118.438
118.438
118.438
118.438
118.438
118.438
118.438
118.438
118.438
118.438
118.438
118.438
118.438
118.438
118.438
118.438
118.438
118.438
118.438
118.438
118.438
118.438
118.438
118.438
118.438
118.438
118.438
118.438
118.438
118.438
118.438
118.438
118.438
118.438
118.438
118.438
118.438
118.438
118.438
118.438
118.438
118.438
118.438
118.438
118.438
118.438
118.438
118.438
118.438
118.438
118.438
118.438
118.438
118.438
118.438
118.438
118.438
118.438
118.438
118.438
118.438
118.438
118.438
118.438
118.438
118.438
118.438
118.438
118.438
118.438
118.438
118.438
118.438
118.438
118.438
118.438
118.438
118.438
118.438
118.438
118.438
118.438
118.438
118.438
118.438
118.438
118.438
118.438
118.438
118.438
118.438
118.438
118.438
118.438
118.438
118.438
118.438
118.438
118.438
118.438
118.438
118.438
118.438
118.438
118.438
118.438
118.438
118.438
118.438
118.438
118.438
118.438
118.438
118.438
118.438
118.438
118.438
118.438
118.438
118.438
118.438
118.438
118.438
118.438
118.438
118.438
118.438
118.438
118.438
118.438
118.438
118.438
118.438
118.438
118.438
118.438
118.438
118.438
118.438
118.438
118.438
118.438
118.438
118.438
118.438
118.438
118.438
118.438
118.438
118.438
118.438
118.438
118.438
118.438
118.438
118.438
118.438
118.438
118.438
118.438
118.438
118.438
118.438
118.438
118.438
118.438
118.438
118.438
118.438
118.438
118.438
118.438
118.438
118.438
118.438
118.438
118.438
118.438
118.438
118.438
118.438
118.438
118.438
118.438
118.438
118.438
118.438
118.438
118.438
118.438
118.438
118.438
118.438
118.438
118.438
118.438
118.438
118.438
118.438
118.438
118.438
118.438
118.438
118.438
118.438
118.438
118.438
118.438
118.438
118.438
118.438
118.438
118.438
118.438
118.438
118.438
118.438
118.438
118.438
118.438
118.438
118.438
118.438
118.438
118.438
118.438
118.438
118.438
118.438
118.438
118.438
118.438
118.438
118.438
118.438
118.438
118.438
118.438
118.438
118.438
118.438
118.438
118.438
118.438
118.438
118.438
118.438
118.438
118.438
118.438
118.438
118.438
118.438
118.438
118.438
118.438
118.438
118.438
118.438
118.438
118.438
118.438
118.438
118.438
118.438
118.438
118.438
118.438
118.438
118.438
118.438
118.438
118.438
118.438
118.438
118.438
118.438
118.438
118.438
118.438
118.438
118.438
118.438
118.438
118.438
118.438
118.438
118.438
118.438
118.438
118.438
118.438
118.438
118.438
118.438
118.438
118.438
118.438
118.438
118.438
118.438
118.438
118.438
118.438
118.438
118.438
118.438
118.438
118.438
118.438
118.438
118.438
118.438
118.438
118.438
118.438
118.438
118.438
118.438
118.438
118.438
118.438
118.438
118.438
118.438
118.438
118.438
118.438
118.438
118.438
118.438
118.438
118.438
118.438
118.438
118.438
118.438
118.438
118.438
118.438
118.438
118.438
118.438
118.438
118.438
118.438
118.438
118.438
118.438
118.438
118.438
118.438
118.438
118.438
118.438
118.438
118.438
118.438
118.438
118.438
118.438
118.438
118.438
118.438
118.438
118.438
118.438
118.438
118.438
118.438
118.438
118.438
118.438
118.438
118.438
118.438
118.438
118.438
118.438
118.438
118.438
118.438
118.438
118.438
118.438
118.438
118.438
118.438
118.438
118.438
118.438
118.438
118.438
118.438
118.438
118.438
118.438
118.438
118.438
118.438
118.438
118.438
118.438
118.438
118.438
118.438
118.438
118.438
118.438
118.438
118.438
118.438
118.438
118.438
118.438
118.438
118.438
118.438
118.438
118.438
118.438
118.438
118.438
118.438
118.438
118.438
118.438
118.438
118.438
118.438
118.438
118.438
118.438
118.438
118.438
118.438
118.438
118.438
118.438
118.438
118.438
118.438
118.438
118.438
118.438
118.438
118.438
118.438
118.438
118.438
118.438
118.438
118.438
118.438
118.438
118.438
118.438
118.438
118.438
118.438
118.438
118.438
118.438
118.438
118.438
118.438
118.438
118.438
118.438
118.438
118.438
118.438
118.438
118.438
118.438
118.438
118.438
118.438
118.438
118.438
118.438
118.438
118.438
118.438
118.438
118.438
118.438
118.438
118.438
118.438
118.438
118.438
118.438
118.438
118.438
118.438
118.438
118.438
118.438
118.438
118.438
118.438
118.438
118.438
118.438
118.438
118.438
118.438
118.438
118.438
118.438
118.438
118.438
118.438
118.438
118.438
118.438
118.438
118.438
118.438
118.438
118.438
118.438
118.438
118.438
118.438
118.438
118.438
118.438
118.438
118.438
118.438
118.438
118.438
118.438
118.438
118.438
118.438
118.438
118.438
118.438
118.438
118.438
118.438
118.438
118.438
118.438
118.438
118.438
118.438
118.438
118.438
118.438
118.438
118.438
118.438
118.438
118.438
118.438
118.438
118.438
118.438
118.438
118.438
118.438
118.438
118.438
118.438
118.438
118.438
118.438
118.438
118.438
118.438
118.438
118.438
118.438
118.438
118.438
118.438
118.438
118.438
118.438
118.438
118.438
118.438
118.438
118.438
118.438
118.438
118.438
118.438
118.438
118.438
118.438
118.438
118.438
118.438
118.438
118.438
118.438
118.438
118.438
118.438
118.438
118.438
118.438
118.438
118.438
118.438
118.438
118.438
118.438
118.438
118.438
118.438
118.438
118.438
118.438
118.438
118.438
118.438
118.438
118.438
118.438
118.438
118.438
118.438
118.438
118.438
118.438
118.438
118.438
118.438
118.438
118.438
118.438
118.438
118.438
118.438
118.438
118.438
118.438
118.438
118.438
118.438
118.438
118.438
118.438
118.438
118.438
118.438
118.438
118.438
118.438
118.438
118.438
118.438
118.438
118.438
118.438
118.438
118.438
118.438
118.438
118.438
118.438
118.438
118.438
118.438
118.438
118.438
118.438
118.438
118.438
118.438
118.438
118.438
118.438
118.438
118.438
118.438
118.438
118.438
118.438
118.438
118.438
118.438
118.438
118.438
118.438
118.438
118.438
118.438
118.438
118.438
118.438
118.438
118.438
118.438
118.438
118.438
118.438
118.438
118.438
118.438
118.438
118.438
118.438
118.438
118.438
118.438
118.438
118.438
118.438
118.438
118.438
118.438
118.438
118.438
118.438
118.438
118.438
118.438
118.438
118.438
118.438
118.438
118.438
118.438
118.438
118.438
118.438
118.438
118.438
118.438
118.438
118.438
118.438
118.438
118.438
118.438
118.438
118.438
118.438
118.438
118.438
118.438
118.438
118.438
118.438
118.438
118.438
118.438
118.438
118.438
118.438
118.438
118.438
118.438
118.438
118.438
118.438
118.438
118.438
118.438
118.438
118.438
118.438
118.438
118.438
118.438
118.438
118.438
118.438
118.438
118.438
118.438
118.438
118.438
118.438
118.438
118.438
118.438
118.438
118.438
118.438
118.438
118.438
118.438
118.438
118.438
118.438
118.438
118.438
118.438
118.438
118.438
118.438
118.438
118.438
118.438
118.438
118.438
118.438
118.438
118.438
118.438
118.438
118.438
118.438
118.438
118.438
118.438
118.438
118.438
118.438
118.438
118.438
118.438
118.438
118.438
118.438
118.438
118.438
118.438
118.438
118.438
118.438
118.438
118.438
118.438
118.438
118.438
118.438
118.438
118.438
118.438
118.438
118.438
118.438
118.438
118.438
118.438
118.438
118.438
118.438
118.438
118.438
118.438
118.438
118.438
118.438
118.438
118.438
118.438
118.438
118.438
118.438
118.438
118.438
118.438
118.438
118.438
118.438
118.438
118.438
118.438
118.438
118.438
118.438
118.438
118.438
118.438
118.438
118.438
118.438
118.438
118.438
118.438
118.438
118.438
118.438
118.438
118.438
118.438
118.438
118.438
118.438
118.438
118.438
118.438
118.438
118.438
118.438
118.438
118.438
118.438
118.438
118.438
118.438
118.438
118.438
118.438
118.438
118.438
118.438
118.438
118.438
118.438
118.438
118.438
118.438
118.438
118.438
118.438
118.438
118.438
118.438
118.438
118.438
118.438
118.438
118.438
118.438
118.438
118.438
118.438
118.438
118.438
118.438
118.438
118.438
118.438
118.438
118.438
118.438
118.438
118.438
118.438
118.438
118.438
118.438
118.438
118.438
118.438
118.438
118.438
118.438
118.438
118.438
118.438
118.438
118.438
118.438
118.438
118.438
118.438
118.438
118.438
118.438
118.438
118.438
118.438
118.438
118.438
118.438
118.438
118.438
118.438
118.438
118.438
118.438
118.438
118.438
118.438
118.438
118.438
118.438
118.438
118.438
118.438
118.438
118.438
118.438
118.438
118.438
118.438
118.438
118.438
118.438
