497756
1.57052e+10
1.15732e+09
1.01918e+08
2.52751e+07
1.30941e+06
190093
61441.5
18707.3
3440.2
1852.77
576.952
185.166
173.932
96.0006
79.3558
64.8014
58.2968
53.9326
51.8237
50.2826
48.0351
45.4548
43.8621
42.6624
41.1668
39.9899
38.3602
37.1899
36.2275
34.7359
33.1605
31.3532
30.3802
29.5628
28.6247
27.6522
26.8769
25.6863
24.8318
23.9169
22.9033
21.752
21.0591
20.0292
19.1652
18.4431
17.4304
16.8951
16.2699
15.3431
14.6286
14.1305
13.5574
12.9973
12.4841
11.8739
11.2984
10.845
10.51
10.0181
9.49563
9.14398
8.87894
8.34355
8.00877
7.63018
7.24869
6.94653
6.74715
6.45734
6.25318
5.96687
5.72531
5.58004
5.18822
4.99766
4.80946
4.65912
4.50262
4.28873
4.14082
3.9767
3.68484
3.56183
3.39475
3.26309
3.14493
3.0525
2.90475
2.7875
2.70605
2.607
2.47663
2.38152
2.25531
2.18367
2.09336
2.00159
1.91813
1.84981
1.7754
1.69503
1.61285
1.5478
1.51139
1.46369
1.42677
1.36183
1.30711
1.25223
1.16997
1.12107
1.07867
1.04633
1.00103
0.954131
0.922994
0.879881
0.846033
0.811247
0.784609
0.758494
0.731674
0.712433
0.684352
0.642416
0.620285
0.595165
0.580012
0.548331
0.526987
0.502593
0.484201
0.467716
0.450032
0.42974
0.414388
0.401308
0.389352
0.371453
0.354056
0.342365
0.324951
0.314777
0.306492
0.2931
0.274738
0.263804
0.256074
0.248706
0.240247
0.230268
0.219352
0.210151
0.200858
0.191993
0.180507
0.172788
0.167403
0.162654
0.158553
0.15368
0.146348
0.142017
0.135835
0.129863
0.124104
0.12007
0.116788
0.111913
0.107776
0.103166
0.100338
0.096376
0.0928747
0.0896077
0.0870778
0.0837445
0.0802855
0.0764916
0.0740915
0.0701612
0.0650287
0.062215
0.0591904
0.0557585
0.0538904
0.0517232
0.0500035
0.0480867
0.045968
0.0447321
0.0424464
0.0407819
0.039361
0.0374843
0.0359054
0.0343971
0.0332592
0.0319964
0.0307688
0.0300465
0.0286799
0.0272464
0.0264147
0.025561
0.0245946
0.0234176
0.0220983
0.0213119
0.0204032
0.0197171
0.0188803
0.018212
0.0176029
0.0170773
0.0163023
0.0155227
0.0148508
0.0143292
0.0139562
0.0132985
0.0127006
0.0122599
0.0117737
0.0113329
0.010935
0.0105999
0.0101208
0.00977338
0.00950926
0.00909329
0.00867731
0.00832797
0.00811741
0.00788438
0.00745842
0.00713376
0.0069551
0.00674988
0.0063698
0.00616635
0.00601606
0.00575222
0.00557495
0.00526053
0.00507956
0.00487043
0.00470577
0.00450747
0.00433337
0.00417377
0.00402926
0.00393571
0.00377676
0.00364704
0.00347529
0.00334833
0.00327533
0.00315458
0.00301289
0.00291287
0.00279651
0.00272405
0.00258642
0.00249389
0.00243421
0.00236445
0.00227965
0.00219795
0.00214506
0.00208289
0.00199844
0.00194222
0.00187593
0.00181197
0.00172121
0.00167866
0.00162456
0.00158235
0.00152836
0.00146873
0.00143522
0.00138663
0.00134279
0.00131216
0.00127734
0.00124794
0.00120172
0.00116194
0.00111777
0.00109351
0.00106827
0.00104796
0.0010166
0.000978343
0.000946161
0.000920246
0.000892176
0.000864234
0.000845705
0.000826908
0.000807001
0.000781549
0.000768544
0.000749173
0.000731456
0.000714929
0.000695337
0.000675307
0.000662105
0.000649123
0.000637703
0.00062403
0.000611905
0.00059888
0.000582824
0.000574465
0.000562805
0.000556294
0.000545495
0.000531605
0.000524607
0.000515327
0.000502631
0.000493475
0.000485612
0.000473201
0.000462914
0.000446693
0.000411119
0.00036781
0.000186262
0.000179255
0.000174096
0.000170574
0.00016162
0.000154811
0.000141225
0.000134221
0.000129342
0.000124276
0.000119226
0.000115203
0.000110793
0.000106385
0.000102442
9.82504e-05
9.43062e-05
9.09548e-05
8.68394e-05
8.39463e-05
8.20464e-05
7.79345e-05
7.39221e-05
7.05979e-05
6.86592e-05
6.66111e-05
6.34246e-05
6.14996e-05
5.91651e-05
5.70227e-05
5.42055e-05
5.21832e-05
5.09885e-05
4.96178e-05
4.77441e-05
4.5988e-05
4.4365e-05
4.27068e-05
4.1069e-05
3.90281e-05
3.74043e-05
3.5953e-05
3.44982e-05
3.29611e-05
3.21568e-05
3.08695e-05
2.91805e-05
2.80095e-05
2.73818e-05
2.66774e-05
2.54751e-05
2.48735e-05
2.36393e-05
2.25331e-05
2.2048e-05
2.11859e-05
2.05152e-05
1.97159e-05
1.94157e-05
1.85818e-05
1.76033e-05
1.69255e-05
1.63382e-05
1.57629e-05
1.51711e-05
1.45171e-05
1.41551e-05
1.35892e-05
1.27625e-05
1.23373e-05
1.18306e-05
1.15484e-05
1.10864e-05
1.07057e-05
1.04616e-05
1.01765e-05
9.69443e-06
9.32946e-06
9.00704e-06
8.77357e-06
8.40505e-06
8.07107e-06
7.77518e-06
7.57823e-06
7.28852e-06
6.91759e-06
6.65187e-06
6.47944e-06
6.21581e-06
6.07337e-06
5.80977e-06
5.60729e-06
5.43441e-06
5.21461e-06
5.00463e-06
4.83177e-06
4.5573e-06
4.41902e-06
4.32026e-06
4.13668e-06
3.9765e-06
3.85996e-06
3.71058e-06
3.62285e-06
3.48458e-06
3.3531e-06
3.23314e-06
3.06629e-06
2.92011e-06
2.87874e-06
2.83104e-06
2.77335e-06
2.67725e-06
2.53899e-06
2.44862e-06
2.38744e-06
2.31237e-06
2.23699e-06
2.13887e-06
2.05709e-06
1.9699e-06
1.92792e-06
1.86348e-06
1.78971e-06
1.70856e-06
1.66089e-06
1.61951e-06
1.58482e-06
1.53238e-06
1.49775e-06
1.45518e-06
1.40133e-06
1.36631e-06
1.302e-06
1.24487e-06
1.1768e-06
1.12645e-06
1.03566e-06
9.63151e-07
9.4756e-07
9.16587e-07
8.90296e-07
8.64749e-07
8.35995e-07
8.16199e-07
7.78741e-07
7.50251e-07
7.25173e-07
7.03413e-07
6.86365e-07
6.36272e-07
6.13511e-07
5.83038e-07
5.71481e-07
5.36391e-07
5.26375e-07
5.09098e-07
4.98872e-07
4.80399e-07
4.61104e-07
4.39089e-07
4.19713e-07
4.13661e-07
3.94501e-07
3.85478e-07
3.7109e-07
3.62612e-07
3.56301e-07
3.37602e-07
3.28878e-07
3.1711e-07
3.11631e-07
3.01487e-07
2.89309e-07
2.76379e-07
2.68745e-07
2.58863e-07
2.49911e-07
2.38941e-07
2.34038e-07
2.25033e-07
2.11972e-07
2.05525e-07
2.02782e-07
1.9636e-07
1.91708e-07
1.82434e-07
1.78215e-07
1.72864e-07
1.71042e-07
1.65301e-07
1.60902e-07
1.53522e-07
1.48106e-07
1.4601e-07
1.37008e-07
1.33199e-07
1.2911e-07
1.25923e-07
1.23622e-07
1.18912e-07
1.16508e-07
1.10832e-07
1.05928e-07
1.03812e-07
9.92333e-08
9.49057e-08
9.37103e-08
9.19022e-08
8.70083e-08
8.35807e-08
8.00175e-08
7.89225e-08
7.74864e-08
7.61301e-08
7.42513e-08
7.25292e-08
7.01894e-08
6.66221e-08
6.51618e-08
6.28863e-08
6.12913e-08
6.02243e-08
5.88326e-08
5.61214e-08
5.51445e-08
5.39025e-08
5.25982e-08
5.01762e-08
4.79222e-08
4.66807e-08
4.47692e-08
4.42176e-08
4.24874e-08
4.20156e-08
4.1066e-08
3.89466e-08
3.80163e-08
3.64503e-08
3.53183e-08
3.45684e-08
3.3488e-08
3.24158e-08
3.13338e-08
3.02254e-08
2.78454e-08
2.71437e-08
2.59263e-08
2.5032e-08
2.41617e-08
2.28591e-08
2.18478e-08
2.08382e-08
2.05397e-08
2.04126e-08
2.00368e-08
1.94777e-08
1.92943e-08
1.89484e-08
1.84495e-08
1.83358e-08
1.79366e-08
1.73091e-08
1.68438e-08
1.63388e-08
1.55274e-08
1.53292e-08
1.4363e-08
1.40916e-08
1.38565e-08
1.34988e-08
1.332e-08
1.25813e-08
1.21073e-08
1.198e-08
1.16803e-08
1.13089e-08
1.08449e-08
1.01981e-08
1.00341e-08
9.64948e-09
9.36371e-09
9.22555e-09
8.6655e-09
8.51989e-09
8.45602e-09
8.33777e-09
8.1229e-09
7.75335e-09
7.65395e-09
7.3023e-09
7.24517e-09
7.15661e-09
6.75097e-09
6.3912e-09
6.06328e-09
5.94184e-09
5.88622e-09
5.82513e-09
5.60061e-09
5.54422e-09
5.37018e-09
5.15213e-09
4.98181e-09
4.88554e-09
4.79092e-09
4.59395e-09
4.52098e-09
4.40949e-09
4.29329e-09
4.2231e-09
4.11807e-09
4.01911e-09
3.95702e-09
3.90104e-09
3.70767e-09
3.50113e-09
3.40609e-09
3.37024e-09
3.27687e-09
3.21166e-09
3.14042e-09
3.0852e-09
3.01619e-09
2.92547e-09
2.8574e-09
2.72622e-09
2.59936e-09
2.57551e-09
2.54071e-09
2.50148e-09
2.45321e-09
2.43587e-09
2.42709e-09
2.34157e-09
2.28955e-09
2.27824e-09
2.18465e-09
2.13673e-09
2.10329e-09
2.00416e-09
1.87503e-09
1.85195e-09
1.82415e-09
1.78608e-09
1.77088e-09
1.68e-09
1.66351e-09
1.64619e-09
1.59931e-09
1.58673e-09
1.56763e-09
1.4644e-09
1.40945e-09
1.40326e-09
1.38886e-09
1.33224e-09
1.32136e-09
1.23625e-09
1.18501e-09
1.17419e-09
1.16824e-09
1.13408e-09
1.10733e-09
1.05471e-09
1.04499e-09
1.03421e-09
9.63757e-10
9.50927e-10
9.42102e-10
9.3112e-10
9.03754e-10
8.86814e-10
8.70268e-10
8.62495e-10
8.39672e-10
8.25846e-10
8.04984e-10
7.61109e-10
7.55985e-10
7.20346e-10
7.16159e-10
6.68022e-10
6.66138e-10
6.5761e-10
6.20993e-10
6.12113e-10
6.02015e-10
5.96968e-10
5.54038e-10
5.48497e-10
5.27318e-10
5.13925e-10
5.02489e-10
5.00142e-10
4.81467e-10
4.74777e-10
4.62143e-10
4.50366e-10
4.48482e-10
4.40728e-10
4.32083e-10
4.20566e-10
4.06361e-10
4.05394e-10
3.95731e-10
3.83105e-10
3.82112e-10
3.55248e-10
3.52284e-10
3.51738e-10
3.50859e-10
3.44391e-10
3.32004e-10
3.24781e-10
3.17922e-10
3.12935e-10
3.0981e-10
3.0907e-10
2.9955e-10
2.90328e-10
2.83375e-10
2.81408e-10
2.68486e-10
2.67195e-10
2.56302e-10
2.36278e-10
2.34412e-10
2.33591e-10
2.30925e-10
2.25221e-10
2.17791e-10
2.15474e-10
2.1368e-10
2.08433e-10
2.05117e-10
2.03482e-10
1.92103e-10
1.86933e-10
1.78945e-10
1.77469e-10
1.76233e-10
1.75038e-10
1.73949e-10
1.73642e-10
1.73281e-10
1.58108e-10
1.54919e-10
1.53824e-10
1.52003e-10
1.50896e-10
1.48544e-10
1.36979e-10
1.36419e-10
1.36204e-10
1.36083e-10
1.34827e-10
1.33728e-10
1.33392e-10
1.31815e-10
1.31487e-10
1.30785e-10
1.27669e-10
1.18725e-10
1.14733e-10
1.07836e-10
1.07683e-10
1.00038e-10
9.72855e-11
8.69915e-11
8.66062e-11
8.49589e-11
8.39758e-11
8.38565e-11
7.82423e-11
7.81635e-11
7.78838e-11
7.78079e-11
7.69661e-11
7.65053e-11
7.6097e-11
7.48012e-11
7.46683e-11
7.32371e-11
7.28101e-11
7.24619e-11
7.2223e-11
7.00222e-11
6.90984e-11
6.89355e-11
6.84993e-11
6.67219e-11
6.63722e-11
6.60043e-11
6.53374e-11
6.4555e-11
6.44508e-11
6.32476e-11
6.30828e-11
6.27792e-11
6.24177e-11
5.93514e-11
5.89659e-11
5.88598e-11
5.34694e-11
5.14173e-11
5.13072e-11
5.12987e-11
5.02629e-11
5.0161e-11
4.78032e-11
4.6887e-11
4.473e-11
4.47069e-11
4.4643e-11
4.30778e-11
4.13576e-11
4.0948e-11
4.02892e-11
3.9964e-11
3.80984e-11
3.79379e-11
3.79185e-11
3.67136e-11
3.66249e-11
3.65807e-11
3.65307e-11
3.64224e-11
3.64028e-11
3.59854e-11
3.58913e-11
3.45699e-11
3.42052e-11
3.38573e-11
3.37611e-11
3.29613e-11
2.88061e-11
2.87692e-11
2.86512e-11
2.86078e-11
2.85699e-11
2.85372e-11
2.83264e-11
2.55952e-11
2.55714e-11
2.55347e-11
2.54737e-11
2.53026e-11
2.41745e-11
2.41552e-11
2.41388e-11
2.40006e-11
2.38915e-11
2.38841e-11
2.37829e-11
2.28149e-11
2.22142e-11
2.21925e-11
2.21811e-11
2.13752e-11
1.99679e-11
1.85931e-11
1.84366e-11
1.84279e-11
1.804e-11
1.79251e-11
1.77708e-11
1.7682e-11
1.76741e-11
1.76538e-11
1.74209e-11
1.74184e-11
1.67523e-11
1.66397e-11
1.59397e-11
1.57802e-11
1.50682e-11
1.49579e-11
1.49445e-11
1.44925e-11
1.44747e-11
1.44072e-11
1.43999e-11
1.38325e-11
1.35166e-11
1.31444e-11
1.23879e-11
1.22701e-11
1.15119e-11
1.10436e-11
1.06083e-11
1.04838e-11
1.02694e-11
1.01912e-11
9.93266e-12
9.8831e-12
9.87168e-12
9.86811e-12
9.8069e-12
9.79277e-12
9.78118e-12
9.2622e-12
8.87065e-12
8.86673e-12
8.69797e-12
8.49748e-12
8.49626e-12
8.47223e-12
8.43752e-12
8.43122e-12
8.2865e-12
7.98167e-12
7.94369e-12
7.88031e-12
7.84828e-12
7.74897e-12
7.31434e-12
7.31011e-12
7.28372e-12
7.2794e-12
7.16091e-12
7.14209e-12
7.13652e-12
6.95678e-12
6.70886e-12
6.70817e-12
6.64163e-12
6.62742e-12
6.18669e-12
6.18653e-12
6.18329e-12
6.1734e-12
5.52202e-12
5.50627e-12
5.50597e-12
5.48892e-12
5.48842e-12
5.44069e-12
5.43775e-12
5.39394e-12
5.39361e-12
5.3886e-12
5.38664e-12
5.01931e-12
4.98557e-12
4.95181e-12
4.56386e-12
4.56295e-12
4.34418e-12
4.26417e-12
4.21787e-12
4.21629e-12
3.89684e-12
3.85493e-12
3.84779e-12
3.81331e-12
3.67221e-12
3.67185e-12
3.64483e-12
3.48952e-12
3.47601e-12
3.44579e-12
3.44558e-12
3.16725e-12
3.16641e-12
3.10742e-12
3.10719e-12
3.09361e-12
3.079e-12
3.07865e-12
2.9769e-12
2.96794e-12
2.95098e-12
2.94997e-12
2.59972e-12
2.59614e-12
2.59576e-12
2.54204e-12
2.52784e-12
2.51671e-12
2.49861e-12
2.46091e-12
2.45947e-12
2.42579e-12
2.39889e-12
2.39856e-12
2.22046e-12
2.18861e-12
2.18827e-12
2.0905e-12
2.09035e-12
2.01695e-12
1.95537e-12
1.8853e-12
1.87176e-12
1.86345e-12
1.78698e-12
1.72177e-12
1.71049e-12
1.67316e-12
1.64886e-12
1.64868e-12
1.49888e-12
1.49875e-12
1.49848e-12
1.49778e-12
1.44217e-12
1.44116e-12
1.39527e-12
1.38894e-12
1.37828e-12
1.31002e-12
1.30962e-12
1.2943e-12
1.28479e-12
1.19972e-12
1.19963e-12
1.19756e-12
1.19227e-12
1.1494e-12
1.11507e-12
1.11488e-12
1.11409e-12
1.0635e-12
1.04343e-12
1.04339e-12
9.86528e-13
9.7975e-13
9.56284e-13
9.56196e-13
9.47363e-13
9.14927e-13
8.93935e-13
8.93845e-13
8.90217e-13
8.86602e-13
8.8641e-13
8.73256e-13
8.68679e-13
8.58239e-13
8.42583e-13
8.42268e-13
8.27715e-13
8.18093e-13
8.1171e-13
8.11344e-13
7.89034e-13
7.84857e-13
7.50076e-13
7.46768e-13
7.39513e-13
7.38206e-13
7.27764e-13
6.88197e-13
6.88159e-13
6.81081e-13
6.65549e-13
6.63853e-13
6.6378e-13
6.04348e-13
5.54364e-13
5.54359e-13
5.54169e-13
5.5368e-13
5.53436e-13
5.53405e-13
5.41038e-13
5.31741e-13
5.23212e-13
4.76328e-13
4.75685e-13
4.74635e-13
4.74494e-13
4.72126e-13
4.65288e-13
4.64922e-13
4.64515e-13
4.64472e-13
4.19117e-13
4.19114e-13
4.1807e-13
4.15168e-13
4.15127e-13
4.15113e-13
4.01495e-13
4.01479e-13
3.83752e-13
3.83691e-13
3.68501e-13
3.68486e-13
3.66803e-13
3.6638e-13
3.66377e-13
3.38714e-13
3.38681e-13
3.38397e-13
3.38269e-13
3.38263e-13
3.27515e-13
3.27226e-13
3.25424e-13
3.07524e-13
3.06139e-13
3.06064e-13
2.97314e-13
2.91688e-13
2.89412e-13
2.79547e-13
2.77258e-13
2.70713e-13
2.6857e-13
2.59339e-13
2.53321e-13
2.52441e-13
2.5107e-13
2.3849e-13
2.36789e-13
2.33161e-13
2.29567e-13
2.29552e-13
2.29225e-13
2.29223e-13
2.27081e-13
2.19797e-13
2.16555e-13
2.09326e-13
2.09321e-13
2.03189e-13
1.98119e-13
1.98082e-13
1.95447e-13
1.73729e-13
1.73108e-13
1.71259e-13
1.71247e-13
1.71242e-13
1.70312e-13
1.67719e-13
1.67642e-13
1.67224e-13
1.6651e-13
1.60147e-13
1.60142e-13
1.56814e-13
1.56466e-13
1.51661e-13
1.51325e-13
1.5065e-13
1.49063e-13
1.41798e-13
1.4098e-13
1.4063e-13
1.40614e-13
1.38815e-13
1.33131e-13
1.33086e-13
1.3177e-13
1.2882e-13
1.17043e-13
1.14886e-13
1.13681e-13
1.13424e-13
1.10945e-13
1.10944e-13
1.10936e-13
1.09445e-13
1.07666e-13
9.84475e-14
9.84353e-14
9.79698e-14
9.60961e-14
9.41821e-14
9.41816e-14
9.41762e-14
9.15807e-14
9.15805e-14
8.51399e-14
8.51211e-14
8.46682e-14
8.38314e-14
8.35351e-14
8.32112e-14
8.31507e-14
7.91338e-14
7.7997e-14
7.44286e-14
7.28433e-14
7.27353e-14
6.7499e-14
6.72609e-14
6.72607e-14
6.4054e-14
6.288e-14
6.09661e-14
6.09604e-14
6.09575e-14
5.69851e-14
5.66866e-14
5.66846e-14
5.66836e-14
5.6637e-14
5.40382e-14
5.39813e-14
5.35283e-14
5.3528e-14
5.30804e-14
5.20092e-14
4.69424e-14
4.68613e-14
4.55095e-14
4.3809e-14
4.30912e-14
4.29922e-14
4.29918e-14
4.2869e-14
4.2773e-14
4.27728e-14
4.20859e-14
4.17462e-14
4.06761e-14
4.06643e-14
4.06551e-14
4.0644e-14
3.8295e-14
3.7733e-14
3.7729e-14
3.62831e-14
3.62782e-14
3.57118e-14
3.47895e-14
3.43321e-14
3.19535e-14
3.16654e-14
3.16564e-14
3.1607e-14
2.90968e-14
2.90938e-14
2.90914e-14
2.90902e-14
2.87318e-14
2.87309e-14
2.87288e-14
2.87286e-14
2.86504e-14
2.83405e-14
2.77803e-14
2.77308e-14
2.62131e-14
2.6213e-14
2.61996e-14
2.5899e-14
2.51536e-14
2.49465e-14
2.49386e-14
2.48336e-14
2.36087e-14
2.27451e-14
2.09281e-14
2.09272e-14
2.09272e-14
1.92906e-14
1.92861e-14
1.91698e-14
1.91696e-14
1.87368e-14
1.87367e-14
1.84026e-14
1.84025e-14
1.83188e-14
1.82996e-14
1.7585e-14
1.75629e-14
1.75302e-14
1.748e-14
1.65547e-14
1.65467e-14
1.65457e-14
1.48331e-14
1.44723e-14
1.43733e-14
1.43299e-14
1.43292e-14
1.42119e-14
1.4205e-14
1.41909e-14
1.4168e-14
1.41647e-14
1.41582e-14
1.39033e-14
1.39031e-14
1.38294e-14
1.27623e-14
1.24382e-14
1.22882e-14
1.20058e-14
1.17976e-14
1.14949e-14
1.13795e-14
1.13795e-14
1.12959e-14
1.12955e-14
1.06419e-14
1.06419e-14
1.06412e-14
1.03937e-14
1.0371e-14
1.02721e-14
9.69216e-15
9.65106e-15
9.65087e-15
9.37806e-15
9.37766e-15
9.37705e-15
9.27535e-15
8.43991e-15
8.41699e-15
8.41678e-15
8.27638e-15
8.26268e-15
8.14346e-15
8.14296e-15
7.93786e-15
7.56581e-15
7.31802e-15
7.31796e-15
7.25297e-15
7.1125e-15
7.10296e-15
6.92709e-15
6.91901e-15
6.67636e-15
6.28479e-15
6.13701e-15
6.06711e-15
6.05824e-15
6.05617e-15
5.94685e-15
5.93704e-15
5.54966e-15
5.53898e-15
5.53115e-15
5.51227e-15
5.40867e-15
5.39556e-15
5.09382e-15
5.09376e-15
4.9012e-15
4.87114e-15
4.68076e-15
4.68062e-15
4.67997e-15
4.54819e-15
4.53101e-15
4.52718e-15
4.52695e-15
4.51447e-15
4.2152e-15
4.21269e-15
4.20069e-15
3.87431e-15
3.87326e-15
3.86315e-15
3.85816e-15
3.6537e-15
3.6514e-15
3.3959e-15
3.39447e-15
3.39442e-15
3.39434e-15
3.25429e-15
3.17263e-15
3.14287e-15
3.14276e-15
3.13463e-15
3.10597e-15
3.03017e-15
3.02952e-15
2.86527e-15
2.86498e-15
2.81245e-15
2.78596e-15
2.7858e-15
2.77597e-15
2.77268e-15
2.74751e-15
2.57902e-15
2.42852e-15
2.33416e-15
2.19939e-15
2.19938e-15
2.15575e-15
2.1557e-15
2.15251e-15
2.14758e-15
2.03397e-15
1.99578e-15
1.99546e-15
1.96898e-15
1.96897e-15
1.96892e-15
1.9689e-15
1.96121e-15
1.8597e-15
1.8597e-15
1.8597e-15
1.85001e-15
1.80098e-15
1.77067e-15
1.74294e-15
1.73717e-15
1.67189e-15
1.58718e-15
1.55593e-15
1.54612e-15
1.5353e-15
1.53465e-15
1.46899e-15
1.44721e-15
1.44464e-15
1.44454e-15
1.43558e-15
1.3665e-15
1.29645e-15
1.2961e-15
1.28995e-15
1.28096e-15
1.27169e-15
1.26152e-15
1.2615e-15
1.25433e-15
1.25298e-15
1.19043e-15
1.17943e-15
1.16775e-15
1.16764e-15
1.13712e-15
1.12418e-15
1.09281e-15
1.06279e-15
1.0416e-15
1.03752e-15
1.02839e-15
9.9253e-16
9.88097e-16
9.85633e-16
9.56616e-16
9.38905e-16
9.38897e-16
9.38884e-16
9.07117e-16
8.92326e-16
8.07539e-16
7.74728e-16
7.69253e-16
7.69234e-16
7.69104e-16
7.40021e-16
7.31876e-16
6.97738e-16
6.96702e-16
6.93883e-16
6.93319e-16
6.93315e-16
6.92413e-16
6.88961e-16
6.73946e-16
6.73928e-16
6.66811e-16
6.28187e-16
6.28186e-16
6.28184e-16
6.28174e-16
6.05799e-16
5.93722e-16
5.83675e-16
5.81467e-16
5.56415e-16
5.13364e-16
4.95922e-16
4.95919e-16
4.95476e-16
4.94032e-16
4.93829e-16
4.80685e-16
4.7628e-16
4.76229e-16
4.64768e-16
4.64153e-16
4.38861e-16
4.3883e-16
4.38389e-16
4.33488e-16
4.25063e-16
4.16549e-16
3.98989e-16
3.92982e-16
3.72467e-16
3.72311e-16
3.71807e-16
3.71804e-16
3.55078e-16
3.44742e-16
3.39185e-16
3.25532e-16
3.2553e-16
3.22697e-16
3.216e-16
3.21592e-16
3.132e-16
3.02102e-16
3.02046e-16
3.0204e-16
2.9895e-16
2.87944e-16
2.81806e-16
2.79519e-16
2.53533e-16
2.53487e-16
2.52609e-16
2.52602e-16
2.52549e-16
2.43364e-16
2.37678e-16
2.2717e-16
2.2696e-16
2.26957e-16
2.26956e-16
2.21588e-16
2.21579e-16
2.18634e-16
2.18345e-16
2.00671e-16
2.00664e-16
1.93853e-16
1.93441e-16
1.90012e-16
1.90005e-16
1.81436e-16
1.81408e-16
1.81401e-16
1.81124e-16
1.78834e-16
1.78833e-16
1.77888e-16
1.7706e-16
1.70393e-16
1.70071e-16
1.7007e-16
1.7007e-16
1.59985e-16
1.59948e-16
1.59863e-16
1.52117e-16
1.47953e-16
1.4399e-16
1.37559e-16
1.37555e-16
1.36884e-16
1.31341e-16
1.25017e-16
1.20468e-16
1.20335e-16
1.17902e-16
1.17846e-16
1.17845e-16
1.17572e-16
1.15258e-16
1.15249e-16
1.14376e-16
1.10693e-16
1.10691e-16
1.10505e-16
1.08072e-16
1.03113e-16
1.03052e-16
1.02843e-16
1.02337e-16
1.01938e-16
9.64386e-17
8.97729e-17
8.8724e-17
7.6132e-17
7.61316e-17
7.61313e-17
7.59841e-17
7.59223e-17
7.5922e-17
7.52952e-17
7.46907e-17
7.32205e-17
7.32195e-17
7.31462e-17
7.31387e-17
7.30104e-17
7.27193e-17
7.15278e-17
7.11337e-17
6.755e-17
6.72103e-17
6.63105e-17
6.60282e-17
6.21808e-17
5.96082e-17
5.57496e-17
5.4414e-17
5.43905e-17
5.43878e-17
5.43811e-17
5.41768e-17
5.41189e-17
5.31363e-17
5.30448e-17
5.0751e-17
5.07464e-17
4.4127e-17
4.28906e-17
4.28896e-17
4.2889e-17
4.28594e-17
4.23666e-17
4.18923e-17
4.15293e-17
4.15271e-17
3.93196e-17
3.82914e-17
3.82913e-17
3.56371e-17
3.56366e-17
3.55911e-17
3.55908e-17
3.55904e-17
3.54361e-17
3.51695e-17
3.51693e-17
3.43091e-17
3.43082e-17
3.37463e-17
3.27586e-17
3.27215e-17
3.27213e-17
3.24729e-17
3.23381e-17
3.2338e-17
3.21855e-17
3.19056e-17
3.12136e-17
3.11015e-17
3.10295e-17
3.10078e-17
3.10078e-17
3.10077e-17
3.05661e-17
2.94837e-17
2.93586e-17
2.93567e-17
2.81882e-17
2.80256e-17
2.75347e-17
2.44537e-17
2.38365e-17
2.38339e-17
2.37018e-17
2.33667e-17
2.28656e-17
2.2158e-17
2.21567e-17
2.21566e-17
2.21556e-17
2.11717e-17
2.11657e-17
2.09795e-17
2.09794e-17
2.08198e-17
2.04919e-17
1.88714e-17
1.86211e-17
1.85855e-17
1.84467e-17
1.72663e-17
1.7266e-17
1.72643e-17
1.72641e-17
1.72631e-17
1.67301e-17
1.66542e-17
1.65249e-17
1.58314e-17
1.57244e-17
1.54338e-17
1.47316e-17
1.47295e-17
1.47292e-17
1.47291e-17
1.4619e-17
1.43356e-17
1.37387e-17
1.35774e-17
1.34587e-17
1.34505e-17
1.34502e-17
1.31975e-17
1.24031e-17
1.23963e-17
1.23961e-17
1.22522e-17
1.19751e-17
1.19083e-17
1.14946e-17
1.11688e-17
1.10302e-17
1.08334e-17
1.03326e-17
1.03312e-17
1.02579e-17
1.02578e-17
1.00726e-17
1.00315e-17
9.94219e-18
9.94218e-18
9.67079e-18
9.40986e-18
9.09423e-18
9.02866e-18
8.98669e-18
8.98501e-18
8.96769e-18
8.85202e-18
8.41725e-18
8.41474e-18
8.3306e-18
8.13409e-18
7.89943e-18
7.89393e-18
7.88239e-18
7.8817e-18
7.87416e-18
7.82819e-18
7.80648e-18
7.49282e-18
7.47909e-18
6.59393e-18
6.33062e-18
6.25182e-18
6.24572e-18
6.23158e-18
6.20176e-18
6.20175e-18
5.96444e-18
5.96398e-18
5.96301e-18
5.94268e-18
5.94264e-18
5.39829e-18
5.38314e-18
5.26486e-18
5.25344e-18
5.21897e-18
5.21882e-18
5.2184e-18
5.21207e-18
4.94701e-18
4.9365e-18
4.86338e-18
4.75399e-18
4.47669e-18
4.47664e-18
4.46612e-18
4.19886e-18
4.15179e-18
4.15144e-18
4.07675e-18
4.07632e-18
4.07527e-18
4.0385e-18
4.02538e-18
4.02178e-18
4.02176e-18
3.77706e-18
3.77703e-18
3.77701e-18
3.7741e-18
3.72874e-18
3.68886e-18
3.60782e-18
3.60774e-18
3.52233e-18
3.5223e-18
3.5222e-18
3.34099e-18
3.34017e-18
3.23062e-18
3.15882e-18
3.13468e-18
3.05361e-18
2.96307e-18
2.83546e-18
2.83293e-18
2.81624e-18
2.7827e-18
2.66263e-18
2.65601e-18
2.64723e-18
2.63874e-18
2.55913e-18
2.37792e-18
2.29685e-18
2.29118e-18
2.22965e-18
2.22964e-18
2.2296e-18
2.14245e-18
2.11737e-18
2.11737e-18
2.09085e-18
2.09084e-18
2.05626e-18
2.02905e-18
2.01104e-18
2.00814e-18
1.88593e-18
1.87708e-18
1.87706e-18
1.84514e-18
1.80997e-18
1.76665e-18
1.76561e-18
1.74992e-18
1.69647e-18
1.68335e-18
1.46213e-18
1.4337e-18
1.4337e-18
1.43368e-18
1.43368e-18
1.43368e-18
1.43363e-18
1.41237e-18
1.39066e-18
1.38903e-18
1.31244e-18
1.31066e-18
1.31065e-18
1.30124e-18
1.30123e-18
1.27571e-18
1.25964e-18
1.2231e-18
1.22309e-18
1.20307e-18
1.20199e-18
1.05133e-18
1.05133e-18
1.02667e-18
9.90232e-19
9.90215e-19
9.88148e-19
9.85488e-19
9.66948e-19
9.65856e-19
9.60061e-19
9.12273e-19
9.12266e-19
9.09764e-19
9.09738e-19
9.0973e-19
9.09661e-19
9.09658e-19
8.66989e-19
8.56535e-19
8.53126e-19
8.45569e-19
8.28291e-19
8.15676e-19
7.85392e-19
7.7515e-19
7.45822e-19
7.45787e-19
7.44875e-19
6.83827e-19
6.83822e-19
6.83747e-19
6.83711e-19
6.78173e-19
6.67475e-19
6.3606e-19
6.36042e-19
5.82702e-19
5.82698e-19
5.82164e-19
5.74793e-19
5.67259e-19
5.67256e-19
5.62458e-19
5.61736e-19
5.61432e-19
5.57018e-19
5.44718e-19
5.27946e-19
5.25049e-19
5.2228e-19
5.21975e-19
5.19422e-19
5.06357e-19
5.02964e-19
4.90411e-19
4.88585e-19
4.88572e-19
4.88485e-19
4.86666e-19
4.82955e-19
4.82953e-19
4.458e-19
4.45656e-19
4.33995e-19
4.25128e-19
4.08065e-19
4.01086e-19
3.99826e-19
3.99107e-19
3.95843e-19
3.92001e-19
3.84623e-19
3.84556e-19
3.52791e-19
3.52082e-19
3.37676e-19
3.37585e-19
3.36923e-19
3.36921e-19
3.36595e-19
3.35723e-19
3.35252e-19
3.1571e-19
3.10843e-19
2.92725e-19
2.87898e-19
2.87778e-19
2.55175e-19
2.55175e-19
2.5122e-19
2.51213e-19
2.51176e-19
2.51085e-19
2.42274e-19
2.19796e-19
2.19751e-19
2.19487e-19
2.18008e-19
2.17678e-19
2.17636e-19
2.17564e-19
2.17563e-19
2.17562e-19
2.10486e-19
2.10323e-19
2.0331e-19
2.01581e-19
1.8625e-19
1.86248e-19
1.85903e-19
1.80425e-19
1.80418e-19
1.77906e-19
1.75159e-19
1.74181e-19
1.71886e-19
