1.55108e+011
2.88176e+010
3.42558e+008
3.42558e+008
3.28001e+008
7.33358e+006
5.86959e+006
3.56201e+006
3.33181e+006
2.68836e+006
2.60066e+006
1.30744e+006
903110
187334
171053
58930
58929.5
55233.4
55009.8
54820.1
54571.6
54565.6
54548.6
54543.6
54543.6
44956.1
44948.2
44932
34839.8
15810.2
1755.45
1754.39
1627.09
1625.7
1203.16
429.688
365.288
365.288
172.044
171.948
136.244
135.791
134.761
94.8057
76.9482
75.9079
73.6396
73.1965
72.1855
71.8603
71.8603
69.5543
69.1373
66.0076
65.9347
65.4227
64.1076
63.5722
63.5722
63.2796
62.8136
62.8015
61.0785
60.3527
60.3527
59.8613
59.5938
59.0358
58.3061
58.2385
58.2099
58.1591
57.1422
54.9437
53.9263
53.6979
53.5078
53.036
52.1912
51.7605
50.6758
49.3086
48.3468
48.3468
47.5556
47.1256
46.8563
46.8563
46.4621
46.325
45.3372
44.9884
44.8628
43.9873
43.821
42.8027
41.6857
40.1532
40.0159
38.6985
38.3294
37.7263
37.5262
36.3704
36.2625
36.0342
35.7829
35.7311
35.6856
35.4134
34.5778
33.7833
33.5389
32.9343
32.8013
32.412
31.6561
31.2253
29.9916
29.4676
29.065
28.9245
28.4651
28.4329
28.0029
27.6095
27.3709
27.1461
26.5316
26.2475
26.1581
25.8117
25.7044
24.9195
24.8029
24.7661
24.5847
23.796
23.7449
23.2686
22.8814
22.837
22.4764
22.0849
22.0496
21.8405
21.4432
20.7432
20.4469
20.2383
19.7941
19.5891
19.3726
19.2048
18.8403
18.354
18.1625
17.9956
17.8624
17.853
17.7707
17.7211
17.6194
17.374
17.2045
17.2045
16.8266
16.4388
16.1192
16.1093
16.034
15.8725
15.7378
15.3509
15.3035
15.0535
14.8749
14.7038
14.3073
14.2378
13.5379
13.4793
13.0653
12.9493
12.6928
12.6521
12.5204
12.4418
12.3189
12.0406
11.8886
11.6884
11.5964
11.5507
11.4849
11.4104
11.1553
11.0924
11.0558
10.9313
10.6743
10.2133
10.2056
10.1723
10.1075
10.0066
9.77847
9.76556
9.76556
9.73179
9.72551
9.6267
9.5277
9.30528
9.30528
9.19902
9.07389
8.98291
8.98291
8.96074
8.66801
8.65361
8.53242
8.47905
8.44476
8.29412
8.254
8.03684
8.00413
7.99047
7.96572
7.82819
7.80821
7.71333
7.59978
7.36939
7.31988
7.23036
7.12248
7.09831
7.0523
7.02599
6.91157
6.75289
6.747
6.50786
6.36734
6.21022
6.16807
6.06123
6.01754
5.97643
5.88448
5.81559
5.74239
5.71987
5.62399
5.60092
5.58435
5.51262
5.36661
5.04887
5.00711
5.00237
4.97485
4.81217
4.77029
4.72436
4.68836
4.58689
4.53474
4.53339
4.49742
4.40624
4.36619
4.26112
4.25588
4.21807
4.08072
4.02544
3.98747
3.95096
3.92291
3.91676
3.82339
3.74167
3.66974
3.61698
3.55414
3.47306
3.39504
3.3638
3.33954
3.31763
3.22929
3.17704
3.1335
3.13238
3.05982
2.97186
2.95497
2.87667
2.84111
2.81081
2.78559
2.78534
2.78346
2.77071
2.73363
2.57477
2.53636
2.51937
2.50076
2.49346
2.49346
2.47276
2.44196
2.42996
2.41275
2.39248
2.37657
2.34926
2.27255
2.24469
2.24469
2.23667
2.23234
2.22929
2.21874
2.15559
2.14311
2.10078
2.09025
2.05512
2.02064
2.00612
1.96961
1.94397
1.93578
1.92813
1.91938
1.88812
1.85606
1.81887
1.81685
1.79924
1.78869
1.72486
1.70394
1.67513
1.65643
1.65643
1.64369
1.62485
1.59969
1.5857
1.55869
1.46883
1.43174
1.41588
1.40368
1.39872
1.38563
1.37447
1.35482
1.35451
1.3392
1.33176
1.32538
1.32385
1.32037
1.3179
1.31018
1.2697
1.25
1.2401
1.191
1.18012
1.16888
1.16537
1.13874
1.11864
1.11469
1.10668
1.09987
1.09029
1.08931
1.08362
1.07733
1.07348
1.0495
1.0353
1.03343
1.02306
1.00376
0.991231
0.98171
0.96686
0.952755
0.94323
0.928925
0.927332
0.915788
0.902314
0.893547
0.873451
0.871633
0.867926
0.857413
0.856507
0.852897
0.851065
0.832614
0.820745
0.811732
0.811312
0.808423
0.804627
0.802555
0.796586
0.776125
0.775131
0.744096
0.734386
0.721117
0.715202
0.704411
0.679083
0.673345
0.667749
0.660367
0.650328
0.646789
0.635157
0.634616
0.630358
0.628082
0.617737
0.611393
0.604555
0.59822
0.591602
0.580549
0.57991
0.574342
0.561504
0.548285
0.546157
0.539774
0.536696
0.528552
0.525144
0.509576
0.502245
0.501573
0.496147
0.491045
0.485641
0.478657
0.473166
0.457492
0.454304
0.453449
0.452582
0.446925
0.444235
0.43584
0.435162
0.427611
0.419681
0.414452
0.406407
0.398149
0.398149
0.394833
0.394048
0.387168
0.374207
0.373543
0.355
0.351005
0.348567
0.348469
0.344031
0.342069
0.341137
0.337546
0.333012
0.331074
0.328656
0.325721
0.32231
0.321545
0.319775
0.315056
0.315056
0.311154
0.304939
0.301958
0.299183
0.298446
0.293253
0.292259
0.286733
0.282487
0.268235
0.265673
0.264664
0.262695
0.256901
0.250178
0.249865
0.249411
0.244482
0.242544
0.241642
0.232168
0.231401
0.227263
0.226954
0.225197
0.223639
0.223096
0.217752
0.215098
0.20992
0.209691
0.204917
0.203143
0.201864
0.196859
0.194305
0.192325
0.191621
0.191558
0.188461
0.186729
0.185997
0.179536
0.178767
0.176477
0.170423
0.167105
0.16203
0.161879
0.159216
0.158086
0.15774
0.15774
0.153893
0.153349
0.151195
0.149571
0.149063
0.148154
0.147919
0.146887
0.145716
0.144245
0.142028
0.140302
0.140131
0.136604
0.134583
0.133874
0.131579
0.129697
0.12874
0.12845
0.126742
0.125541
0.125032
0.122707
0.12136
0.118297
0.117898
0.117566
0.116759
0.115858
0.113274
0.113213
0.111701
0.11126
0.110841
0.110736
0.107746
0.106803
0.105335
0.104111
0.101373
0.100928
0.0982782
0.0980309
0.095614
0.095614
0.0948219
0.0946298
0.0940599
0.0929214
0.092131
0.0919963
0.0919963
0.0908417
0.0893094
0.0890848
0.0884841
0.0877685
0.0859153
0.0841916
0.0837689
0.0837689
0.0824913
0.0784773
0.0767205
0.0750407
0.0750407
0.0748513
0.0746786
0.0717394
0.0716324
0.0712908
0.0712165
0.0710874
0.0704698
0.0694376
0.0670971
0.0655111
0.0654692
0.0653559
0.064551
0.0644252
0.0644158
0.0641958
0.0640608
0.0636345
0.0636095
0.0622725
0.0622192
0.0622037
0.0612354
0.059928
0.0570632
0.0563726
0.0550895
0.0532282
0.052846
0.0523478
0.0513647
0.0506451
0.0505245
0.0505016
0.0501552
0.0497805
0.0495272
0.0479262
0.0476378
0.0473474
0.0471142
0.0466851
0.0454723
0.0432187
0.0418778
0.0410786
0.0407617
0.0401422
0.0400376
0.039976
0.0394299
0.0392461
0.0392461
0.037647
0.0376265
0.037592
0.0367963
0.0366178
0.0363097
0.0354959
0.0352032
0.0347128
0.0345263
0.034189
0.0338089
0.0333769
0.0333769
0.0326493
0.0325452
0.0325095
0.0325095
0.0319662
0.0319662
0.0310531
0.0307406
0.0298512
0.0291912
0.0291055
0.0290962
0.0290962
0.0290198
0.0290139
0.028692
0.0283335
0.0281376
0.0279035
0.0271446
0.0270691
0.0269859
0.0269859
0.0269319
0.0258434
0.0257028
0.0255914
0.0251522
0.0242896
0.0242896
0.024257
0.0241882
0.0237243
0.0234684
0.0234542
0.0230289
0.0225687
0.0222364
0.0221616
0.0220766
0.0220575
0.021824
0.0217268
0.0214198
0.0213282
0.0211905
0.0202255
0.0201154
0.0196991
0.0190773
0.0188794
0.0185462
0.0181396
0.0181396
0.0180252
0.0176774
0.0172226
0.0170888
0.0167362
0.0161198
0.0160997
0.0159531
0.0158801
0.0158748
0.0157665
0.0156452
0.0154497
0.0153952
0.0149595
0.0148012
0.014562
0.0145341
0.0145341
0.0144338
0.0142594
0.0142253
0.014206
0.0141126
0.014014
0.0137182
0.0135886
0.0130746
0.0129724
0.0127623
0.0125668
0.0122527
0.0122246
0.0122106
0.0121841
0.0120094
0.0118287
0.0116503
0.0115675
0.0115514
0.0114778
0.0114749
0.0111823
0.0110127
0.0109585
0.0108758
0.0107806
0.0107373
0.010695
0.0105157
0.0104792
0.00996607
0.00995975
0.00995975
0.00975918
0.00941523
0.00912276
0.00910982
0.00910405
0.00892421
0.00886032
0.00883794
0.00863926
0.00862617
0.00847854
0.00821895
0.00807158
0.00802547
0.00797561
0.00789073
0.00787688
0.00785541
0.00775156
0.00774249
0.00774249
0.00771271
0.00754929
0.0075484
0.00742084
0.00725337
0.00721973
0.00715132
0.00713763
0.00692766
0.0069113
0.0068885
0.0066899
0.0066867
0.0066867
0.00659337
0.00642531
0.0063443
0.00626643
0.00609206
0.00601386
0.00598896
0.00588229
0.00588229
0.00587154
0.00582538
0.00577781
0.00576085
0.00560628
0.00553824
0.00552377
0.00551248
0.00543739
0.00543541
0.0052876
0.00524552
0.00517949
0.00512787
0.00511257
0.00502965
0.00498727
0.00493868
0.00488466
0.00487671
0.00478507
0.00478507
0.0047521
0.00453687
0.00439861
0.00434256
0.00430537
0.00429221
0.00416074
0.00413729
0.00407059
0.00400539
0.00397506
0.00387016
0.0038484
0.0038438
0.00382727
0.0037481
0.00373963
0.00373723
0.00369271
0.00358594
0.00355711
0.0035438
0.00353934
0.0035391
0.0035044
0.00345786
0.00341822
0.00335857
0.00332383
0.00329557
0.0032853
0.0032653
0.0032012
0.00320003
0.00315359
0.00311926
0.00308692
0.00302598
0.00301834
0.00300337
0.00299229
0.00296304
0.00290318
0.00283546
0.00280847
0.00279146
0.00275841
0.00272098
0.00268645
0.00267442
0.00265238
0.00265118
0.00264686
0.0026234
0.00258439
0.00258439
0.00255183
0.00253957
0.00253492
0.00242228
0.00238884
0.00237707
0.00236188
0.00232511
0.0022678
0.0022175
0.00221729
0.0021747
0.00216675
0.00214897
0.00210331
0.00207307
0.00206889
0.00206887
0.00197136
0.00196588
0.00193645
0.00193329
0.00193275
0.00190787
0.00186886
0.00185888
0.00182777
0.0018094
0.00179523
0.00178323
0.00176244
0.00170367
0.00166849
0.00164763
0.00156972
0.00156744
0.00156104
0.00154553
0.00153983
0.00153848
0.0014978
0.00146363
0.00145845
0.00145566
0.00145434
0.00142638
0.00142354
0.00142322
0.00141612
0.00139569
0.00139128
0.00138155
0.00137532
0.00136458
0.00135502
0.00132216
0.00129584
0.00128038
0.00125911
0.00122876
0.00122141
0.00121988
0.00121105
0.00116491
0.0011595
0.0011391
0.00112505
0.00112273
0.00105492
0.00104844
0.00103902
0.00103152
0.00102747
0.00102747
0.00102747
0.0010233
0.00101752
0.00100714
0.00100365
0.000999185
0.00099077
0.00098383
0.000956165
0.000942149
0.000932762
0.000932762
0.000930884
0.000930254
0.00092325
0.000904742
0.00090362
0.00090362
0.000889171
0.00087719
0.000874312
0.000872904
0.000870504
0.00086934
0.000838879
0.000827881
0.000821021
0.0008089
0.000805296
0.00080394
0.000795603
0.000782114
0.000781264
0.00077712
0.000758513
0.000749091
0.000733017
0.000725498
0.000719473
0.000705881
0.000692709
0.000672768
0.000669982
0.000658526
0.00064119
0.000635719
0.000633285
0.000616447
0.000608793
0.000575551
0.000575053
0.000565392
0.000564437
0.000561882
0.000556602
0.000556602
0.000551731
0.000549806
0.000538578
0.000538017
0.000532428
0.000530189
0.000525975
0.000516906
0.000515934
0.000512831
0.000505341
0.00049962
0.000494102
0.000486576
0.000485399
0.000481743
0.000481441
0.000474734
0.000474133
0.00047201
0.000468029
0.000467732
0.000458614
0.000446672
0.000444127
0.000439131
0.000436335
0.000432784
0.000427043
0.000423983
0.000421805
0.000419002
0.000415414
0.000409084
0.000403794
0.000384739
0.000375762
0.000375762
0.000375532
0.000369477
0.00036877
0.000367244
0.000365192
0.000363765
0.000361794
0.000355477
0.000354605
0.000344144
0.000342213
0.000332169
0.000325053
0.0003246
0.000321553
0.000321174
0.000321174
0.000320657
0.000319195
0.000309775
0.000308923
0.000306658
0.000296162
0.00029302
0.000279727
0.00027253
0.00026885
0.000267176
0.000266736
0.000261831
0.000258076
0.000250492
0.000246996
0.000246762
0.000242874
0.000242598
0.00024063
0.000238126
0.00023607
0.00023444
0.000230859
0.000227149
0.000224478
0.000222062
0.000222007
0.000217153
0.000215608
0.000213773
0.000211517
0.000210879
0.000210314
0.000206286
0.000204041
0.000199389
0.00019799
0.000195776
0.000195231
0.000194913
0.000193617
0.000192076
0.000192064
0.000188981
0.00018741
0.000184425
0.00018074
0.000179827
0.000178984
0.000173502
0.000171654
0.000170483
0.000169584
0.000167721
0.000167582
0.000167133
0.000161495
0.000160406
0.00015911
0.00015385
0.000152766
0.000150811
0.000150472
0.000149025
0.000147587
0.000147552
0.000145665
0.000144375
0.000143353
0.000141465
0.0001387
0.000137411
0.000136391
0.000134365
0.000133814
0.000130984
0.000130671
0.000124434
0.000122075
0.000121754
0.000121566
0.000121532
0.000120744
0.000119228
0.00011871
0.000117567
0.000117044
0.000113675
0.000113024
0.000112289
0.000112184
0.000111647
0.000111097
0.000108979
0.000105158
0.000103015
0.000102795
0.000100363
9.99138e-005
9.91131e-005
9.91069e-005
9.88367e-005
9.82907e-005
9.76566e-005
9.73845e-005
9.54445e-005
9.27483e-005
9.19981e-005
9.17761e-005
8.99302e-005
8.93356e-005
8.60188e-005
8.5079e-005
8.3981e-005
8.37837e-005
8.20306e-005
8.12521e-005
7.92104e-005
7.76527e-005
7.70859e-005
7.64816e-005
7.4979e-005
7.4491e-005
7.38777e-005
7.33108e-005
7.17003e-005
7.13344e-005
7.07741e-005
6.9879e-005
6.86969e-005
6.79868e-005
6.78581e-005
6.70618e-005
6.68181e-005
6.6608e-005
6.53103e-005
6.44123e-005
6.40671e-005
6.31872e-005
6.29067e-005
6.24619e-005
6.24304e-005
6.14296e-005
6.14217e-005
6.13872e-005
6.03388e-005
5.8381e-005
5.82003e-005
5.76387e-005
5.72299e-005
5.69701e-005
5.62944e-005
5.58418e-005
5.54596e-005
5.44051e-005
5.40338e-005
5.16362e-005
5.09496e-005
5.06147e-005
5.03806e-005
4.99732e-005
4.96809e-005
4.83669e-005
4.59766e-005
4.52093e-005
4.46744e-005
4.44054e-005
4.42159e-005
4.3448e-005
4.33935e-005
4.3274e-005
4.30409e-005
4.26158e-005
4.25942e-005
4.16845e-005
4.03076e-005
3.93697e-005
3.92087e-005
3.91266e-005
3.87978e-005
3.8428e-005
3.77196e-005
3.74031e-005
3.72001e-005
3.63146e-005
3.62527e-005
3.59056e-005
3.56422e-005
3.5226e-005
3.46224e-005
3.42439e-005
3.38856e-005
3.36621e-005
3.35919e-005
3.32563e-005
3.25864e-005
3.23782e-005
3.22978e-005
3.17622e-005
3.13958e-005
3.11529e-005
3.08676e-005
3.03969e-005
2.97092e-005
2.94347e-005
2.9263e-005
2.90527e-005
2.88916e-005
2.8735e-005
2.8735e-005
2.87065e-005
2.76658e-005
2.75647e-005
2.67955e-005
2.67955e-005
2.67264e-005
2.65313e-005
2.63749e-005
2.61153e-005
2.46783e-005
2.46374e-005
2.40669e-005
2.36666e-005
2.34095e-005
2.28836e-005
2.25411e-005
2.23329e-005
2.16523e-005
2.16099e-005
2.14547e-005
2.11818e-005
2.1064e-005
2.10497e-005
2.09749e-005
2.09056e-005
2.07941e-005
2.02765e-005
2.01958e-005
1.98151e-005
1.96329e-005
1.94116e-005
1.92213e-005
1.91896e-005
1.88268e-005
1.86237e-005
1.83602e-005
1.78273e-005
1.76659e-005
1.75781e-005
1.75324e-005
1.71809e-005
1.71312e-005
1.6938e-005
1.6696e-005
1.63496e-005
1.62244e-005
1.60327e-005
1.60112e-005
1.59295e-005
1.54903e-005
1.53647e-005
1.52671e-005
1.51226e-005
1.50848e-005
1.44674e-005
1.42517e-005
1.4045e-005
1.39395e-005
1.33725e-005
1.33108e-005
1.32374e-005
1.31782e-005
1.31221e-005
1.30027e-005
1.285e-005
1.27913e-005
1.26994e-005
1.26724e-005
1.26071e-005
1.24851e-005
1.23759e-005
1.19486e-005
1.18729e-005
1.18013e-005
1.16535e-005
1.14565e-005
1.13788e-005
1.10793e-005
1.10344e-005
1.09511e-005
1.09463e-005
1.08498e-005
1.08378e-005
1.07158e-005
1.0693e-005
1.0418e-005
1.03181e-005
1.02781e-005
1.01656e-005
1.01231e-005
1.0046e-005
9.77804e-006
9.54093e-006
9.38893e-006
9.38893e-006
9.37798e-006
9.37798e-006
9.08466e-006
8.77026e-006
8.77015e-006
8.58451e-006
8.52143e-006
8.33422e-006
8.33383e-006
8.20943e-006
8.19616e-006
8.16869e-006
8.11984e-006
7.9805e-006
7.93357e-006
7.87496e-006
7.81826e-006
7.79507e-006
7.79507e-006
7.58418e-006
7.50495e-006
7.46619e-006
7.44658e-006
7.34238e-006
7.2465e-006
7.18035e-006
7.14617e-006
7.10819e-006
7.02185e-006
6.75231e-006
6.67112e-006
6.44822e-006
6.4169e-006
6.15713e-006
6.08632e-006
5.9703e-006
5.93842e-006
5.92062e-006
5.87728e-006
5.87728e-006
5.85169e-006
5.76939e-006
5.70166e-006
5.66007e-006
5.62977e-006
5.42594e-006
5.34386e-006
5.34386e-006
5.34386e-006
5.33064e-006
5.16417e-006
5.08416e-006
5.03666e-006
5.01596e-006
5.01596e-006
4.98103e-006
4.93345e-006
4.77993e-006
4.5752e-006
4.49685e-006
4.48811e-006
4.45698e-006
4.45432e-006
4.37012e-006
4.29547e-006
4.28442e-006
4.2389e-006
4.16604e-006
4.13532e-006
4.13388e-006
4.11033e-006
4.11033e-006
4.08623e-006
4.02879e-006
4.02363e-006
3.88183e-006
3.7475e-006
3.71977e-006
3.70565e-006
3.70107e-006
3.66712e-006
3.5407e-006
3.48049e-006
3.31682e-006
3.29301e-006
3.25907e-006
3.25808e-006
3.21225e-006
3.20433e-006
3.15484e-006
3.13586e-006
3.12042e-006
3.12042e-006
3.12042e-006
3.04071e-006
2.93646e-006
2.92509e-006
2.82467e-006
2.82467e-006
2.81173e-006
2.77433e-006
2.74083e-006
2.72277e-006
2.66127e-006
2.63955e-006
2.60847e-006
2.57239e-006
2.5676e-006
2.56618e-006
2.5092e-006
2.48341e-006
2.4688e-006
2.44588e-006
2.43277e-006
2.41918e-006
2.40748e-006
2.39098e-006
2.36202e-006
2.36157e-006
2.32376e-006
2.29613e-006
2.24802e-006
2.2333e-006
2.18047e-006
2.13137e-006
2.10229e-006
2.09794e-006
2.04603e-006
1.97006e-006
1.95725e-006
1.94829e-006
1.89637e-006
1.87006e-006
1.84885e-006
1.80512e-006
1.79368e-006
1.78697e-006
1.75255e-006
1.70423e-006
1.69577e-006
1.6759e-006
1.66236e-006
1.62919e-006
1.62698e-006
1.61688e-006
1.61688e-006
1.61391e-006
1.58665e-006
1.56685e-006
1.55687e-006
1.53356e-006
1.52385e-006
1.51124e-006
1.49602e-006
1.49184e-006
1.47779e-006
1.4337e-006
1.40867e-006
1.39082e-006
1.38865e-006
1.38865e-006
1.38206e-006
1.33971e-006
1.33028e-006
1.31973e-006
1.31558e-006
1.30772e-006
1.29805e-006
1.2939e-006
1.23864e-006
1.19796e-006
1.19482e-006
1.17478e-006
1.16675e-006
1.16301e-006
1.15443e-006
1.15093e-006
1.14799e-006
1.14324e-006
1.13223e-006
1.12499e-006
1.11416e-006
1.10275e-006
1.09584e-006
1.08782e-006
1.07365e-006
1.06201e-006
1.0478e-006
1.04413e-006
1.02876e-006
1.01062e-006
1.00213e-006
9.94197e-007
9.92111e-007
9.81353e-007
9.70913e-007
9.66548e-007
9.61977e-007
9.6006e-007
9.48407e-007
9.47146e-007
9.41579e-007
9.37853e-007
9.1694e-007
9.00463e-007
8.86251e-007
8.82957e-007
8.74034e-007
8.59125e-007
8.58678e-007
8.38813e-007
8.16974e-007
7.93632e-007
7.85435e-007
7.73497e-007
7.61775e-007
7.57109e-007
7.43147e-007
7.3641e-007
7.35656e-007
7.35651e-007
7.32483e-007
7.22772e-007
7.21041e-007
6.92833e-007
6.87509e-007
6.75756e-007
6.75756e-007
6.68517e-007
6.58324e-007
6.49372e-007
6.4066e-007
6.39095e-007
6.31027e-007
6.17919e-007
6.06215e-007
6.04688e-007
6.01832e-007
5.92937e-007
5.90154e-007
5.86595e-007
5.82804e-007
5.80413e-007
5.73876e-007
5.65873e-007
5.54089e-007
5.53685e-007
5.50449e-007
5.33215e-007
5.24627e-007
5.18413e-007
5.13402e-007
5.056e-007
4.95097e-007
4.95097e-007
4.89546e-007
4.81649e-007
4.75743e-007
4.75743e-007
4.73603e-007
4.71495e-007
4.67857e-007
4.58289e-007
4.56353e-007
4.56353e-007
4.51765e-007
4.47362e-007
4.31293e-007
4.20145e-007
4.16632e-007
4.12647e-007
4.11919e-007
4.10237e-007
4.00828e-007
3.99227e-007
3.96943e-007
3.84439e-007
3.82891e-007
3.8209e-007
3.81994e-007
3.75845e-007
3.72704e-007
3.58763e-007
3.54371e-007
3.53096e-007
3.52879e-007
3.49542e-007
3.45613e-007
3.44257e-007
3.43262e-007
3.41587e-007
3.3689e-007
3.35483e-007
3.33474e-007
3.32341e-007
3.30069e-007
3.28148e-007
3.19822e-007
3.18635e-007
3.15477e-007
3.07753e-007
2.99789e-007
2.96842e-007
2.95161e-007
2.88467e-007
2.87387e-007
2.87387e-007
2.87387e-007
2.8693e-007
2.85383e-007
2.8322e-007
2.67556e-007
2.62888e-007
2.55763e-007
2.54922e-007
2.54922e-007
2.53452e-007
2.50188e-007
2.44295e-007
2.42582e-007
2.40906e-007
2.40524e-007
2.33429e-007
2.33082e-007
2.32412e-007
2.30317e-007
2.23295e-007
2.19961e-007
2.18413e-007
2.1824e-007
2.16028e-007
2.13515e-007
2.12081e-007
2.09908e-007
2.06478e-007
2.05129e-007
2.00523e-007
1.98778e-007
1.96034e-007
1.94812e-007
1.92271e-007
1.87145e-007
1.85502e-007
1.83413e-007
1.78358e-007
1.73503e-007
1.70625e-007
1.68843e-007
1.66743e-007
1.66712e-007
1.58699e-007
1.58357e-007
1.58265e-007
1.56314e-007
1.55041e-007
1.55041e-007
1.53494e-007
1.53174e-007
1.5021e-007
1.47748e-007
1.46633e-007
1.4589e-007
1.45521e-007
1.43849e-007
1.426e-007
1.41552e-007
1.39837e-007
1.39725e-007
1.39725e-007
1.37771e-007
1.37771e-007
1.37491e-007
1.36721e-007
1.36391e-007
1.35692e-007
1.32704e-007
1.32135e-007
1.31399e-007
1.29361e-007
1.28642e-007
1.28239e-007
1.26878e-007
1.26072e-007
1.23822e-007
1.2267e-007
1.2267e-007
1.21375e-007
1.20189e-007
1.18823e-007
1.17539e-007
1.15365e-007
1.11525e-007
1.10106e-007
1.0975e-007
1.08677e-007
1.08677e-007
1.08329e-007
1.02749e-007
1.01742e-007
1.01742e-007
1.01428e-007
9.93139e-008
9.91062e-008
9.83718e-008
9.81727e-008
9.71401e-008
9.62821e-008
9.61246e-008
9.52383e-008
9.485e-008
9.43492e-008
9.26006e-008
9.24654e-008
9.15118e-008
9.0988e-008
9.06491e-008
8.92083e-008
8.91803e-008
8.82367e-008
8.69262e-008
8.64553e-008
8.36013e-008
8.35293e-008
8.27304e-008
8.17716e-008
8.10455e-008
8.00161e-008
7.98938e-008
7.96525e-008
7.59904e-008
7.54591e-008
7.51473e-008
7.45406e-008
7.40211e-008
7.02409e-008
6.95487e-008
6.82848e-008
6.74724e-008
6.73028e-008
6.58482e-008
6.44408e-008
6.38931e-008
6.3873e-008
6.26656e-008
6.23174e-008
6.2307e-008
6.19472e-008
6.17541e-008
6.13415e-008
6.11873e-008
6.05172e-008
5.99158e-008
5.83742e-008
5.80826e-008
5.71903e-008
5.61953e-008
5.60907e-008
5.35238e-008
5.32475e-008
5.21807e-008
5.21807e-008
5.1046e-008
5.03275e-008
4.85772e-008
4.82898e-008
4.79209e-008
4.7861e-008
4.76954e-008
4.70633e-008
4.69163e-008
4.6105e-008
4.52021e-008
4.49413e-008
4.49413e-008
4.48917e-008
4.48917e-008
4.43543e-008
4.35881e-008
4.31973e-008
4.23072e-008
4.22791e-008
4.22773e-008
4.17373e-008
4.12681e-008
4.11609e-008
4.10133e-008
4.0127e-008
3.98717e-008
3.97569e-008
3.89655e-008
3.70965e-008
3.69382e-008
3.60296e-008
3.5063e-008
3.45929e-008
3.45431e-008
3.40263e-008
3.35027e-008
3.33989e-008
3.32549e-008
3.30927e-008
3.2787e-008
3.20744e-008
3.20631e-008
3.16643e-008
3.12373e-008
3.11628e-008
3.09484e-008
3.09433e-008
3.04597e-008
3.02432e-008
2.99664e-008
2.96212e-008
2.92477e-008
2.87344e-008
2.86736e-008
2.77031e-008
2.73231e-008
2.72379e-008
2.7089e-008
2.6093e-008
2.60736e-008
2.58555e-008
2.58171e-008
2.53348e-008
2.49345e-008
2.48502e-008
2.47688e-008
2.47166e-008
2.45599e-008
2.43806e-008
2.38806e-008
2.38292e-008
2.31755e-008
2.25999e-008
2.25288e-008
2.2327e-008
2.22938e-008
2.20379e-008
2.16494e-008
2.08507e-008
2.07971e-008
2.07616e-008
1.98542e-008
1.97703e-008
1.95026e-008
1.94708e-008
1.89818e-008
1.89657e-008
1.87459e-008
1.8559e-008
1.83631e-008
1.8311e-008
1.79534e-008
1.79365e-008
1.79074e-008
1.78233e-008
1.74681e-008
1.71737e-008
1.71138e-008
1.66771e-008
1.61727e-008
1.60336e-008
1.59742e-008
1.57736e-008
1.55809e-008
1.5492e-008
1.50757e-008
1.50175e-008
1.49945e-008
1.4922e-008
1.46096e-008
1.44884e-008
1.43697e-008
1.36458e-008
1.36025e-008
1.35334e-008
1.34905e-008
1.33398e-008
1.28446e-008
1.27907e-008
1.2562e-008
1.24925e-008
1.2178e-008
1.18806e-008
1.17277e-008
1.17277e-008
1.16805e-008
1.14206e-008
1.13745e-008
1.11296e-008
1.09614e-008
1.05645e-008
1.04086e-008
1.03397e-008
