9.74737
428.266
386.825
326.049
287.496
257.363
235.783
217.228
198.313
174.659
157.264
140.28
128.111
119.213
108.748
99.6519
89.5698
82.628
75.7462
68.0737
61.8872
57.8225
53.4437
49.1908
44.9881
41.1745
37.4789
34.7188
30.4159
28.2478
26.317
24.2378
22.6005
20.7154
19.6585
17.9624
16.4678
15.5881
14.4018
13.5822
12.4849
11.4822
10.6691
9.88726
9.31591
8.50132
7.91635
7.41478
6.85422
6.24491
5.97006
5.57854
5.16734
4.84253
4.55835
4.26063
3.9959
3.80685
3.63195
3.4393
3.28203
3.05767
2.89163
2.772
2.64817
2.51964
2.39608
2.27341
2.19122
2.09091
2.02829
1.94227
1.87064
1.8055
1.75593
1.69376
1.64658
1.59681
1.55318
1.50207
1.45978
1.41958
1.3999
1.37371
1.34506
1.31559
1.28832
1.26996
1.24789
1.23435
1.21895
1.20278
1.18642
1.17862
1.16171
1.14883
1.14074
1.12581
1.11994
1.11201
1.10226
1.09625
1.09014
1.0814
1.07671
1.07078
1.06661
1.05978
1.0548
1.05028
1.04641
1.04155
1.03635
1.03102
1.02334
1.01679
1.01015
1.0031
0.996964
0.989285
0.981267
0.970498
0.962075
0.95036
0.939553
0.931068
0.917321
0.90308
0.887366
0.870709
0.858466
0.84106
0.823358
0.808198
0.789045
0.762771
0.749403
0.728894
0.70818
0.682008
0.663781
0.643792
0.619843
0.600954
0.581576
0.565665
0.548799
0.522806
0.504729
0.488273
0.468236
0.453803
0.438984
0.422625
0.406816
0.387187
0.368229
0.355649
0.337006
0.317819
0.304903
0.294126
0.279536
0.268245
0.259065
0.245672
0.233989
0.227073
0.217352
0.205349
0.195845
0.187861
0.178411
0.17028
0.1613
0.153131
0.146633
0.13968
0.133789
0.126164
0.121335
0.117959
0.110501
0.104711
0.0988456
0.0946368
0.0907401
0.0848834
0.0821585
0.0775371
0.0719463
0.0689471
0.0666401
0.0640237
0.0616151
0.0583583
0.0545925
0.0530203
0.0505166
0.048974
0.0471548
0.044888
0.0430343
0.0412911
0.0397758
0.038428
0.0370031
0.0332266
0.0322779
0.0309234
0.0297693
0.0288844
0.0271057
0.0263745
0.0251341
0.0246122
0.023876
0.0234225
0.0214104
0.0206385
0.0199955
0.0192064
0.0186739
0.0178827
0.0176729
0.0167301
0.0164099
0.0160449
0.0154692
0.0146538
0.0143967
0.0141337
0.0136676
0.013074
0.0129152
0.0126358
0.0119042
0.0114854
0.0113136
0.0110061
0.0107859
0.0106607
0.0103279
0.0101313
0.0100144
0.00980263
0.00943178
0.00930792
0.0090395
0.0089642
0.00892144
0.00877941
0.00865224
0.00848982
0.00843686
0.00827104
0.00811927
0.00785129
0.00773984
0.00770676
0.00763143
0.0075986
0.00747236
0.00739445
0.00707316
0.00695907
0.00692568
0.0069077
0.00688349
0.00636028
0.00631818
0.00625567
0.00624375
0.00620628
0.00619158
0.00616977
0.0060923
0.00608098
0.00603387
0.00602216
0.00601675
0.00600069
0.00596931
0.00593022
0.00592482
0.00586727
0.00583403
0.00580262
0.00577077
0.00575112
0.00565523
0.0056474
0.00558144
0.00557854
0.00550831
0.00550015
0.0054928
0.00548078
0.00547485
0.00544008
0.00541415
0.00539698
0.0053943
0.00537505
0.005359
0.00535355
0.00534223
0.00531591
0.0052944
0.00527934
0.00527042
0.00526385
0.00521454
0.00520118
0.00517815
0.00507993
0.00506806
0.00506732
0.00506662
0.00506395
0.00505256
0.00505216
0.00504339
0.00504267
0.00504036
0.00504013
0.00503929
0.00502141
0.00502088
0.00501388
0.00501339
0.00499253
0.00499016
0.00496382
0.00496073
0.00490762
0.0049064
0.00490451
0.00490344
0.0048861
0.00484378
0.00484191
0.0048412
0.0048238
0.00482321
0.00482162
0.00480687
0.00480028
0.00480022
0.00479977
0.00479902
0.00478337
0.00477875
0.00477869
0.00477608
0.00477443
0.00476735
0.00476347
0.00476319
0.00476266
0.00476168
0.00476164
0.00476131
0.00475926
0.00475689
0.00475583
0.00475573
0.0047524
0.00474566
0.00474563
0.00474545
0.00474535
0.00474446
0.0047439
0.00473373
0.00472785
0.00471914
0.00471857
0.00471817
0.00471815
0.00471278
0.00471278
0.00471202
0.00470919
0.00470312
0.00470293
0.00470292
0.00469942
0.00468433
0.004644
0.00464382
0.00464375
0.00463804
0.00463798
0.00463664
0.00463662
0.00463367
0.00463365
0.00463245
0.00463238
0.00463199
0.00463195
0.0046293
0.004629
0.00462891
0.00462712
0.00462707
0.00462693
0.00462691
0.00462691
0.00461474
0.00461427
0.0046142
0.0046142
0.00461417
0.00461406
0.0046123
0.00460926
0.00460891
0.00460891
0.00460416
0.00459765
0.00459765
0.00459717
0.00459717
0.00459713
0.0045945
0.00459412
0.00459279
0.00459128
0.00459
0.00458296
0.00458071
0.00458071
0.00458069
0.00458067
0.00457654
0.00457585
0.00457585
0.00457585
0.00456474
0.00456472
0.00456472
0.00456472
0.00456437
0.00456434
0.00456384
0.00456384
0.00456383
0.00456346
0.00456295
0.00456295
0.00456287
0.0045628
0.00455692
0.00455569
0.00455569
0.00455535
0.00455532
0.00455532
0.00455532
0.00455531
0.00455531
0.00455529
0.00455419
0.0045498
0.0045498
0.00454958
0.00454958
0.00454958
0.00454923
0.00454923
0.00454911
0.00454911
0.00454911
0.00454911
0.0045491
0.0045491
0.00454764
0.00454754
0.00454705
0.00454705
0.00454705
0.00454475
0.00454458
0.00454439
0.00454439
0.00454439
0.00454438
0.00454438
0.00454421
0.00454421
0.00454366
0.00454351
0.00454351
0.00454351
0.00454351
0.00454351
0.00454351
0.00454351
0.00454346
0.00454336
0.00454063
0.0045406
0.00454058
0.00454058
0.00454058
0.00454047
0.00454047
0.00454047
0.00454042
0.00454041
0.00454041
0.00454036
0.00454036
0.00453871
0.00453862
0.00453862
0.00453862
0.00453862
0.0045386
0.0045386
0.0045386
0.0045386
0.00453746
0.00453746
0.00453746
0.00453742
0.00453742
0.00453741
0.00453741
0.00453739
0.00453732
0.00453732
0.00453712
0.00453712
0.00453712
0.00453712
0.00453708
0.00453705
0.00453705
0.00453681
0.0045368
0.00453583
0.00453583
0.00453581
0.00453574
0.00453574
0.00453574
0.00453574
0.00453562
0.00453562
0.0045353
0.0045353
0.0045353
0.0045353
0.00453529
0.00453529
0.00453529
0.00453529
0.00453529
0.00453527
0.00453527
0.00453523
0.00453517
0.00453448
0.00453448
0.00453448
0.00453448
0.00453448
0.00453443
0.00453443
0.00453442
0.00453442
0.00453442
0.00453442
0.00453442
0.00453442
0.00453442
0.00453442
0.00453442
0.00453417
0.00453417
0.00453417
0.00453415
0.00453414
0.00453411
0.00453411
0.00453411
0.00453411
0.00453411
0.00453411
0.00453411
0.00453411
0.00453411
0.00453406
0.00453406
0.00453406
0.00453393
0.00453393
0.00453392
0.00453392
0.00453367
0.00453363
0.0045336
0.0045336
0.0045335
0.00453329
0.00453328
0.00453327
0.00453327
0.00453327
0.00453327
0.00453327
0.00453327
0.00453326
0.00453326
0.00453326
0.00453326
0.00453326
0.00453326
0.00453314
0.00453314
0.00453313
0.00453313
0.00453313
0.00453313
0.00453313
0.00453308
0.00453308
0.00453304
0.00453304
0.00453304
0.00453304
0.00453304
0.00453304
0.00453304
0.00453304
0.00453303
0.00453303
0.00453302
0.00453302
0.00453301
0.00453301
0.00453297
0.00453297
0.00453297
0.00453297
0.00453297
0.00453297
0.00453297
0.00453292
0.00453292
0.00453292
0.00453292
0.00453292
0.00453292
0.00453291
0.00453291
0.00453291
0.00453291
0.00453291
0.00453291
0.00453291
0.00453291
0.00453289
0.00453288
0.00453288
0.00453288
0.00453288
0.00453284
0.0045328
0.0045328
0.0045328
0.0045328
0.0045328
0.0045328
0.0045328
0.00453275
0.00453272
0.00453272
0.00453272
0.00453271
0.00453271
0.00453271
0.00453271
0.00453271
0.00453271
0.00453269
0.00453269
0.00453269
0.00453269
0.00453267
0.00453266
0.00453266
0.00453266
0.00453266
0.00453266
0.00453266
0.00453266
0.00453265
0.00453265
0.00453265
0.00453265
0.00453265
0.00453265
0.00453264
0.00453263
0.00453262
0.00453262
0.00453262
0.00453262
0.00453262
0.00453262
0.00453262
0.00453262
0.00453261
0.00453261
0.00453261
0.00453261
0.00453261
0.00453261
0.00453261
0.00453261
0.0045326
0.0045326
0.0045326
0.0045326
0.0045326
0.0045326
0.0045326
0.00453259
0.00453259
0.00453259
0.00453259
0.00453259
0.00453259
0.00453259
0.00453258
0.00453258
0.00453257
0.00453257
0.00453257
0.00453257
0.00453257
0.00453257
0.00453257
0.00453257
0.00453257
0.00453257
0.00453257
0.00453257
0.00453257
0.00453257
0.00453257
0.00453257
0.00453256
0.00453256
0.00453256
0.00453255
0.00453255
0.00453255
0.00453255
0.00453255
0.00453255
0.00453255
0.00453255
0.00453255
0.00453255
0.00453255
0.00453255
0.00453255
0.00453255
0.00453255
0.00453255
0.00453255
0.00453255
0.00453255
0.00453255
0.00453255
0.00453255
0.00453255
0.00453255
0.00453255
0.00453255
0.00453255
0.00453255
0.00453255
0.00453255
0.00453255
0.00453255
0.00453255
0.00453255
0.00453255
0.00453255
0.00453255
0.00453254
0.00453254
0.00453254
0.00453254
0.00453254
0.00453254
0.00453254
0.00453254
0.00453254
0.00453254
0.00453254
0.00453254
0.00453254
0.00453254
0.00453254
0.00453254
0.00453254
0.00453254
0.00453254
0.00453254
0.00453254
0.00453254
0.00453254
0.00453254
0.00453254
0.00453254
0.00453254
0.00453254
0.00453254
0.00453254
0.00453254
0.00453254
0.00453254
0.00453254
0.00453254
0.00453254
0.00453254
0.00453254
0.00453254
0.00453254
0.00453254
0.00453254
0.00453254
0.00453254
0.00453254
0.00453254
0.00453254
0.00453254
0.00453254
0.00453254
0.00453254
0.00453254
0.00453254
0.00453254
0.00453254
0.00453254
0.00453254
0.00453254
0.00453254
0.00453253
0.00453253
0.00453253
0.00453253
0.00453253
0.00453253
0.00453253
0.00453253
0.00453253
0.00453253
0.00453253
0.00453253
0.00453253
0.00453253
0.00453253
0.00453253
0.00453253
0.00453253
0.00453253
0.00453253
0.00453253
0.00453253
0.00453253
0.00453253
0.00453253
0.00453253
0.00453253
0.00453253
0.00453253
0.00453253
0.00453253
0.00453253
0.00453253
0.00453253
0.00453253
0.00453253
0.00453253
0.00453253
0.00453253
0.00453253
0.00453253
0.00453253
0.00453253
0.00453253
0.00453253
0.00453253
0.00453253
0.00453253
0.00453253
0.00453253
0.00453253
0.00453253
0.00453253
0.00453253
0.00453253
0.00453253
0.00453253
0.00453253
0.00453253
0.00453253
0.00453253
0.00453253
0.00453253
0.00453253
0.00453253
0.00453253
0.00453253
0.00453253
0.00453253
0.00453253
0.00453253
0.00453253
0.00453253
0.00453253
0.00453253
0.00453253
0.00453253
0.00453253
0.00453253
0.00453253
0.00453253
0.00453253
0.00453253
0.00453253
0.00453253
0.00453253
0.00453253
0.00453253
0.00453253
0.00453253
0.00453253
0.00453253
0.00453253
0.00453253
0.00453253
0.00453253
0.00453253
0.00453253
0.00453253
0.00453253
0.00453253
0.00453253
0.00453253
0.00453253
0.00453253
0.00453253
0.00453253
0.00453253
0.00453253
0.00453253
0.00453253
0.00453253
0.00453253
0.00453253
0.00453253
0.00453253
0.00453253
0.00453253
0.00453253
0.00453253
0.00453253
0.00453253
0.00453253
0.00453253
0.00453253
0.00453253
0.00453253
0.00453253
0.00453253
0.00453253
0.00453253
0.00453253
0.00453253
0.00453253
0.00453253
0.00453253
0.00453253
0.00453253
0.00453253
0.00453253
0.00453253
0.00453253
0.00453253
0.00453253
0.00453253
0.00453253
0.00453253
0.00453253
0.00453253
0.00453253
0.00453253
0.00453253
0.00453253
0.00453253
0.00453253
0.00453253
0.00453253
0.00453253
0.00453253
0.00453253
0.00453253
0.00453253
0.00453253
0.00453253
0.00453253
0.00453253
0.00453253
0.00453253
0.00453253
0.00453253
0.00453253
0.00453253
0.00453253
0.00453253
0.00453253
0.00453253
0.00453253
0.00453253
0.00453253
0.00453253
0.00453253
0.00453253
0.00453253
0.00453253
0.00453253
0.00453253
0.00453253
0.00453253
0.00453253
0.00453253
0.00453253
0.00453253
0.00453253
0.00453253
0.00453253
0.00453253
0.00453253
0.00453253
0.00453253
0.00453253
0.00453253
0.00453253
0.00453253
0.00453253
0.00453253
0.00453253
0.00453253
0.00453253
0.00453253
0.00453253
0.00453253
0.00453253
0.00453253
0.00453253
0.00453253
0.00453253
0.00453253
0.00453253
0.00453253
0.00453253
0.00453253
0.00453253
0.00453253
0.00453253
0.00453253
0.00453253
0.00453253
0.00453253
0.00453253
0.00453253
0.00453253
0.00453253
0.00453253
0.00453253
0.00453253
0.00453253
0.00453253
0.00453253
0.00453253
0.00453253
0.00453253
0.00453253
0.00453253
0.00453253
0.00453253
0.00453253
0.00453253
0.00453253
0.00453253
0.00453253
0.00453253
0.00453253
0.00453253
0.00453253
0.00453253
0.00453253
0.00453253
0.00453253
0.00453253
0.00453253
0.00453253
0.00453253
0.00453253
0.00453253
0.00453253
0.00453253
0.00453253
0.00453253
0.00453253
0.00453253
0.00453253
0.00453253
0.00453253
0.00453253
0.00453253
0.00453253
0.00453253
0.00453253
0.00453253
0.00453253
0.00453253
0.00453253
0.00453253
0.00453253
0.00453253
0.00453253
0.00453253
0.00453253
0.00453253
0.00453253
0.00453253
0.00453253
0.00453253
0.00453253
0.00453253
0.00453253
0.00453253
0.00453253
0.00453253
0.00453253
0.00453253
0.00453253
0.00453253
0.00453253
0.00453253
0.00453253
0.00453253
0.00453253
0.00453253
0.00453253
0.00453253
0.00453253
0.00453253
0.00453253
0.00453253
0.00453253
0.00453253
0.00453253
0.00453253
0.00453253
0.00453253
0.00453253
0.00453253
0.00453253
0.00453253
0.00453253
0.00453253
0.00453253
0.00453253
0.00453253
0.00453253
0.00453253
0.00453253
0.00453253
0.00453253
0.00453253
0.00453253
0.00453253
0.00453253
0.00453253
0.00453253
0.00453253
0.00453253
0.00453253
0.00453253
0.00453253
0.00453253
0.00453253
0.00453253
0.00453253
0.00453253
0.00453253
0.00453253
0.00453253
0.00453253
0.00453253
0.00453253
0.00453253
0.00453253
0.00453253
0.00453253
0.00453253
0.00453253
0.00453253
0.00453253
0.00453253
0.00453253
0.00453253
0.00453253
0.00453253
0.00453253
0.00453253
0.00453253
0.00453253
0.00453253
0.00453253
0.00453253
0.00453253
0.00453253
0.00453253
0.00453253
0.00453253
0.00453253
0.00453253
0.00453253
0.00453253
0.00453253
0.00453253
0.00453253
0.00453253
0.00453253
0.00453253
0.00453253
0.00453253
0.00453253
0.00453253
0.00453253
0.00453253
0.00453253
0.00453253
0.00453253
0.00453253
0.00453253
0.00453253
0.00453253
0.00453253
0.00453253
0.00453253
0.00453253
0.00453253
0.00453253
0.00453253
0.00453253
0.00453253
0.00453253
0.00453253
0.00453253
0.00453253
0.00453253
0.00453253
0.00453253
0.00453253
0.00453253
0.00453253
0.00453253
0.00453253
0.00453253
0.00453253
0.00453253
0.00453253
0.00453253
0.00453253
0.00453253
0.00453253
0.00453253
0.00453253
0.00453253
0.00453253
0.00453253
0.00453253
0.00453253
0.00453253
0.00453253
0.00453253
0.00453253
0.00453253
0.00453253
0.00453253
0.00453253
0.00453253
0.00453253
0.00453253
0.00453253
0.00453253
0.00453253
0.00453253
0.00453253
0.00453253
0.00453253
0.00453253
0.00453253
0.00453253
0.00453253
0.00453253
0.00453253
0.00453253
0.00453253
0.00453253
0.00453253
0.00453253
0.00453253
0.00453253
0.00453253
0.00453253
0.00453253
0.00453253
0.00453253
0.00453253
0.00453253
0.00453253
0.00453253
0.00453253
0.00453253
0.00453253
0.00453253
0.00453253
0.00453253
0.00453253
0.00453253
0.00453253
0.00453253
0.00453253
0.00453253
0.00453253
0.00453253
0.00453253
0.00453253
0.00453253
0.00453253
0.00453253
0.00453253
0.00453253
0.00453253
0.00453253
0.00453253
0.00453253
0.00453253
0.00453253
0.00453253
0.00453253
0.00453253
0.00453253
0.00453253
0.00453253
0.00453253
0.00453253
0.00453253
0.00453253
0.00453253
0.00453253
0.00453253
0.00453253
0.00453253
0.00453253
0.00453253
0.00453253
0.00453253
0.00453253
0.00453253
0.00453253
0.00453253
0.00453253
0.00453253
0.00453253
0.00453253
0.00453253
0.00453253
0.00453253
0.00453253
0.00453253
0.00453253
0.00453253
0.00453253
0.00453253
0.00453253
0.00453253
0.00453253
0.00453253
0.00453253
0.00453253
0.00453253
0.00453253
0.00453253
0.00453253
0.00453253
0.00453253
0.00453253
0.00453253
0.00453253
0.00453253
0.00453253
0.00453253
0.00453253
0.00453253
0.00453253
0.00453253
0.00453253
0.00453253
0.00453253
0.00453253
0.00453253
0.00453253
0.00453253
0.00453253
0.00453253
0.00453253
0.00453253
0.00453253
0.00453253
0.00453253
0.00453253
0.00453253
0.00453253
0.00453253
0.00453253
0.00453253
0.00453253
0.00453253
0.00453253
0.00453253
0.00453253
0.00453253
0.00453253
0.00453253
0.00453253
0.00453253
0.00453253
0.00453253
0.00453253
0.00453253
0.00453253
0.00453253
0.00453253
0.00453253
0.00453253
0.00453253
0.00453253
0.00453253
0.00453253
0.00453253
0.00453253
0.00453253
0.00453253
0.00453253
0.00453253
0.00453253
0.00453253
0.00453253
0.00453253
0.00453253
0.00453253
0.00453253
0.00453253
0.00453253
0.00453253
0.00453253
0.00453253
0.00453253
0.00453253
0.00453253
0.00453253
0.00453253
0.00453253
0.00453253
0.00453253
0.00453253
0.00453253
0.00453253
0.00453253
0.00453253
0.00453253
0.00453253
0.00453253
0.00453253
0.00453253
0.00453253
0.00453253
0.00453253
0.00453253
0.00453253
0.00453253
0.00453253
0.00453253
0.00453253
0.00453253
0.00453253
0.00453253
0.00453253
0.00453253
0.00453253
0.00453253
0.00453253
0.00453253
0.00453253
0.00453253
0.00453253
0.00453253
0.00453253
0.00453253
0.00453253
0.00453253
0.00453253
0.00453253
0.00453253
0.00453253
0.00453253
0.00453253
0.00453253
0.00453253
0.00453253
0.00453253
0.00453253
0.00453253
0.00453253
0.00453253
0.00453253
0.00453253
0.00453253
0.00453253
0.00453253
0.00453253
0.00453253
0.00453253
0.00453253
0.00453253
0.00453253
0.00453253
0.00453253
0.00453253
0.00453253
0.00453253
0.00453253
0.00453253
0.00453253
0.00453253
0.00453253
0.00453253
0.00453253
0.00453253
0.00453253
0.00453253
0.00453253
0.00453253
0.00453253
0.00453253
0.00453253
0.00453253
0.00453253
0.00453253
0.00453253
0.00453253
0.00453253
0.00453253
0.00453253
0.00453253
0.00453253
0.00453253
0.00453253
0.00453253
0.00453253
0.00453253
0.00453253
0.00453253
0.00453253
0.00453253
0.00453253
0.00453253
0.00453253
0.00453253
0.00453253
0.00453253
0.00453253
0.00453253
0.00453253
0.00453253
0.00453253
0.00453253
0.00453253
0.00453253
0.00453253
0.00453253
0.00453253
0.00453253
0.00453253
0.00453253
0.00453253
0.00453253
0.00453253
0.00453253
0.00453253
0.00453253
0.00453253
0.00453253
0.00453253
0.00453253
0.00453253
0.00453253
0.00453253
0.00453253
0.00453253
0.00453253
0.00453253
0.00453253
0.00453253
0.00453253
0.00453253
0.00453253
0.00453253
0.00453253
0.00453253
0.00453253
0.00453253
0.00453253
0.00453253
0.00453253
0.00453253
0.00453253
0.00453253
0.00453253
0.00453253
0.00453253
0.00453253
0.00453253
0.00453253
0.00453253
0.00453253
0.00453253
0.00453253
0.00453253
0.00453253
0.00453253
0.00453253
0.00453253
0.00453253
0.00453253
0.00453253
0.00453253
0.00453253
0.00453253
0.00453253
0.00453253
0.00453253
0.00453253
0.00453253
0.00453253
0.00453253
0.00453253
0.00453253
0.00453253
0.00453253
0.00453253
0.00453253
0.00453253
0.00453253
0.00453253
0.00453253
0.00453253
0.00453253
0.00453253
0.00453253
0.00453253
0.00453253
0.00453253
0.00453253
0.00453253
0.00453253
0.00453253
0.00453253
0.00453253
0.00453253
0.00453253
0.00453253
0.00453253
0.00453253
0.00453253
0.00453253
0.00453253
0.00453253
0.00453253
0.00453253
0.00453253
0.00453253
0.00453253
0.00453253
0.00453253
0.00453253
0.00453253
0.00453253
0.00453253
0.00453253
0.00453253
0.00453253
0.00453253
0.00453253
0.00453253
0.00453253
0.00453253
0.00453253
0.00453253
0.00453253
0.00453253
0.00453253
0.00453253
0.00453253
0.00453253
0.00453253
0.00453253
0.00453253
0.00453253
0.00453253
0.00453253
0.00453253
0.00453253
0.00453253
0.00453253
0.00453253
0.00453253
0.00453253
0.00453253
0.00453253
0.00453253
0.00453253
0.00453253
0.00453253
0.00453253
0.00453253
0.00453253
0.00453253
0.00453253
0.00453253
0.00453253
0.00453253
0.00453253
0.00453253
0.00453253
0.00453253
0.00453253
0.00453253
0.00453253
0.00453253
0.00453253
0.00453253
0.00453253
0.00453253
0.00453253
0.00453253
0.00453253
0.00453253
0.00453253
0.00453253
0.00453253
0.00453253
0.00453253
0.00453253
0.00453253
0.00453253
0.00453253
0.00453253
0.00453253
0.00453253
0.00453253
0.00453253
0.00453253
0.00453253
0.00453253
0.00453253
0.00453253
0.00453253
0.00453253
0.00453253
0.00453253
0.00453253
0.00453253
0.00453253
0.00453253
0.00453253
0.00453253
0.00453253
0.00453253
0.00453253
0.00453253
0.00453253
0.00453253
0.00453253
0.00453253
0.00453253
0.00453253
0.00453253
0.00453253
0.00453253
0.00453253
0.00453253
0.00453253
0.00453253
0.00453253
0.00453253
0.00453253
0.00453253
0.00453253
0.00453253
0.00453253
0.00453253
0.00453253
0.00453253
0.00453253
0.00453253
0.00453253
0.00453253
0.00453253
0.00453253
0.00453253
0.00453253
0.00453253
0.00453253
0.00453253
0.00453253
0.00453253
0.00453253
0.00453253
0.00453253
0.00453253
0.00453253
0.00453253
0.00453253
0.00453253
0.00453253
0.00453253
0.00453253
0.00453253
0.00453253
0.00453253
0.00453253
0.00453253
0.00453253
0.00453253
0.00453253
0.00453253
0.00453253
0.00453253
0.00453253
0.00453253
0.00453253
0.00453253
0.00453253
0.00453253
0.00453253
0.00453253
0.00453253
0.00453253
0.00453253
0.00453253
0.00453253
0.00453253
0.00453253
0.00453253
0.00453253
0.00453253
0.00453253
0.00453253
0.00453253
0.00453253
0.00453253
0.00453253
0.00453253
0.00453253
0.00453253
0.00453253
0.00453253
0.00453253
0.00453253
0.00453253
0.00453253
0.00453253
0.00453253
0.00453253
0.00453253
0.00453253
0.00453253
0.00453253
0.00453253
0.00453253
0.00453253
0.00453253
0.00453253
0.00453253
0.00453253
0.00453253
0.00453253
0.00453253
0.00453253
0.00453253
0.00453253
0.00453253
0.00453253
0.00453253
0.00453253
0.00453253
0.00453253
0.00453253
0.00453253
0.00453253
0.00453253
0.00453253
0.00453253
0.00453253
0.00453253
0.00453253
0.00453253
0.00453253
0.00453253
0.00453253
0.00453253
0.00453253
0.00453253
0.00453253
0.00453253
0.00453253
0.00453253
0.00453253
0.00453253
0.00453253
0.00453253
0.00453253
0.00453253
0.00453253
0.00453253
0.00453253
0.00453253
0.00453253
0.00453253
0.00453253
0.00453253
0.00453253
0.00453253
0.00453253
0.00453253
0.00453253
0.00453253
0.00453253
0.00453253
0.00453253
0.00453253
0.00453253
0.00453253
0.00453253
0.00453253
0.00453253
0.00453253
0.00453253
0.00453253
0.00453253
0.00453253
0.00453253
0.00453253
0.00453253
0.00453253
0.00453253
0.00453253
0.00453253
0.00453253
0.00453253
0.00453253
0.00453253
0.00453253
0.00453253
0.00453253
0.00453253
0.00453253
0.00453253
0.00453253
0.00453253
0.00453253
0.00453253
0.00453253
0.00453253
0.00453253
0.00453253
0.00453253
0.00453253
0.00453253
0.00453253
0.00453253
0.00453253
0.00453253
0.00453253
0.00453253
0.00453253
0.00453253
0.00453253
0.00453253
0.00453253
0.00453253
0.00453253
0.00453253
0.00453253
0.00453253
0.00453253
0.00453253
0.00453253
0.00453253
0.00453253
0.00453253
0.00453253
0.00453253
0.00453253
0.00453253
0.00453253
0.00453253
0.00453253
0.00453253
0.00453253
0.00453253
0.00453253
0.00453253
0.00453253
0.00453253
0.00453253
0.00453253
0.00453253
0.00453253
0.00453253
0.00453253
0.00453253
0.00453253
0.00453253
0.00453253
0.00453253
0.00453253
0.00453253
0.00453253
0.00453253
0.00453253
0.00453253
0.00453253
0.00453253
0.00453253
0.00453253
0.00453253
0.00453253
0.00453253
0.00453253
0.00453253
0.00453253
0.00453253
0.00453253
0.00453253
0.00453253
0.00453253
0.00453253
0.00453253
0.00453253
0.00453253
0.00453253
0.00453253
0.00453253
0.00453253
0.00453253
0.00453253
0.00453253
0.00453253
0.00453253
0.00453253
0.00453253
0.00453253
0.00453253
0.00453253
0.00453253
0.00453253
0.00453253
0.00453253
0.00453253
0.00453253
0.00453253
0.00453253
0.00453253
0.00453253
0.00453253
0.00453253
0.00453253
0.00453253
0.00453253
0.00453253
0.00453253
0.00453253
0.00453253
0.00453253
0.00453253
0.00453253
0.00453253
0.00453253
0.00453253
0.00453253
0.00453253
0.00453253
0.00453253
0.00453253
0.00453253
0.00453253
0.00453253
0.00453253
0.00453253
0.00453253
0.00453253
0.00453253
0.00453253
0.00453253
0.00453253
0.00453253
0.00453253
0.00453253
0.00453253
0.00453253
0.00453253
0.00453253
0.00453253
0.00453253
0.00453253
0.00453253
0.00453253
0.00453253
0.00453253
0.00453253
0.00453253
0.00453253
0.00453253
0.00453253
0.00453253
0.00453253
0.00453253
0.00453253
0.00453253
0.00453253
0.00453253
0.00453253
0.00453253
0.00453253
0.00453253
0.00453253
0.00453253
0.00453253
0.00453253
0.00453253
0.00453253
0.00453253
0.00453253
0.00453253
0.00453253
0.00453253
0.00453253
0.00453253
0.00453253
0.00453253
0.00453253
0.00453253
0.00453253
0.00453253
0.00453253
0.00453253
0.00453253
0.00453253
0.00453253
0.00453253
0.00453253
0.00453253
0.00453253
0.00453253
0.00453253
0.00453253
0.00453253
0.00453253
0.00453253
0.00453253
0.00453253
0.00453253
0.00453253
0.00453253
0.00453253
0.00453253
0.00453253
0.00453253
0.00453253
0.00453253
0.00453253
0.00453253
0.00453253
0.00453253
0.00453253
0.00453253
0.00453253
0.00453253
0.00453253
0.00453253
0.00453253
0.00453253
0.00453253
0.00453253
0.00453253
0.00453253
0.00453253
0.00453253
0.00453253
0.00453253
0.00453253
0.00453253
0.00453253
0.00453253
0.00453253
0.00453253
0.00453253
0.00453253
0.00453253
0.00453253
0.00453253
0.00453253
0.00453253
0.00453253
0.00453253
0.00453253
0.00453253
0.00453253
0.00453253
0.00453253
0.00453253
0.00453253
0.00453253
0.00453253
0.00453253
0.00453253
0.00453253
0.00453253
0.00453253
0.00453253
0.00453253
0.00453253
0.00453253
0.00453253
0.00453253
0.00453253
0.00453253
0.00453253
0.00453253
0.00453253
0.00453253
0.00453253
0.00453253
0.00453253
0.00453253
0.00453253
0.00453253
0.00453253
0.00453253
0.00453253
0.00453253
0.00453253
0.00453253
0.00453253
0.00453253
0.00453253
0.00453253
0.00453253
0.00453253
0.00453253
0.00453253
0.00453253
0.00453253
0.00453253
0.00453253
0.00453253
0.00453253
0.00453253
0.00453253
0.00453253
0.00453253
0.00453253
0.00453253
0.00453253
0.00453253
0.00453253
0.00453253
0.00453253
0.00453253
0.00453253
0.00453253
0.00453253
0.00453253
0.00453253
0.00453253
0.00453253
0.00453253
0.00453253
0.00453253
0.00453253
0.00453253
0.00453253
0.00453253
0.00453253
0.00453253
0.00453253
0.00453253
0.00453253
0.00453253
0.00453253
0.00453253
0.00453253
0.00453253
0.00453253
0.00453253
0.00453253
0.00453253
0.00453253
0.00453253
0.00453253
0.00453253
0.00453253
0.00453253
0.00453253
0.00453253
0.00453253
0.00453253
0.00453253
0.00453253
0.00453253
0.00453253
0.00453253
0.00453253
0.00453253
0.00453253
0.00453253
0.00453253
0.00453253
0.00453253
0.00453253
0.00453253
0.00453253
0.00453253
0.00453253
0.00453253
0.00453253
0.00453253
0.00453253
0.00453253
0.00453253
0.00453253
0.00453253
0.00453253
0.00453253
0.00453253
0.00453253
0.00453253
0.00453253
0.00453253
0.00453253
0.00453253
0.00453253
0.00453253
0.00453253
0.00453253
0.00453253
0.00453253
0.00453253
0.00453253
0.00453253
0.00453253
0.00453253
0.00453253
0.00453253
0.00453253
0.00453253
0.00453253
0.00453253
0.00453253
0.00453253
0.00453253
0.00453253
0.00453253
0.00453253
0.00453253
0.00453253
0.00453253
0.00453253
0.00453253
0.00453253
0.00453253
0.00453253
0.00453253
0.00453253
0.00453253
0.00453253
0.00453253
0.00453253
0.00453253
0.00453253
0.00453253
0.00453253
0.00453253
0.00453253
0.00453253
0.00453253
0.00453253
0.00453253
0.00453253
0.00453253
0.00453253
0.00453253
0.00453253
0.00453253
0.00453253
0.00453253
0.00453253
0.00453253
0.00453253
0.00453253
0.00453253
0.00453253
0.00453253
0.00453253
0.00453253
0.00453253
0.00453253
0.00453253
0.00453253
0.00453253
0.00453253
0.00453253
0.00453253
0.00453253
0.00453253
0.00453253
0.00453253
0.00453253
0.00453253
0.00453253
0.00453253
0.00453253
0.00453253
0.00453253
0.00453253
0.00453253
0.00453253
0.00453253
0.00453253
0.00453253
0.00453253
0.00453253
0.00453253
0.00453253
0.00453253
0.00453253
0.00453253
0.00453253
0.00453253
0.00453253
0.00453253
0.00453253
0.00453253
0.00453253
0.00453253
0.00453253
0.00453253
0.00453253
0.00453253
0.00453253
0.00453253
0.00453253
0.00453253
0.00453253
0.00453253
0.00453253
0.00453253
0.00453253
0.00453253
0.00453253
0.00453253
0.00453253
0.00453253
0.00453253
0.00453253
0.00453253
0.00453253
0.00453253
0.00453253
0.00453253
0.00453253
0.00453253
0.00453253
0.00453253
0.00453253
0.00453253
0.00453253
0.00453253
0.00453253
0.00453253
0.00453253
0.00453253
0.00453253
0.00453253
0.00453253
0.00453253
0.00453253
0.00453253
0.00453253
0.00453253
0.00453253
0.00453253
0.00453253
0.00453253
0.00453253
0.00453253
0.00453253
0.00453253
0.00453253
0.00453253
0.00453253
0.00453253
0.00453253
0.00453253
0.00453253
0.00453253
0.00453253
0.00453253
0.00453253
0.00453253
0.00453253
0.00453253
0.00453253
0.00453253
0.00453253
0.00453253
0.00453253
0.00453253
0.00453253
0.00453253
0.00453253
0.00453253
0.00453253
0.00453253
0.00453253
0.00453253
0.00453253
0.00453253
0.00453253
0.00453253
0.00453253
0.00453253
0.00453253
0.00453253
0.00453253
0.00453253
0.00453253
0.00453253
0.00453253
0.00453253
0.00453253
0.00453253
0.00453253
0.00453253
0.00453253
0.00453253
0.00453253
0.00453253
0.00453253
0.00453253
0.00453253
0.00453253
0.00453253
0.00453253
0.00453253
0.00453253
0.00453253
0.00453253
0.00453253
0.00453253
0.00453253
0.00453253
0.00453253
0.00453253
0.00453253
0.00453253
0.00453253
0.00453253
0.00453253
0.00453253
0.00453253
0.00453253
0.00453253
0.00453253
0.00453253
0.00453253
0.00453253
0.00453253
0.00453253
0.00453253
0.00453253
0.00453253
0.00453253
0.00453253
0.00453253
0.00453253
0.00453253
0.00453253
0.00453253
0.00453253
0.00453253
0.00453253
0.00453253
0.00453253
0.00453253
0.00453253
0.00453253
0.00453253
0.00453253
0.00453253
0.00453253
0.00453253
0.00453253
0.00453253
0.00453253
0.00453253
0.00453253
0.00453253
0.00453253
0.00453253
0.00453253
0.00453253
0.00453253
0.00453253
0.00453253
0.00453253
0.00453253
0.00453253
0.00453253
0.00453253
0.00453253
0.00453253
0.00453253
0.00453253
0.00453253
0.00453253
0.00453253
0.00453253
0.00453253
0.00453253
0.00453253
0.00453253
0.00453253
0.00453253
0.00453253
0.00453253
0.00453253
0.00453253
0.00453253
0.00453253
0.00453253
0.00453253
0.00453253
0.00453253
0.00453253
0.00453253
0.00453253
0.00453253
0.00453253
0.00453253
0.00453253
0.00453253
0.00453253
0.00453253
0.00453253
0.00453253
0.00453253
0.00453253
0.00453253
0.00453253
0.00453253
0.00453253
0.00453253
0.00453253
0.00453253
0.00453253
0.00453253
0.00453253
0.00453253
0.00453253
0.00453253
0.00453253
0.00453253
0.00453253
0.00453253
0.00453253
0.00453253
0.00453253
0.00453253
0.00453253
0.00453253
0.00453253
0.00453253
0.00453253
0.00453253
0.00453253
0.00453253
0.00453253
0.00453253
0.00453253
0.00453253
0.00453253
0.00453253
0.00453253
0.00453253
0.00453253
0.00453253
0.00453253
0.00453253
0.00453253
0.00453253
0.00453253
0.00453253
0.00453253
0.00453253
0.00453253
0.00453253
0.00453253
0.00453253
0.00453253
0.00453253
0.00453253
0.00453253
0.00453253
0.00453253
0.00453253
0.00453253
0.00453253
0.00453253
0.00453253
0.00453253
0.00453253
0.00453253
0.00453253
0.00453253
0.00453253
0.00453253
0.00453253
0.00453253
0.00453253
0.00453253
0.00453253
0.00453253
0.00453253
0.00453253
0.00453253
0.00453253
0.00453253
0.00453253
0.00453253
0.00453253
0.00453253
0.00453253
0.00453253
0.00453253
0.00453253
0.00453253
0.00453253
0.00453253
0.00453253
0.00453253
0.00453253
0.00453253
0.00453253
0.00453253
0.00453253
0.00453253
0.00453253
0.00453253
0.00453253
0.00453253
0.00453253
0.00453253
0.00453253
0.00453253
0.00453253
0.00453253
0.00453253
0.00453253
0.00453253
0.00453253
0.00453253
0.00453253
0.00453253
0.00453253
0.00453253
0.00453253
0.00453253
0.00453253
0.00453253
0.00453253
0.00453253
0.00453253
0.00453253
0.00453253
0.00453253
0.00453253
0.00453253
0.00453253
0.00453253
0.00453253
0.00453253
0.00453253
0.00453253
0.00453253
0.00453253
0.00453253
0.00453253
0.00453253
0.00453253
0.00453253
0.00453253
0.00453253
0.00453253
0.00453253
0.00453253
0.00453253
0.00453253
0.00453253
0.00453253
0.00453253
0.00453253
0.00453253
0.00453253
0.00453253
0.00453253
0.00453253
0.00453253
0.00453253
0.00453253
0.00453253
0.00453253
0.00453253
0.00453253
0.00453253
0.00453253
0.00453253
0.00453253
0.00453253
0.00453253
0.00453253
0.00453253
0.00453253
0.00453253
0.00453253
0.00453253
0.00453253
0.00453253
0.00453253
0.00453253
0.00453253
0.00453253
0.00453253
0.00453253
0.00453253
0.00453253
0.00453253
0.00453253
0.00453253
0.00453253
0.00453253
0.00453253
0.00453253
0.00453253
0.00453253
0.00453253
0.00453253
0.00453253
0.00453253
0.00453253
0.00453253
0.00453253
0.00453253
0.00453253
0.00453253
0.00453253
0.00453253
0.00453253
0.00453253
0.00453253
0.00453253
0.00453253
0.00453253
0.00453253
0.00453253
0.00453253
0.00453253
0.00453253
0.00453253
0.00453253
0.00453253
0.00453253
0.00453253
0.00453253
0.00453253
0.00453253
0.00453253
0.00453253
0.00453253
0.00453253
0.00453253
0.00453253
0.00453253
0.00453253
0.00453253
0.00453253
0.00453253
0.00453253
0.00453253
0.00453253
0.00453253
0.00453253
0.00453253
0.00453253
0.00453253
0.00453253
0.00453253
0.00453253
0.00453253
0.00453253
0.00453253
0.00453253
0.00453253
0.00453253
0.00453253
0.00453253
0.00453253
0.00453253
0.00453253
0.00453253
0.00453253
0.00453253
0.00453253
0.00453253
0.00453253
0.00453253
0.00453253
0.00453253
0.00453253
0.00453253
0.00453253
0.00453253
0.00453253
0.00453253
0.00453253
0.00453253
0.00453253
0.00453253
0.00453253
0.00453253
0.00453253
0.00453253
0.00453253
0.00453253
0.00453253
0.00453253
0.00453253
0.00453253
0.00453253
0.00453253
0.00453253
0.00453253
0.00453253
0.00453253
0.00453253
0.00453253
0.00453253
0.00453253
0.00453253
0.00453253
0.00453253
0.00453253
