2.00001
78.4534
66.0845
55.7406
45.0995
38.1918
33.901
30.3981
26.654
24.7512
23.52
21.8082
20.7514
19.928
19.0097
18.4448
17.8242
17.1118
16.288
15.8813
15.5025
15.2899
14.9531
14.6336
14.3578
14.2813
14.1557
14.0828
13.9745
13.8334
13.5787
13.5019
13.3903
13.2903
13.2035
13.1322
13.0108
12.9816
12.9717
12.8572
12.8288
12.7771
12.6961
12.6734
12.6273
12.6147
12.5838
12.5714
12.5617
12.4908
12.4565
12.4263
12.3686
12.3505
12.3188
12.2549
12.2238
12.2175
12.2116
12.2089
12.1975
12.1577
12.14
12.1222
12.0624
12.0267
12.0267
11.9907
11.9695
11.9477
11.9477
11.9132
11.9132
11.8666
11.8507
11.8292
11.8292
11.7961
11.7723
11.7493
11.719
11.719
11.7048
11.6762
11.6657
11.6637
11.6637
11.6637
11.6547
11.6508
11.6279
11.6229
11.6229
11.6212
11.5759
11.5368
11.528
11.5135
11.4823
11.4823
11.4744
11.474
11.474
11.4689
11.4576
11.4576
11.4576
11.4576
11.4491
11.4491
11.4477
11.4415
11.4415
11.4364
11.4209
11.4145
11.4018
11.4018
11.3958
11.36
11.36
11.36
11.36
11.36
11.36
11.36
11.3533
11.332
11.3128
11.3123
11.3123
11.3081
11.3081
11.3081
11.2401
11.2401
11.2361
11.223
11.223
11.223
11.22
11.22
11.216
11.216
11.1945
11.1945
11.1945
11.1937
11.1744
11.1589
11.1577
11.1577
11.1563
11.1563
11.1563
11.1481
11.1479
11.1479
11.1479
11.1479
11.1479
11.1479
11.1479
11.1479
11.1459
11.145
11.1221
11.1139
11.1139
11.1139
11.1139
11.1139
11.1139
11.1139
11.1139
11.0903
11.0896
11.0896
11.0896
11.0771
11.0771
11.0771
11.0559
11.0525
11.0435
11.0435
11.0279
11.0279
11.0279
11.0279
11.0279
11.0213
11.0213
11.0213
11.0014
10.9981
10.9853
10.9853
10.9853
10.9736
10.9736
10.9674
10.9674
10.9674
10.957
10.9494
10.9494
10.9246
10.9246
10.9246
10.9105
10.9105
10.9078
10.8996
10.8996
10.8928
10.8928
10.8928
10.8928
10.8928
10.8928
10.8928
10.876
10.8709
10.8709
10.8709
10.8709
10.8709
10.8709
10.8709
10.8709
10.8709
10.8709
10.8709
10.8709
10.8709
10.8709
10.8709
10.8709
10.8709
10.8709
10.8709
10.8602
10.8578
10.8497
10.8497
10.8497
10.8497
10.8497
10.8497
10.8263
10.8242
10.8042
10.8042
10.8029
10.8029
10.8029
10.8029
10.8029
10.8029
10.8029
10.8029
10.8029
10.7966
10.7966
10.7966
10.7966
10.7965
10.7943
10.7943
10.7943
10.7943
10.7943
10.7943
10.7943
10.7943
10.7887
10.7887
10.7887
10.7887
10.7887
10.7887
10.7887
10.7887
10.7887
10.7887
10.7887
10.7887
10.7843
10.7798
10.7798
10.7798
10.7798
10.7798
10.7798
10.7798
10.7798
10.7798
10.7798
10.7798
10.7798
10.7798
10.7798
10.7794
10.7794
10.7794
10.7794
10.7693
10.7693
10.7693
10.7693
10.7693
10.7693
10.7693
10.7693
10.7693
10.7693
10.7693
10.7631
10.7631
10.7631
10.7631
10.7631
10.7631
10.7631
10.7611
10.7607
10.7607
10.7607
10.7607
10.7607
10.7607
10.7607
10.7588
10.7588
10.7588
10.7588
10.7588
10.732
10.732
10.732
10.7266
10.7266
10.7266
10.716
10.716
10.6981
10.6981
10.6981
10.6981
10.6981
10.6981
10.693
10.693
10.693
10.693
10.693
10.693
10.693
10.693
10.693
10.6773
10.6773
10.6773
10.6773
10.6773
10.6773
10.6773
10.6773
10.6773
10.6773
10.6773
10.6773
10.6701
10.6656
10.6656
10.6656
10.6656
10.6656
10.6484
10.6484
10.6484
10.6484
10.638
10.638
10.638
10.638
10.638
10.638
10.638
10.638
10.638
10.638
10.638
10.638
10.6218
10.5882
10.5882
10.5882
10.5611
10.5574
10.5574
10.5574
10.5574
10.5475
10.5475
10.5475
10.5468
10.5468
10.5329
10.5329
10.5329
10.5329
10.5329
10.5329
10.5113
10.5079
10.5079
10.5079
10.5079
10.5079
10.5079
10.5079
10.5031
10.5031
10.5031
10.5031
10.5031
10.5031
10.5031
10.5031
10.5031
10.5031
10.5031
10.5031
10.5031
10.5031
10.5031
10.5031
10.5031
10.5031
10.5031
10.5031
10.5031
10.5021
10.5021
10.5021
10.5021
10.5021
10.5021
10.5021
10.5021
10.5021
10.5021
10.5021
10.5021
10.5021
10.5021
10.5021
10.5021
10.5021
10.4931
10.4931
10.4931
10.4931
10.4931
10.4931
10.4931
10.4931
10.4931
10.4931
10.4931
10.4931
10.4931
10.4931
10.4931
10.4931
10.4819
10.4656
10.4656
10.4656
10.4656
10.4601
10.4601
10.4601
10.4601
10.4601
10.4601
10.4601
10.4601
10.4503
10.4333
10.4333
10.4045
10.4045
10.4045
10.4045
10.4045
10.4045
10.4045
10.4045
10.4045
10.391
10.391
10.391
10.391
10.391
10.391
10.391
10.391
10.391
10.391
10.3873
10.3859
10.3859
10.3859
10.3859
10.3859
10.3859
10.3859
10.3859
10.3859
10.3859
10.3859
10.3859
10.3859
10.3859
10.3859
10.3859
10.3817
10.3817
10.3817
10.3817
10.3817
10.378
10.378
10.378
10.378
10.378
10.378
10.3697
10.3645
10.3645
10.3645
10.3645
10.3645
10.3645
10.3602
10.3522
10.351
10.351
10.351
10.351
10.346
10.3457
10.3457
10.3457
10.3457
10.3457
10.3457
10.3457
10.3457
10.3457
10.3457
10.3457
10.3457
10.3457
10.3457
10.3377
10.3377
10.3377
10.3377
10.3377
10.3377
10.3377
10.3334
10.3334
10.3334
10.3334
10.324
10.3199
10.3199
10.3199
10.3199
10.3199
10.3199
10.3199
10.3199
10.3199
10.3199
10.3199
10.3199
10.3199
10.3199
10.3199
10.3161
10.313
10.3079
10.3079
10.2987
10.2987
10.2987
10.2987
10.2987
10.2987
10.2987
10.2987
10.2987
10.2987
10.2987
10.2987
10.2987
10.2987
10.2987
10.2987
10.2987
10.2987
10.2987
10.2987
10.2971
10.2971
10.2971
10.2971
10.2971
10.2971
10.2967
10.2967
10.2967
10.2967
10.2967
10.2967
10.2967
10.2967
10.2967
10.2967
10.2967
10.2967
10.2967
10.2967
10.2967
10.2967
10.2967
10.2967
10.2967
10.2967
10.2967
10.2967
10.2967
10.2967
10.2967
10.2967
10.2967
10.2967
10.2967
10.2967
10.2967
10.2967
10.2967
10.2967
10.2967
10.2967
10.2967
10.2967
10.2967
10.2787
10.2787
10.2787
10.2787
10.2787
10.2787
10.2787
10.2787
10.2787
10.2787
10.2787
10.2787
10.2787
10.2787
10.2787
10.2681
10.2681
10.2681
10.2681
10.2681
10.2681
10.2681
10.2681
10.2681
10.2681
10.2681
10.2681
10.2681
10.2681
10.2681
10.2681
10.2681
10.2681
10.2681
10.2681
10.2681
10.2681
10.2681
10.2681
10.2681
10.2681
10.2621
10.2621
10.2621
10.2621
10.2621
10.2621
10.2621
10.2621
10.2621
10.2621
10.2621
10.2621
10.2621
10.2621
10.2621
10.2621
10.2621
10.2621
10.2621
10.2621
10.2621
10.2621
10.2621
10.2621
10.2621
10.2621
10.2433
10.2433
10.2433
10.2433
10.2433
10.2433
10.2433
10.2433
10.2433
10.2433
10.2433
10.2433
10.2433
10.2433
10.2433
10.2433
10.2433
10.231
10.231
10.231
10.231
10.231
10.231
10.231
10.231
10.231
10.231
10.231
10.231
10.231
10.231
10.231
10.231
10.231
10.231
10.231
10.231
10.231
10.231
10.231
10.231
10.231
10.2269
10.2269
10.2269
10.2269
10.2269
10.2269
10.2269
10.2269
10.2269
10.2236
10.2236
10.2236
10.2215
10.2209
10.2209
10.2209
10.2209
10.2209
10.2209
10.2209
10.2209
10.2141
10.2141
10.2141
10.2141
10.2141
10.2141
10.2141
10.2141
10.2141
10.2141
10.2141
10.2141
10.2141
10.2105
10.2057
10.2057
10.2057
10.2057
10.2057
10.2057
10.2057
10.2057
10.2057
10.2057
10.2057
10.2057
10.2057
10.2057
10.2057
10.2057
10.2057
10.2057
10.2057
10.2057
10.2057
10.2057
10.2057
10.2057
10.2057
10.2057
10.2057
10.2057
10.2057
10.2057
10.2057
10.2057
10.2057
10.2057
10.2057
10.2057
10.2057
10.2057
10.2057
10.2057
10.2057
10.2057
10.2057
10.2057
10.1786
10.1707
10.17
10.17
10.17
10.17
10.17
10.17
10.17
10.17
10.17
10.17
10.17
10.17
10.17
10.17
10.1551
10.1551
10.1551
10.1551
10.1551
10.1551
10.1551
10.1551
10.1551
10.1551
10.1551
10.1551
10.1551
10.1551
10.1551
10.1551
10.1551
10.1551
10.1551
10.1551
10.1551
10.1551
10.1551
10.1551
10.1551
10.1551
10.1551
10.1551
10.1551
10.1551
10.1551
10.1551
10.1551
10.1551
10.1551
10.1551
10.1551
10.1551
10.1551
10.1551
10.1551
10.1551
10.1551
10.1551
10.1551
10.1551
10.1551
10.1551
10.1551
10.1551
10.1551
10.1551
10.1551
10.1551
10.1551
10.1551
10.1551
10.1551
10.1551
10.1551
10.1551
10.1551
10.1551
10.1551
10.1551
10.1551
10.1551
10.1551
10.1551
10.1546
10.1546
10.1546
10.1546
10.1546
10.1546
10.1546
10.1546
10.1546
10.1546
10.1546
10.1546
10.1478
10.1478
10.1478
10.1478
10.1478
10.1478
10.1478
10.1478
10.1478
10.1478
10.1478
10.1478
10.1478
10.1478
10.1478
10.1478
10.1478
10.1478
10.1478
10.1478
10.1478
10.1478
10.1478
10.1478
10.1478
10.1478
10.1478
10.1478
10.1478
10.1478
10.1389
10.1231
10.1211
10.1211
10.1211
10.1211
10.1211
10.1211
10.1211
10.1211
10.1211
10.1211
10.1035
10.0951
10.0951
10.0951
10.0951
10.0951
10.0951
10.0951
10.0951
10.0951
10.0951
10.0917
10.0917
10.0917
10.0917
10.0917
10.0917
10.0917
10.0917
10.0917
10.0872
10.0872
10.0831
10.0831
10.0831
10.0831
10.0831
10.0831
10.0831
10.0831
10.0831
10.0831
10.0831
10.0831
10.0831
10.079
10.0762
10.0762
10.0762
10.0762
10.0762
10.0762
10.0762
10.0762
10.0755
10.0755
10.0755
10.0755
10.0755
10.0755
10.0755
10.0755
10.0755
10.0755
10.0706
10.0703
10.0703
10.0703
10.0703
10.0703
10.0703
10.0703
10.0703
10.0703
10.0703
10.0703
10.0655
10.0655
10.0655
10.0655
10.0655
10.0655
10.0655
10.0655
10.0655
10.0655
10.0655
10.0655
10.0655
10.0655
10.0655
10.0655
10.0655
10.0655
10.0655
10.0655
10.0655
10.0655
10.0655
10.0655
10.0655
10.0591
10.0568
10.0568
10.0568
10.0568
10.0568
10.0568
10.0568
10.0568
10.0568
10.0568
10.0568
10.0568
10.0568
10.0568
10.0568
10.0568
10.0568
10.0568
10.0406
10.0406
10.0406
10.0406
10.0406
10.0406
10.0328
10.0328
10.0328
10.0328
10.0328
10.0328
10.0328
10.0328
10.0328
10.0328
10.0328
10.0328
10.0328
10.0328
10.0328
10.0328
10.0328
10.0328
10.0328
10.0328
10.0328
10.0328
10.0328
10.0328
10.0328
10.0328
10.0277
10.0277
10.0277
10.0277
10.0277
10.0277
10.0277
10.0277
10.0277
10.0277
10.0277
10.0277
10.0277
10.0277
10.0277
10.0277
10.0277
10.0277
10.0277
10.0277
10.0277
10.0277
10.0277
10.0277
10.0277
10.0277
10.0277
10.0277
10.0277
10.0277
10.0277
10.0277
10.0277
10.0277
10.0277
10.0277
10.0277
10.0277
10.0277
10.0277
10.0277
10.0277
10.0277
10.0277
10.0277
10.0277
10.0277
10.0277
10.0277
10.0277
10.0277
10.0277
10.0277
10.0277
10.0277
10.0277
10.0277
10.0277
10.0277
10.0277
10.0277
10.0277
10.0277
10.0277
10.0277
10.0277
10.0277
10.0277
10.0277
10.0277
10.0277
10.0277
10.0277
10.0277
10.0277
10.0277
10.0277
10.0277
10.0277
10.0277
10.0277
10.0277
10.0277
10.0277
10.0277
10.0277
10.0277
10.0277
10.0277
10.0277
10.0277
10.0277
10.0216
10.0216
10.0216
10.0216
10.0216
10.0188
10.0188
10.0188
10.0188
10.0188
10.0188
10.0188
10.0188
10.0188
10.0188
10.0188
10.0188
10.0188
10.0188
10.0188
10.0188
10.0188
10.0188
10.0188
10.0188
10.0188
10.0188
10.0059
10.0059
10.0059
10.0059
10.0059
10.0038
10.0038
9.99819
9.99275
9.99275
9.99275
9.99275
9.99275
9.99275
9.99275
9.99275
9.99275
9.99275
9.99275
9.99275
9.99275
9.99275
9.99275
9.99275
9.9844
9.9844
9.9832
9.9832
9.9832
9.9832
9.9832
9.9832
9.9832
9.9832
9.9832
9.9832
9.9832
9.9832
9.9832
9.9832
9.9832
9.9832
9.9832
9.9832
9.9832
9.9832
9.9832
9.9832
9.9832
9.9832
9.9832
9.9832
9.9832
9.9832
9.9832
9.9832
9.9832
9.9832
9.9832
9.9832
9.9832
9.9832
9.9832
9.9832
9.9832
9.9832
9.9832
9.9832
9.9832
9.9832
9.9832
9.9832
9.97663
9.97663
9.97663
9.97663
9.97663
9.97663
9.97663
9.97663
9.97663
9.97663
9.97663
9.97663
9.97663
9.97663
9.97663
9.97663
9.97663
9.97663
9.97663
9.97663
9.97663
9.97663
9.97663
9.97663
9.97663
9.97663
9.97663
9.97663
9.97663
9.97663
9.97663
9.97663
9.97663
9.97663
9.97663
9.97663
9.97663
9.97663
9.97663
9.97663
9.97663
9.97663
9.97663
9.97663
9.97663
9.97367
9.97367
9.97367
9.97367
9.97367
9.97367
9.97367
9.97367
9.97367
9.97367
9.97367
9.97367
9.96859
9.96859
9.96476
9.96476
9.96476
9.96476
9.96476
9.96476
9.96476
9.96476
9.96476
9.96476
9.96476
9.96476
9.96476
9.96476
9.96476
9.96476
9.96476
9.96476
9.96476
9.96476
9.96476
9.96476
9.96476
9.96476
9.96476
9.96476
9.96476
9.96476
9.96476
9.96476
9.96476
9.96476
9.96476
9.96476
9.96476
9.96476
9.96476
9.96476
9.96476
9.96476
9.96476
9.96476
9.96476
9.96476
9.96476
9.96476
9.96476
9.96476
9.96476
9.96476
9.96476
9.96476
9.96476
9.96476
9.95807
9.95807
9.95807
9.95807
9.95807
9.95807
9.95807
9.95807
9.94224
9.94224
9.94224
9.94224
9.94224
9.94224
9.94224
9.94224
9.94224
9.94224
9.94224
9.94224
9.94224
9.94224
9.94224
9.94224
9.94224
9.94224
9.94224
9.94224
9.94224
9.94224
9.94224
9.94224
9.94224
9.94224
9.94224
9.94224
9.94224
9.94224
9.94224
9.94224
9.94224
9.94224
9.94224
9.94224
9.94224
9.94224
9.94224
9.94224
9.94224
9.94224
9.94224
9.94224
9.94224
9.94224
9.94224
9.94224
9.94224
9.94224
9.94224
9.94224
9.94224
9.94224
9.94224
9.94224
9.94224
9.94224
9.94224
9.94224
9.94224
9.94224
9.94224
9.94224
9.94224
9.94224
9.94224
9.94224
9.94224
9.94224
9.94224
9.94224
9.94224
9.94224
9.94224
9.94224
9.94224
9.94224
9.94224
9.94224
9.94224
9.94224
9.94224
9.94224
9.94224
9.94224
9.94224
9.94224
9.94224
9.94224
9.94224
9.94224
9.94224
9.94224
9.94224
9.94224
9.93651
9.93651
9.93651
9.93651
9.93651
9.93651
9.93651
9.93651
9.93651
9.93651
9.93651
9.93651
9.93651
9.93573
9.93573
9.93573
9.93573
9.93573
9.93573
9.93573
9.9304
9.9304
9.9304
9.9304
9.9304
9.9304
9.9304
9.9304
9.9304
9.9304
9.9304
9.9304
9.9304
9.9304
9.9304
9.9304
9.9304
9.9304
9.9304
9.9304
9.9304
9.9304
9.9304
9.9304
9.9304
9.9304
9.9304
9.9304
9.9304
9.9304
9.9304
9.9304
9.9304
9.9304
9.92191
9.92191
9.92191
9.92191
9.92096
9.91961
9.91961
9.91961
9.91961
9.91961
9.91961
9.91961
9.91961
9.91961
9.91961
9.91961
9.91961
9.91961
9.91961
9.91961
9.91961
9.91961
9.91961
9.91961
9.91961
9.90287
9.90287
9.90287
9.90287
9.90287
9.90287
9.90287
9.90287
9.90287
9.90287
9.90287
9.90287
9.90287
9.90287
9.90287
9.90287
9.90287
9.90287
9.90287
9.90287
9.90287
9.90287
9.90287
9.90287
9.90287
9.90287
9.90287
9.90287
9.90287
9.90287
9.90287
9.90287
9.90287
9.90287
9.90287
9.90287
9.90287
9.90287
9.90287
9.90287
9.90287
9.90287
9.90287
9.90287
9.90287
9.90287
9.90287
9.90287
9.90287
9.90287
9.90287
9.90287
9.90287
9.90287
9.90287
9.90287
9.90287
9.90287
9.90287
9.90287
9.90287
9.90287
9.90287
9.90287
9.90287
9.90287
9.90287
9.90287
9.90287
9.90287
9.90287
9.90287
9.90287
9.90287
9.90287
9.90287
9.90287
9.90287
9.90287
9.90287
9.90287
9.90287
9.90287
9.90287
9.90287
9.90287
9.90287
9.90287
9.90287
9.90287
9.90287
9.90287
9.90287
9.90287
9.90287
9.90287
9.90287
9.88743
9.88138
9.88138
9.88138
9.88138
9.88138
9.88138
9.88138
9.88138
9.88138
9.8711
9.8711
9.8711
9.8711
9.8711
9.8711
9.8711
9.8711
9.8711
9.8711
9.8711
9.8711
9.8711
9.8711
9.8711
9.8711
9.8711
9.8711
9.8711
9.8711
9.8711
9.8711
9.8711
9.8711
9.8711
9.8711
9.8711
9.8711
9.8711
9.8711
9.8711
9.8711
9.8711
9.8711
9.8711
9.8711
9.8711
9.8711
9.8711
9.8711
9.8711
9.8711
9.8711
9.8711
9.8711
9.8711
9.8711
9.8711
9.8711
9.8711
9.8711
9.8711
9.8711
9.8711
9.8711
9.8711
9.8711
9.8711
9.8711
9.8711
9.8711
9.8711
9.8711
9.8711
9.8711
9.8711
9.8711
9.8711
9.8711
9.8711
9.8711
9.8711
9.8711
9.8711
9.8711
9.8711
9.8711
9.8711
9.8711
9.8711
9.8711
9.8711
9.8711
9.8711
9.8711
9.8711
9.8711
9.8711
9.8711
9.8711
9.8711
9.8711
9.8711
9.8711
9.8711
9.85078
9.85078
9.85078
9.85078
9.85078
9.85078
9.85078
9.85078
9.85078
9.85078
9.85078
9.85078
9.85078
9.85078
9.85078
9.85078
9.85078
9.85078
9.85078
9.85078
9.85078
9.85078
9.85078
9.85078
9.85078
9.84825
9.84825
9.84825
9.84825
9.84825
9.84825
9.84825
9.84825
9.84825
9.84825
9.84825
9.84825
9.84825
9.84825
9.84825
9.84825
9.84825
9.84825
9.84825
9.84825
9.84825
9.84825
9.84825
9.84825
9.84825
9.84825
9.84825
9.84825
9.84825
9.84825
9.84825
9.84825
9.84825
9.84825
9.84825
9.84825
9.84825
9.84825
9.84825
9.8278
9.81378
9.81378
9.81378
9.81378
9.81378
9.81378
9.81378
9.81378
9.81378
9.81378
9.81378
9.81378
9.81378
9.81378
9.81378
9.81378
9.81378
9.81378
9.81378
9.81378
9.81378
9.81378
9.81378
9.81378
9.81378
9.81378
9.81378
9.81378
9.81378
9.81378
9.81378
9.81378
9.81378
9.81378
9.81378
9.81378
9.81378
9.81378
9.81378
9.81378
9.81378
9.81378
9.81378
9.81378
9.81378
9.81378
9.81378
9.81378
9.81378
9.81378
9.81378
9.81378
9.81378
9.81378
9.81378
9.81378
9.81378
9.81378
9.81378
9.81378
9.81378
9.81378
9.81378
9.81378
9.81378
9.81378
9.81378
9.81378
9.81378
9.81378
9.81378
9.81378
9.81378
9.81378
9.79752
9.79752
9.79752
9.79752
9.79752
9.79752
9.79752
9.79752
9.79752
9.79752
9.79752
9.79752
9.79752
9.79752
9.79752
9.79752
9.79752
9.79752
9.79752
9.79752
9.79752
9.79752
9.79752
9.79752
9.79752
9.79752
9.79752
9.79752
9.79752
9.79752
9.79752
9.79752
9.79752
9.79752
9.79752
9.79752
9.79752
9.79752
9.79752
9.79752
9.79752
9.79752
9.79752
9.79752
9.79752
9.79752
9.79752
9.79752
9.79752
9.79752
9.79752
9.79752
9.79752
9.79752
9.79752
9.79752
9.79752
9.79752
9.79752
9.79752
9.79752
9.79752
9.79752
9.79752
9.79752
9.79752
9.79752
9.79752
9.79752
9.79752
9.79752
9.79752
9.79752
9.79752
9.79752
9.79752
9.79752
9.79752
9.79752
9.79752
9.79752
9.79752
9.78755
9.78755
9.78755
9.78755
9.78755
9.78755
9.78755
9.78755
9.78755
9.78755
9.78755
9.78755
9.78755
9.78755
9.78755
9.78755
9.78755
9.78755
9.78755
9.78755
9.78755
9.78755
9.78755
9.78755
9.78755
9.78755
9.78755
9.78755
9.78755
9.78755
9.78755
9.78755
9.78755
9.78755
9.78755
9.78755
9.78755
9.78755
9.78755
9.78755
9.78755
9.78755
9.78755
9.78755
9.78755
9.78755
9.78755
9.78755
9.78755
9.78755
9.78755
9.78755
9.78755
9.78755
9.78755
9.78755
9.78755
9.78755
9.78755
9.78755
9.78755
9.78755
9.77513
9.77513
9.77513
9.77513
9.77513
9.77513
9.77513
9.77513
9.77513
9.77513
9.77513
9.77513
9.77513
9.77513
9.77513
9.77513
9.77513
9.77513
9.77513
9.77513
9.77513
9.77513
9.77513
9.77513
9.77513
9.77513
9.77513
9.77513
9.77513
9.77513
9.77513
9.77513
9.77513
9.77513
9.76304
9.76218
9.76218
9.76218
9.76218
9.7426
9.7426
9.7426
9.7426
9.7426
9.7426
9.7426
9.7426
9.7426
9.7426
9.7426
9.7426
9.7426
9.7426
9.7426
9.73978
9.73892
9.73892
9.73892
9.73892
9.73892
9.73892
9.73892
9.73892
9.73892
9.73892
9.73892
9.73892
9.73892
9.73892
9.73892
9.73766
9.73766
9.73766
9.73766
9.73766
9.73766
9.73766
9.73766
9.73766
9.73766
9.73766
9.73766
9.73766
9.73766
9.73766
9.73766
9.73766
9.73766
9.73766
9.73766
9.73766
9.73766
9.73766
9.73766
9.73766
9.73766
9.73766
9.73766
9.73766
9.73766
9.73766
9.73766
9.73766
9.73766
9.73766
9.73766
9.73766
9.73766
9.73766
9.73766
9.73766
9.73766
9.73766
9.73766
9.73766
9.73766
9.73766
9.73766
9.73766
9.73766
9.73766
9.73766
9.73766
9.73766
9.73766
9.73766
9.73766
9.73766
9.73766
9.73766
9.73766
9.73766
9.73766
9.73766
9.73766
9.73766
9.73766
9.73766
9.73766
9.73766
9.73766
9.73766
9.73766
9.73766
9.73766
9.73766
9.73766
9.73766
9.73766
9.73766
9.73766
9.73766
9.73766
9.73766
9.73766
9.73766
9.73766
9.73766
9.73766
9.73766
9.73766
9.73539
9.73539
9.73539
9.73539
9.73539
9.73539
9.73539
9.73539
9.73539
9.73539
9.73539
9.73539
9.73539
9.73539
9.73539
9.73539
9.73539
9.73539
9.73539
9.73539
9.73539
9.73539
9.73539
9.73539
9.73356
9.73356
9.73293
9.73293
9.73293
9.73293
9.73293
9.73293
9.73293
9.73293
9.73293
9.73293
9.73293
9.73293
9.73293
9.73293
9.73293
9.73293
9.73293
9.73293
9.72511
9.72511
9.72511
9.72511
9.72511
9.72511
9.72511
9.72511
9.72511
9.72511
9.72511
9.72511
9.72511
9.72511
9.72511
9.72511
9.72511
9.72511
9.72511
9.72511
9.72511
9.72511
9.72511
9.72511
9.72511
9.72511
9.72139
9.72139
9.72139
9.72139
9.72139
9.72139
9.72139
9.72139
9.72139
9.72139
9.72139
9.72139
9.72139
9.72139
9.72139
9.72139
9.72139
9.72139
9.72139
9.72139
9.72139
9.72139
9.72139
9.72139
9.72139
9.72139
9.72139
9.72139
9.72139
9.72139
9.72139
9.72139
9.72139
9.72139
9.72139
9.72139
9.72139
9.72139
9.71673
9.71598
9.71598
9.71598
9.71598
9.71598
9.71598
9.71598
9.71598
9.71598
9.71598
9.71598
9.71598
9.71598
9.71598
9.71598
9.71598
9.71409
9.71409
9.71409
9.71409
9.71409
9.71409
9.71409
9.71409
9.71409
9.71409
9.71409
9.71409
9.71409
9.71409
9.71409
9.71409
9.71409
9.71409
9.71409
9.71197
9.71197
9.71197
9.71197
9.71197
9.70528
9.70528
9.70528
9.70528
9.70528
9.70528
9.70528
9.70528
9.70528
9.70528
9.70528
9.70528
9.70528
9.70528
9.70528
9.70528
9.68886
9.68886
9.68886
9.68886
9.68886
9.68886
9.68886
9.68886
9.68886
9.68886
9.68886
9.68886
9.68886
9.68886
9.68886
9.68886
9.68886
9.68886
9.68886
9.68886
9.68886
9.68886
9.68886
9.68886
9.68886
9.68886
9.68886
9.68886
9.68886
9.68886
9.68886
9.68886
9.68886
9.68886
9.68886
9.68886
9.68886
9.68886
9.68886
9.68886
9.68886
9.68886
9.68677
9.68613
9.68613
9.68613
9.68613
9.68613
9.68613
9.68613
9.68613
9.68613
9.68613
9.68613
9.68613
9.68613
9.68613
9.68613
9.68613
9.68613
9.68613
9.68613
9.68613
9.68613
9.68613
9.68613
9.68613
9.68613
9.68613
9.68613
9.68613
9.68613
9.68613
9.68613
9.68613
9.68613
9.68613
9.68613
9.68613
9.68613
9.68613
9.68613
9.68613
9.68613
9.68613
9.68613
9.68613
9.68613
9.68613
9.68613
9.68613
9.68613
9.68613
9.68613
9.68613
9.67936
9.67936
9.67936
9.67936
9.67936
9.67936
9.67936
9.67936
9.67936
9.67936
9.67936
9.67936
9.67936
9.67936
9.67936
9.67936
9.67936
9.67936
9.67936
9.67936
9.67936
9.67936
9.67936
9.67936
9.67936
9.67874
9.67874
9.67874
9.67874
9.67874
9.67874
9.67874
9.67874
9.67874
9.67874
9.67874
9.67874
9.67874
9.67874
9.67874
9.67874
9.67874
9.67874
9.67874
9.67766
9.67766
9.67766
9.67766
9.67766
9.67766
9.67766
9.67766
9.67766
9.67766
9.67766
9.67766
9.67766
9.67766
9.67766
9.67766
9.67766
9.67766
9.67766
9.67766
9.67766
9.67766
9.67766
9.67766
9.67766
9.67766
9.67766
9.67766
9.67766
9.67766
9.67766
9.67766
9.67766
9.67766
9.67766
9.67766
9.67766
9.67766
9.67766
9.67766
9.67766
9.67766
9.67766
9.67766
9.67766
9.67766
9.67766
9.67766
9.67766
9.67766
9.67149
9.67149
9.67149
9.66295
9.66295
9.66295
9.66295
9.66295
9.66295
9.66295
9.66295
9.66295
9.66295
9.66295
9.66295
9.66295
9.66295
9.66295
9.66295
9.66295
9.66295
9.66295
9.66295
9.66295
9.66295
9.66295
9.66295
9.66295
9.66295
9.66295
9.66295
9.66295
9.66295
9.66295
9.66295
9.66295
9.66295
9.66295
9.66295
9.66295
9.66295
9.66295
9.66295
9.66295
9.66295
9.66295
9.66295
9.66295
9.66295
9.66295
9.66295
9.66295
9.66295
9.66295
9.66295
9.66295
9.66295
9.66295
9.66295
9.66295
9.66295
9.66295
9.66295
9.66295
9.66295
9.66295
9.66295
9.66295
9.66295
9.66295
9.66295
9.66295
9.66295
9.66295
9.66295
9.66295
9.66295
9.66295
9.66295
9.66295
9.66295
9.66295
9.66295
9.66295
9.66295
9.66295
9.66295
9.66295
9.66295
9.66295
9.66295
9.66295
9.66295
9.66295
9.66295
9.66295
9.66295
9.66295
9.66295
9.66295
9.66295
9.66295
9.66295
9.66295
9.66295
9.66295
9.66008
9.66008
9.66008
9.66008
9.66008
9.66008
9.66008
9.66008
9.66008
9.66008
9.66008
9.66008
9.66008
9.66008
9.66008
9.66008
9.66008
9.66008
9.66008
9.66008
9.66008
9.66008
9.66008
9.66008
9.66008
9.66008
9.66008
9.66008
9.66008
9.66008
9.66008
9.66008
9.66008
9.66008
9.66008
9.66008
9.66008
9.66008
9.66008
9.66008
9.66008
9.66008
9.66008
9.66008
9.66008
9.66008
9.66008
9.66008
9.66008
9.66008
9.66008
9.66008
9.66008
9.66008
9.66008
9.66008
9.66008
9.66008
9.66008
9.66008
9.66008
9.66008
9.66008
9.66008
9.66008
9.66008
9.66008
9.66008
9.66008
9.66008
9.66008
9.66008
9.66008
9.66008
9.66008
9.66008
9.66008
9.66008
9.66008
9.66008
9.66008
9.66008
9.66008
9.66008
9.66008
9.66008
9.66008
9.66008
9.66008
9.66008
9.66008
9.66008
9.66008
9.66008
9.66008
9.6551
9.6551
9.6551
9.6551
9.6551
9.6551
9.6551
9.6551
9.6551
9.6551
9.6551
9.6551
9.6551
9.6551
9.6551
9.6551
9.6551
9.6551
9.6551
9.6551
9.6551
9.6551
9.6551
9.6551
9.6551
9.6551
9.6551
9.6551
9.6551
9.6551
9.6551
9.6551
9.6551
9.6551
9.6551
9.6551
9.6551
9.6551
9.6551
9.6551
9.6551
9.6551
9.6551
9.6551
9.6551
9.6551
9.6551
9.6551
9.6551
9.6551
9.6551
9.6551
9.6551
9.6551
9.6551
9.6551
9.6551
9.6551
9.6551
9.6551
9.65375
9.65375
9.65375
9.65375
9.65375
9.65375
9.65375
9.65375
9.65375
9.65375
9.65375
9.65375
9.65375
9.65375
9.65375
9.65375
9.65375
9.65375
9.65375
9.63563
9.63563
9.63563
9.63563
9.63563
9.63563
9.63563
9.63563
9.63563
9.63563
9.63563
9.63563
9.63309
9.63309
9.63309
9.63309
9.63309
9.63309
9.63309
9.63309
9.63309
9.63309
9.63309
9.63309
9.63309
9.63102
9.63102
9.63102
9.63102
9.63102
9.63102
9.63102
9.63102
9.63102
9.63102
9.63102
9.63102
9.63102
9.63102
9.63102
9.63102
9.63102
9.63102
9.63102
9.63102
9.63102
9.63102
9.63102
9.63102
9.63102
9.63102
9.63102
9.63102
9.63102
9.63102
9.63102
9.63102
9.63102
9.63102
9.63102
9.63102
9.63102
9.63102
9.63102
9.63102
9.63102
9.63102
9.63102
9.63102
9.63102
9.63102
9.63102
9.63102
9.63102
9.63102
9.63102
9.63102
9.63102
9.63102
9.63102
9.63102
9.63102
9.63102
9.63102
9.63102
9.63102
9.62618
9.62618
9.62291
9.62291
9.62291
9.62291
9.62291
9.62291
9.62291
9.62291
9.62291
9.62291
9.62291
