1.86099e+008
1.58173e+008
1.23554e+008
1.23554e+008
1.23554e+008
1.23554e+008
1.23554e+008
1.23554e+008
1.09292e+008
7.87237e+007
7.87237e+007
7.87237e+007
7.75165e+007
6.72846e+007
3.69689e+007
3.69689e+007
3.69689e+007
3.69689e+007
3.69689e+007
3.59145e+007
3.04756e+007
3.04756e+007
2.95737e+007
2.42408e+007
2.42408e+007
2.42408e+007
2.42408e+007
2.42408e+007
2.42408e+007
2.14447e+007
2.14447e+007
2.01857e+007
2.01857e+007
2.01857e+007
2.01857e+007
2.01857e+007
2.00853e+007
1.67074e+007
1.67074e+007
1.4906e+007
1.4906e+007
1.4906e+007
1.4906e+007
1.4906e+007
1.4906e+007
1.4906e+007
1.38583e+007
1.38583e+007
1.38583e+007
1.38583e+007
1.38583e+007
1.38583e+007
1.38583e+007
1.38583e+007
1.29535e+007
1.17381e+007
1.17381e+007
1.17381e+007
1.17381e+007
1.17381e+007
1.13754e+007
1.02217e+007
1.01621e+007
9.90966e+006
9.90966e+006
9.39688e+006
9.39688e+006
8.90637e+006
8.90637e+006
8.64733e+006
8.23087e+006
8.23087e+006
7.06053e+006
7.06053e+006
7.06053e+006
7.06053e+006
6.72269e+006
6.72269e+006
6.30471e+006
6.30471e+006
6.30471e+006
6.215e+006
5.75936e+006
5.75936e+006
5.56545e+006
5.56545e+006
5.39931e+006
4.49543e+006
4.40715e+006
4.40715e+006
3.57555e+006
3.18178e+006
3.18178e+006
3.18178e+006
3.00002e+006
3.00002e+006
3.00002e+006
3.00002e+006
3.00002e+006
2.81037e+006
2.81037e+006
2.81037e+006
2.81037e+006
2.53206e+006
2.53206e+006
2.53206e+006
2.53206e+006
2.53206e+006
2.51647e+006
2.46389e+006
2.44803e+006
2.44803e+006
2.44803e+006
2.12048e+006
2.12048e+006
2.03682e+006
2.03682e+006
2.03682e+006
2.03682e+006
2.03682e+006
1.81217e+006
1.81217e+006
1.79077e+006
1.66912e+006
1.48619e+006
1.48619e+006
1.29698e+006
1.29698e+006
1.29698e+006
1.29698e+006
1.29698e+006
1.29698e+006
1.29698e+006
1.29698e+006
1.28568e+006
1.12598e+006
1.12598e+006
1.12598e+006
1.11712e+006
1.11712e+006
1.02914e+006
1.02914e+006
988506
988506
988506
898007
898007
875817
825371
825371
825371
788988
788988
788988
571232
571232
571232
571232
571232
571232
571232
571232
571232
571232
571232
571232
531159
497871
497871
497844
497844
497844
497844
497844
459461
459461
436200
436200
436200
390032
379426
379426
372411
372411
372411
372411
372411
372411
372411
339295
314465
314465
314465
269905
269905
269905
269905
269905
267757
267757
267757
267757
265267
265267
265267
265267
265267
247603
247603
197771
197771
197771
195577
195577
194520
193947
193947
193947
191618
162371
162371
162371
162371
162371
162371
162371
152049
151147
149167
149167
149167
149167
149167
149167
149167
149167
149167
149167
149167
149167
120985
120985
119751
119751
119751
119751
119751
116661
113055
107034
106748
106748
75293.2
75293.2
75293.2
75293.2
73583.9
73583.9
73583.9
73583.9
73583.9
72709.3
72709.3
72450.6
69802.4
69802.4
69599.2
69477.1
62522.3
56557.9
56557.9
56557.9
56557.9
56557.9
54701.2
54356.6
35972.5
35972.5
31889.9
31889.9
31017.4
31017.4
30174.3
30174.3
30174.3
30174.3
30174.3
30174.3
26611.9
26611.9
26611.9
24296.7
24296.7
20080.5
20080.5
20080.5
20080.5
20080.5
20080.5
20080.5
20080.5
16644.1
16644.1
16644.1
16644.1
16424.2
16424.2
16424.2
16424.2
16356.3
16356.3
16356.3
16356.3
16301.3
16301.3
16301.3
16301.3
16301.3
16301.3
15920
15920
15920
15920
15920
15920
15019.8
15019.8
15019.8
15019.8
15019.8
15019.8
15019.8
15019.8
15019.8
14002.2
13856.9
13732.5
13732.5
13732.5
13633.7
13633.7
13633.7
13633.7
13150.1
10576.5
9006.71
9006.71
9006.71
9006.71
9006.71
9006.71
9006.71
9006.71
9006.71
9006.71
8145.77
7787.27
7787.27
7777.33
7777.33
7777.33
7777.33
7652.85
7644.64
7644.64
7644.64
7439.39
7439.39
7439.39
7347.61
7347.61
7347.61
6063.61
6063.61
6063.61
6063.61
6063.61
6063.61
6063.61
6063.61
6063.61
6063.61
6063.61
6063.61
6063.61
6063.61
6063.61
6063.61
6063.61
6063.61
5902.2
5902.2
5902.2
5902.2
5902.2
5902.2
5886.89
5886.89
5886.89
4718.52
4718.52
4718.52
4718.52
4718.52
4718.52
4718.52
4718.52
4626.36
4626.36
4622.09
4622.09
4622.09
4622.09
4315.68
4315.68
4315.68
4315.68
4315.68
4223.91
4223.91
4223.91
4223.91
4223.91
4137.47
4137.47
4137.47
4137.47
4137.47
4090.11
4090.11
4090.11
4090.11
4004.53
4004.53
3982.12
3982.12
3982.12
3924.49
3639.91
3609.23
3609.23
3609.23
3489.04
3489.04
3441.4
3441.4
3400.36
3400.36
3386.74
3313.4
3313.4
3313.4
3313.4
3313.4
3313.4
3313.4
3313.4
3313.4
3000.15
2998.24
2998.24
2955.33
2955.33
2955.33
2955.33
2847.39
2847.39
2847.39
2847.39
2847.39
2675.12
2675.12
2675.12
2675.12
2674.88
2536.3
2536.3
2536.3
2523.1
2384.64
2375.01
2348.82
2348.82
2348.82
2241.05
2241.05
2241.05
2175.69
2175.69
2175.69
2175.69
2175.69
2175.69
2175.69
2175.69
2175.69
2175.69
2175.69
2175.69
2175.69
2175.69
2175.69
2175.69
2032.09
2032.09
2032.09
2032.09
2032.09
2032.09
2018.63
1950.93
1937.99
1898.67
1869.95
1869.95
1869.95
1869.95
1869.95
1869.95
1869.95
1869.95
1869.95
1869.95
1869.95
1797.8
1797.8
1794.4
1794.4
1656.07
1656.07
1656.07
1656.07
1656.07
1656.07
1656.07
1656.07
1622.1
1622.1
1597.03
1597.03
1542.64
1542.64
1542.64
1542.64
1542.64
1542.64
1542.64
1536.59
1535.47
1535.47
1535.47
1535.47
1508.74
1508.74
1508.74
1508.74
1508.74
1461.88
1461.88
1461.88
1461.88
1234.03
1202.69
1202.69
1202.69
1202.69
1202.69
1202.69
1202.59
1202.59
1202.59
1202.59
1202.59
1202.59
1137.23
1137.23
1137.23
1137.23
1137.23
1090.63
1090.63
1079.19
1079.19
984.674
984.674
984.674
984.674
984.674
984.674
899.638
899.638
899.638
899.638
899.638
899.638
899.638
892.355
892.355
840.728
827.681
827.681
827.457
827.457
827.457
827.457
827.457
827.457
823.428
799.213
799.213
799.213
799.213
799.213
799.213
712.063
672.718
672.718
672.718
672.486
671.67
671.67
671.67
671.67
671.67
653.125
653.125
644.939
644.939
644.939
644.939
644.939
644.939
641.303
641.303
641.303
641.303
641.303
641.303
641.303
641.303
641.303
641.303
641.303
641.303
633.214
633.214
633.214
625.567
625.567
625.567
618.517
607.541
607.541
607.541
583.469
583.469
583.469
583.469
583.469
583.469
583.469
582.093
582.093
578.894
578.894
529.382
519.62
511.632
511.632
511.632
511.632
511.632
505.551
505.033
505.033
505.033
505.033
505.033
505.033
502.39
502.39
502.39
502.39
477.335
477.335
477.335
477.335
477.335
477.335
422.842
422.842
422.306
422.306
422.306
422.02
422.02
422.02
422.02
422.02
422.02
422.02
422.02
422.02
422.02
422.02
422.02
421.879
421.879
421.879
421.879
402.961
402.961
402.961
402.961
389.629
382.315
382.315
382.315
381.785
381.785
381.785
381.785
381.785
381.785
381.785
377.293
377.293
364.922
364.922
364.922
364.922
364.922
364.922
359.75
350.282
350.282
350.282
348.738
348.172
348.172
348.172
348.172
348.172
348.172
348.172
348.172
348.172
328.488
324.169
324.169
324.169
324.169
320.579
306.899
302.715
302.715
302.645
302.645
302.645
302.645
302.645
302.645
302.38
302.38
302.38
302.38
302.38
295.489
295.489
295.489
293.922
278.269
278.269
278.269
278.269
278.269
278.269
271.964
271.964
271.964
260.232
260.232
260.232
260.053
260.053
260.053
260.053
260.053
260.053
260.053
260.053
260.053
260.053
260.053
259.243
259.243
259.243
245.721
245.721
245.721
245.721
244.44
244.424
244.424
244.142
244.142
242.798
242.798
242.798
231.09
231.09
231.09
231.09
231.09
231.09
230.925
230.925
230.925
230.925
230.925
230.925
230.925
230.925
230.925
230.925
230.925
230.089
230.069
230.022
227.554
227.554
226.067
226.067
224.891
224.891
224.891
224.891
224.891
224.891
224.891
224.891
218.421
218.421
218.421
216.207
216.207
216.207
214.915
214.915
214.915
209.906
209.906
208.286
208.286
208.286
208.286
208.286
208.286
208.286
208.286
208.286
208.286
208.286
208.286
208.286
208.286
203.015
193.914
193.914
193.914
193.914
193.914
193.914
193.539
193.539
192.042
192.042
192.042
192.042
192.042
192.042
192.042
192.042
192.042
192.042
191.715
191.715
191.715
191.715
190.846
190.846
190.846
190.846
190.591
190.591
189.5
182.284
182.284
182.284
182.284
182.284
182.284
182.284
182.284
182.284
182.284
182.284
182.284
182.284
182.284
182.284
182.284
182.277
180.8
180.8
180.8
180.8
179.194
179.194
179.194
179.194
178.947
178.947
173.08
173.08
173.08
173.08
173.08
173.08
171.078
170.091
170.091
170.091
170.091
170.091
170.091
170.091
170.091
166.917
166.084
166.084
164.891
164.891
164.891
164.891
164.035
164.035
164.035
164.035
162.461
162.461
162.461
162.461
162.461
162.461
162.461
162.461
162.461
162.461
162.461
162.461
162.461
162.461
162.461
162.461
161.826
161.826
160.094
160.094
160.094
160.094
160.094
160.094
158.564
158.564
158.564
157.612
157.525
156.244
156.244
153.103
153.103
153.103
153.103
153.103
153.103
152.446
152.446
152.446
150.291
150.291
150.291
150.291
150.291
150.291
150.291
149.606
149.606
149.606
149.299
149.299
149.146
148.646
148.646
148.646
148.646
148.646
148.33
147.351
146.748
146.748
146.748
146.748
146.748
146.748
146.748
146.748
146.748
146.748
146.637
145.576
145.576
145.576
145.576
145.576
143.02
143.02
143.02
143.02
143.02
143.02
143.02
143.02
143.02
143.02
143.02
143.02
143.02
143.02
143.02
142.858
142.858
142.858
142.858
142.858
142.858
142.827
142.827
142.175
142.175
142.175
142.175
142.175
142.175
141.962
141.962
141.962
141.889
141.889
141.198
141.198
141.198
141.198
141.198
141.198
141.198
141.198
140.488
140.362
140.362
138.903
138.903
138.903
138.903
138.903
138.903
138.903
138.903
138.903
138.903
138.903
138.903
138.903
138.903
138.851
138.851
138.851
138.851
138.851
138.851
138.851
138.851
138.851
138.851
138.851
138.851
138.851
138.851
138.851
138.851
138.851
138.851
138.851
138.826
138.826
138.826
138.826
138.826
138.441
137.841
137.841
137.841
137.841
137.841
137.841
137.841
137.841
137.815
136.984
136.984
136.984
136.984
136.984
136.984
136.984
136.636
136.636
136.636
136.636
136.636
136.636
136.636
136.636
136.636
136.636
136.636
136.636
136.636
136.636
136.636
136.636
136.636
136.318
136.318
136.318
136.318
136.318
136.318
136.318
136.318
136.318
136.318
136.318
136.318
136.315
136.315
136.311
136.172
136.172
136.172
136.172
136.172
136.172
136.172
136.172
136.172
136.172
136.172
135.998
135.998
135.989
135.989
135.989
135.989
135.664
135.664
135.664
135.664
135.487
135.487
135.487
135.487
135.487
135.487
135.487
135.487
135.487
135.487
135.487
135.487
135.487
135.487
135.487
135.487
135.487
135.487
135.487
135.464
135.464
135.139
134.169
134.169
134.169
134.169
134.169
134.125
134.125
134.125
134.125
134.125
134.125
134.125
134.125
134.125
134.125
134.125
134.125
134.125
134.125
134.108
134.1
134.1
134.1
134.1
134.1
134.1
134.1
134.1
134.1
134.063
134.063
134.063
134.063
134.063
134.063
134.063
134.063
134.063
134.063
134.063
134.063
134.063
134.063
134.063
134.063
134.063
134.063
134.063
134.062
134.062
134.062
134.062
134.062
134.062
134.062
134.062
134.062
134.012
133.942
133.942
133.817
133.817
133.817
133.798
133.798
133.798
133.798
133.798
133.798
133.771
133.771
133.771
133.771
133.771
133.503
133.503
133.503
133.503
133.503
133.503
133.487
133.468
133.468
133.468
133.468
133.468
133.468
133.468
133.468
133.468
133.468
133.468
133.468
133.468
133.451
133.451
133.451
133.421
133.421
133.421
133.415
133.403
133.403
133.084
133.084
133.084
133.084
133.038
133.038
133.038
133.038
133.038
133.038
133.002
132.889
132.889
132.889
132.889
132.889
132.889
132.889
132.585
132.585
132.585
132.585
132.585
132.585
132.585
132.584
132.584
132.584
132.584
132.584
132.373
132.373
132.373
132.373
132.373
132.373
132.373
132.373
132.373
132.373
132.373
132.373
132.363
132.363
132.363
132.363
132.363
132.363
132.363
132.363
132.363
132.363
132.363
132.363
131.788
131.788
131.788
131.788
131.788
131.788
131.788
131.788
131.788
131.788
131.788
131.788
131.788
131.788
131.788
131.768
131.768
131.768
131.768
131.768
131.768
131.768
131.768
131.768
131.442
131.442
131.442
131.442
131.418
131.418
131.418
131.418
131.418
131.418
131.418
131.127
131.127
131.127
131.127
131.127
131.127
131.127
131.127
131.127
131.127
131.127
131.127
131.127
131.127
131.127
131.127
131.127
131.127
131.127
131.127
131.127
131.127
130.731
130.731
130.731
130.731
130.731
130.731
130.731
130.689
130.689
130.689
130.689
130.611
130.611
130.611
130.611
130.611
130.611
130.611
130.611
130.611
130.611
130.611
130.611
130.611
130.611
130.611
130.611
130.611
130.611
130.611
130.611
130.459
130.459
130.459
130.459
130.433
130.433
130.433
130.433
130.433
130.433
130.433
130.433
130.259
130.259
130.259
130.259
130.259
130.259
130.259
130.259
130.253
130.253
130.253
130.253
130.221
130.221
130.221
130.221
130.221
130.221
130.221
130.221
130.221
130.221
130.221
130.203
130.203
130.203
130.203
130.114
130.114
129.493
129.386
129.386
129.381
129.381
129.381
129.378
129.378
129.378
129.228
129.228
129.228
129.119
129.119
129.119
129.119
129.119
129.119
129.119
129.119
129.119
129.119
129.082
129.082
129.082
129.082
129.082
128.916
128.916
128.916
128.916
128.916
128.916
128.894
128.894
128.894
128.894
128.894
128.894
128.894
128.894
128.894
128.894
128.894
128.894
128.894
128.894
128.894
128.894
128.894
128.894
128.894
128.894
128.894
128.894
128.894
128.894
128.854
128.854
128.854
128.854
128.854
128.854
128.607
128.445
128.445
128.445
128.445
128.445
128.445
128.445
128.445
128.445
128.445
128.445
128.445
128.445
128.445
128.445
128.445
128.445
128.445
128.44
128.44
128.44
128.44
128.44
128.44
128.44
128.44
128.44
128.44
128.44
128.439
128.439
128.398
128.398
128.398
128.398
128.398
128.398
128.398
128.398
128.362
128.352
128.352
128.352
128.352
128.352
128.352
128.352
128.352
128.352
128.352
128.352
128.352
128.352
128.32
128.32
128.32
128.32
128.32
128.32
128.32
128.32
128.32
128.32
128.32
128.32
128.32
128.32
128.32
128.32
128.32
128.32
128.32
128.32
128.32
128.32
128.32
128.32
128.32
128.32
128.32
128.319
128.319
128.319
128.319
128.319
128.319
128.319
128.319
128.319
128.319
128.319
128.319
128.319
128.319
128.319
128.319
128.319
128.319
128.319
128.319
128.319
128.319
128.319
128.319
128.284
128.283
128.283
128.283
128.283
128.283
128.283
128.283
128.283
128.283
128.283
128.283
128.283
128.283
128.283
128.283
128.283
128.283
128.283
128.283
128.283
128.282
128.282
128.282
128.277
128.277
128.277
128.277
128.277
128.277
128.277
128.277
128.277
128.277
128.277
128.274
128.274
128.274
128.274
128.274
128.274
128.274
128.274
128.274
128.274
128.274
128.274
128.274
128.274
128.274
128.274
128.274
128.274
128.274
128.274
128.274
128.274
128.274
128.274
128.274
128.274
128.274
128.274
128.274
128.274
128.274
128.274
128.274
128.274
128.274
128.274
128.274
128.274
128.274
128.274
128.274
128.274
128.274
128.274
128.274
128.274
128.27
128.251
128.196
128.196
128.196
128.196
128.196
128.196
128.196
128.196
128.196
128.196
128.196
128.196
128.196
128.196
128.192
128.192
128.192
128.192
128.192
128.192
128.192
128.192
128.192
128.192
128.192
128.192
128.192
128.192
128.192
128.192
128.192
128.192
128.192
128.192
128.192
128.192
128.192
128.192
128.192
128.192
128.192
128.192
127.958
127.958
127.958
127.958
127.958
127.958
127.921
127.921
127.921
127.921
127.921
127.921
127.921
127.921
127.921
127.921
127.921
127.921
127.921
127.921
127.921
127.921
127.921
127.921
127.921
127.921
127.859
127.859
127.859
127.859
127.859
127.859
127.859
127.859
127.859
127.859
127.859
127.859
127.859
127.859
127.859
127.859
127.859
127.859
127.859
127.859
127.859
127.859
127.859
127.859
127.859
127.859
127.859
127.859
127.859
127.859
127.859
127.859
127.859
127.859
127.859
127.826
127.826
127.826
127.826
127.826
127.826
127.826
127.826
127.826
127.826
127.826
127.826
127.826
127.821
127.821
127.821
127.821
127.821
127.821
127.821
127.821
127.821
127.821
127.821
127.821
127.821
127.821
127.821
127.821
127.821
127.821
127.821
127.821
127.821
127.821
127.821
127.821
127.821
127.821
127.818
127.818
127.818
127.818
127.818
127.818
127.818
127.818
127.57
127.57
127.57
127.57
127.57
127.57
127.569
127.569
127.569
127.553
127.553
127.547
127.453
127.453
127.453
127.347
127.343
127.343
127.343
127.343
127.172
127.172
127.172
127.172
127.172
127.172
127.108
127.089
127.089
127.089
127.089
127.089
127.089
127.089
127.089
127.089
127.089
127.089
127.089
127.089
127.089
126.857
126.857
126.857
126.857
126.857
126.857
126.857
126.857
126.857
126.857
126.857
126.857
126.857
126.857
126.857
126.857
126.857
126.765
126.765
126.765
126.765
126.765
126.765
126.765
126.765
126.765
126.765
126.765
126.765
126.765
126.765
126.765
126.765
126.765
126.765
126.765
126.765
126.764
126.753
126.753
126.753
126.753
126.753
126.753
126.753
126.753
126.753
126.753
126.66
126.66
126.66
126.66
126.66
126.66
126.66
126.66
126.66
126.66
126.66
126.66
126.66
126.66
126.66
126.66
126.66
126.66
126.66
126.66
126.66
126.66
126.66
126.66
126.66
126.66
126.66
126.66
126.655
126.655
126.655
126.655
126.655
126.655
126.655
126.655
126.655
126.655
126.655
126.655
126.655
126.655
126.655
126.655
126.655
126.655
126.655
126.655
126.655
126.631
126.631
126.559
126.559
126.559
126.559
126.559
126.559
126.399
126.399
126.399
126.399
126.399
126.029
126.029
126.029
126.029
126.028
126.028
126.028
126.028
126.028
126.028
126.028
126.028
126.028
126.028
126.028
126.028
126.028
126.028
126.028
126.028
126.028
126.028
126.028
125.998
125.998
125.998
125.998
125.998
125.998
125.998
125.997
125.997
125.997
125.997
125.997
125.997
125.997
125.997
125.997
125.997
125.997
125.997
125.997
125.997
125.997
125.997
125.997
125.997
125.997
125.997
125.997
125.997
125.997
125.997
125.997
125.997
125.997
125.997
125.997
125.997
125.964
125.964
125.964
125.964
125.964
125.964
125.964
125.964
125.964
125.964
125.964
125.964
125.964
125.964
125.964
125.964
125.964
125.964
125.964
125.964
125.964
125.782
125.782
125.782
125.782
125.782
125.782
125.782
125.782
125.782
125.782
125.782
125.782
125.782
125.782
125.782
125.782
125.782
125.531
125.531
125.531
125.531
125.531
125.531
125.531
125.527
125.527
125.527
125.493
125.493
125.493
125.49
125.49
125.49
125.425
125.425
125.425
125.425
125.398
125.398
125.398
125.398
125.398
124.789
124.789
124.786
124.786
124.786
124.74
124.74
124.74
124.74
124.74
124.74
124.74
124.74
124.74
124.74
124.513
124.513
124.513
124.273
124.273
124.273
124.273
124.273
124.273
124.273
123.894
123.894
123.894
123.894
123.894
123.894
123.894
123.894
123.894
123.894
123.894
123.894
123.894
123.894
123.894
123.894
123.865
123.865
123.865
123.865
123.865
123.865
123.864
123.864
123.864
123.856
123.856
123.856
123.856
123.856
123.856
123.856
123.719
123.719
123.719
123.719
123.719
123.719
123.719
123.719
123.719
123.719
123.687
123.687
123.687
123.641
123.641
123.641
123.641
123.641
123.641
123.641
123.641
123.641
123.641
123.603
123.603
123.358
123.358
123.358
123.358
123.358
123.358
123.358
123.358
123.358
123.358
123.358
123.32
123.282
123.282
123.282
122.986
122.986
122.986
122.986
122.986
122.986
122.979
122.979
122.979
122.979
122.979
122.979
122.979
122.979
122.979
122.979
122.979
122.979
122.979
122.979
122.979
122.979
122.968
122.968
122.262
122.191
122.191
122.191
122.191
122.181
122.181
122.181
122.181
122.181
122.181
122.181
122.181
121.995
121.995
121.995
121.994
121.994
121.994
121.994
121.994
121.994
121.994
121.798
121.798
121.798
121.798
121.798
121.798
121.798
121.384
121.384
121.384
121.384
121.384
121.384
121.384
121.384
121.384
119.806
119.799
119.587
119.587
119.566
119.566
119.566
119.566
119.566
119.566
119.546
119.546
119.382
119.382
119.382
119.382
119.06
119.06
119.06
119.06
119.06
119.06
119.06
119.06
119.06
119.06
119.06
119.06
118.835
118.74
118.74
118.74
118.74
118.31
118.31
118.31
118.31
118.31
118.31
118.227
118.227
118.227
117.468
117.468
117.468
117.468
117.468
117.399
117.399
117.399
117.399
117.399
117.399
117.399
117.399
117.398
117.398
117.2
117.2
117.2
117.2
117.2
117.091
117.091
116.914
116.914
116.914
116.914
115.512
115.512
115.512
115.512
115.145
115.145
115.145
115.145
115.145
115.145
114.789
114.78
112.456
112.455
112.455
112.455
112.455
112.442
112.442
112.423
112.423
112.421
112.421
111.516
111.516
111.516
111.229
111.229
111.229
111.229
111.203
111.203
111.203
111.203
110.964
110.318
110.318
109.823
109.823
109.795
109.795
109.795
109.795
109.795
109.795
109.795
109.795
109.795
109.795
109.795
109.795
109.795
109.744
109.744
109.744
109.744
109.744
109.744
109.744
109.744
109.493
109.493
109.493
109.493
109.493
108.638
108.638
108.614
108.614
108.528
108.528
108.528
108.528
108.528
108.528
107.202
107.056
107.056
107.056
107.056
107.056
107.056
107.056
107.056
107.056
107.056
107.056
107.056
107.056
107.056
106.592
106.592
105.049
105.049
105.049
105.049
104.719
104.719
104.719
104.719
104.499
104.499
104.499
103.638
103.638
103.638
103.638
103.638
101.221
101.221
101.221
101.221
101.221
100.849
100.384
99.7165
99.7165
99.7165
99.7165
99.6652
99.6652
99.6652
99.6652
99.6652
99.6652
99.6646
99.6646
99.5746
99.5746
98.8131
96.4642
96.4642
96.4642
96.4642
96.4642
96.4642
96.4642
93.7403
93.7403
93.7403
93.7391
93.7391
93.7391
93.7391
93.7391
93.7391
93.7372
93.6997
93.6997
93.6997
93.6997
93.6997
92.2498
92.2498
92.2498
92.2498
92.2498
92.2498
92.2498
92.1469
92.1469
92.1469
92.1469
91.5984
91.5984
91.5984
91.5984
89.7592
89.7592
89.7592
89.7592
89.7539
89.7539
89.7539
89.7539
89.7539
89.7539
89.7539
89.7539
89.7539
89.7539
89.6998
89.6991
89.6991
89.5676
89.2904
89.2209
89.2209
87.343
86.9849
86.9849
86.9849
86.8248
86.8248
86.8248
86.8248
86.106
86.106
86.106
86.106
86.106
86.106
86.106
85.8029
85.8029
85.8029
85.801
83.0296
83.0296
83.0296
83.0296
83.0296
83.0296
83.0296
83.0296
83.0296
83.0296
83.0296
83.0296
83.022
83.022
83.022
83.022
83.022
83.022
83.022
83.022
83.022
83.022
83.022
83.022
83.022
82.9545
82.9545
82.9545
82.9545
82.9545
82.9545
82.9545
82.94
82.9364
82.9364
82.9364
82.9364
82.9298
82.9298
82.9298
82.9298
82.9298
82.9298
82.9298
82.9298
82.9298
82.9298
82.9298
82.9298
82.9298
82.9298
82.9298
82.9298
82.9298
82.9298
82.9298
82.9298
82.9298
82.9298
82.9298
82.9298
82.9298
82.9298
82.9298
82.9298
82.9298
82.5883
82.5883
82.5883
82.5883
82.5883
82.5883
82.5883
82.5883
82.5883
82.5883
82.5162
82.5162
82.5162
81.8847
81.8847
81.8847
81.8847
81.8847
81.8847
81.8847
81.8278
81.8278
81.8278
81.7031
81.7031
81.6784
81.6784
81.6784
81.6784
81.3444
81.324
81.324
81.324
81.324
81.324
81.324
81.2137
81.2137
81.2137
81.1577
81.1577
81.1577
81.1543
81.1543
81.1543
81.1401
81.1401
81.1401
81.1401
81.1401
81.1401
81.1401
81.1401
81.1401
81.1401
80.9847
80.9847
80.242
80.2397
80.2397
80.2397
80.2397
80.2397
80.2397
80.2397
80.2397
80.2397
80.2397
80.2397
80.2397
80.2397
80.1749
80.1749
80.1749
80.1749
80.1749
80.1749
80.1749
80.1749
80.1749
80.1749
80.1749
80.1749
80.1749
80.1749
80.1681
80.1681
80.1681
80.1681
80.1681
80.0966
80.0966
80.0966
80.0966
80.0966
80.0966
80.0966
80.0966
80.0966
80.0966
80.0966
80.0966
80.0966
80.0966
80.0966
80.0966
80.059
80.039
80.039
80.039
80.039
80.039
80.039
80.039
80.039
79.8789
79.8753
79.8753
79.8753
79.8753
79.8753
79.8753
79.8753
79.8753
79.8753
79.8753
79.8753
79.8753
79.8753
79.8753
79.8753
79.8753
79.8753
79.8753
79.8753
79.8753
79.8753
79.8753
79.8753
79.8753
79.8753
79.8753
79.8511
79.8511
79.8511
79.8511
79.8511
79.8511
79.8511
79.8511
79.8511
79.8511
79.8337
79.8331
79.8331
79.8331
79.8331
79.8331
79.8331
79.8331
79.8331
79.8331
79.8331
79.8331
79.8196
79.819
79.819
79.819
79.819
79.819
79.819
79.819
79.819
79.819
79.819
79.819
79.8158
79.8158
79.8158
79.8158
79.8158
79.8158
79.8158
79.8158
79.8158
79.8158
79.8158
79.8113
79.8113
79.8113
79.8113
79.8113
79.8113
79.8113
79.7569
79.7569
79.7569
79.7569
79.7569
79.7569
79.7569
79.7569
79.7569
79.7569
79.7569
79.7569
79.7569
79.7569
79.7124
79.7124
79.7124
79.7124
79.7112
79.7112
79.7112
79.705
79.705
79.705
79.7046
79.7046
79.7046
79.7046
79.7046
79.7046
79.7046
79.7037
79.7037
79.7037
79.7037
79.7037
79.7037
79.7037
79.7037
79.7037
79.7037
79.7037
79.7037
79.7037
79.7037
79.7037
79.7037
79.7037
79.7037
79.7037
79.7037
79.7037
79.7034
79.7034
79.7034
79.7034
79.7034
79.7034
79.6883
79.6883
79.6883
79.6883
79.6883
79.6883
79.6883
79.6883
79.6883
79.6877
79.6877
79.6877
79.6877
79.6855
79.6855
79.6855
79.6855
79.6855
79.6855
79.6855
79.6855
79.6855
79.6855
79.6855
79.6855
79.6855
79.6855
79.6855
79.6855
79.6854
79.6854
79.6854
79.6854
79.6751
79.6751
79.6751
79.6751
79.6751
79.6751
79.6654
79.6654
79.6654
79.6654
79.6654
79.6654
79.6654
79.6654
79.6654
79.6646
79.6646
79.6635
79.6635
79.6635
79.6635
79.6635
79.6619
79.6619
79.6619
79.6619
79.6619
79.6619
79.6619
79.6619
79.6619
79.6619
79.6619
79.6619
79.6619
79.6619
79.6619
79.6619
79.6619
79.6619
79.6619
79.6619
79.6619
79.6619
79.6619
79.6619
79.6619
79.6619
79.6619
79.6619
79.6619
79.6619
79.6619
