497.767
430.605
361.682
361.682
278.677
248.607
225.18
210.035
155.268
150.052
116.062
116.062
97.6011
81.501
81.501
81.501
78.4194
78.4194
72.3217
59.7933
58.1162
48.616
42.2793
42.2793
38.1692
35.3487
23.9898
23.9898
23.6253
22.7975
21.5976
16.1821
16.1821
16.1821
15.3174
15.3174
12.1313
12.1313
11.0589
10.6525
7.2807
7.14059
7.08826
7.08826
7.08826
7.08826
7.08826
5.6029
5.6029
5.6029
5.10982
4.78034
3.55004
3.55004
3.34391
3.05161
3.05161
3.05161
2.74865
2.73862
2.55778
2.37026
2.09554
2.09554
2.09554
1.96667
1.92046
1.92046
1.81206
1.77161
1.73064
1.57383
1.53856
1.53856
1.52547
1.43367
1.378
1.378
1.3579
1.3579
1.26527
1.23663
1.23413
1.23413
1.18481
1.18481
1.17516
1.17516
1.17516
1.10544
1.10544
1.10544
1.09746
1.06207
1.06207
1.06207
1.04573
1.04573
1.04573
1.04573
1.04573
1.04573
1.04573
1.04225
1.0399
1.0399
1.03746
1.03494
1.03494
1.03054
1.02978
1.01269
1.01269
0.994469
0.994469
0.984867
0.959488
0.959488
0.959488
0.959488
0.959488
0.959488
0.959488
0.959488
0.931121
0.866777
0.866777
0.866777
0.866777
0.866777
0.842238
0.842238
0.842238
0.842238
0.842238
0.839453
0.80187
0.80187
0.80187
0.783225
0.742565
0.742565
0.742565
0.742565
0.685384
0.685384
0.685384
0.685384
0.685384
0.685384
0.685384
0.685384
0.685384
0.685384
0.683788
0.683788
0.683788
0.683788
0.682572
0.608085
0.608085
0.602112
0.568674
0.568674
0.534297
0.425947
0.425947
0.425947
0.425947
0.425947
0.423799
0.423799
0.423799
0.423799
0.423799
0.423074
0.390951
0.390951
0.360645
0.321505
0.321505
0.321505
0.321505
0.321505
0.321505
0.301335
0.301335
0.29576
0.251758
0.251758
0.227181
0.227181
0.227181
0.221084
0.175264
0.175264
0.172644
0.165031
0.155412
0.155412
0.155412
0.153846
0.140705
0.140705
0.125422
0.125422
0.114782
0.114782
0.114782
0.0944374
0.0944374
0.0944374
0.0944374
0.0944374
0.0853695
0.0777756
0.0777756
0.0703905
0.0703905
0.0703905
0.0682746
0.0658451
0.0583359
0.041332
0.041332
0.041332
0.041332
0.041332
0.041332
0.041332
0.041332
0.041332
0.0350753
0.0350753
0.0350753
0.0350753
0.0350753
0.0350753
0.0317848
0.0317848
0.0317848
0.0317848
0.0317848
0.0292134
0.0292134
0.0292134
0.0282149
0.0282149
0.0247039
0.0232816
0.0212787
0.0212787
0.0212787
0.0212787
0.0203077
0.0203077
0.0190738
0.0187769
0.0177363
0.0177363
0.0177363
0.0177363
0.0169529
0.0169529
0.0152373
0.0144433
0.0144433
0.0144433
0.0134686
0.0134686
0.0134686
0.0134686
0.0105906
0.0105906
0.0105906
0.0105906
0.0105906
0.00699718
0.00699718
0.00658364
0.00658364
0.00456351
0.00456351
0.00456351
0.00456351
0.00456351
0.00456351
0.00425432
0.00425432
0.00425432
0.00425432
0.00425432
0.00425432
0.00383841
0.00382571
0.00382571
0.00283449
0.00283449
0.00283449
0.00283449
0.00283449
0.00283449
0.00283449
0.00250475
0.00250475
0.00250475
0.00250475
0.00250475
0.00250475
0.00250475
0.00250475
0.00210486
0.00210486
0.00206831
0.00206831
0.00206831
0.00206831
0.00188817
0.00188817
0.00188817
0.00188817
0.00188817
0.00188817
0.00188817
0.00188817
0.00179626
0.00179626
0.00174793
0.00129239
0.00129239
0.00129239
0.00116141
0.00107724
0.00107724
0.00107724
0.00107724
0.00107724
0.00107724
0.00107724
0.00107724
0.00107494
0.00107494
0.00100991
0.00100991
0.00100991
0.00100991
0.00100991
0.00100991
0.00100991
0.00100991
0.000975456
0.000975456
0.000793883
0.000793883
0.000793883
0.000708607
0.000708607
0.000587322
0.000587322
0.00054366
0.00054366
0.00054366
0.00054366
0.00054366
0.00054366
0.00054366
0.000521036
0.000521036
0.000521036
0.000521036
0.000520448
0.000520448
0.000520448
0.000520448
0.000520448
0.000500664
0.000500664
0.000485848
0.000485848
0.000474227
0.000474227
0.000469732
0.000413859
0.000413859
0.000375552
0.000375552
0.000375552
0.000375552
0.000375552
0.000375552
0.000367863
0.00035941
0.000308565
0.000308565
0.000224165
0.000218669
0.000218669
0.000218669
0.000218669
0.000218669
0.000218669
0.000218669
0.000218669
0.000218669
0.000218669
0.000218669
0.00021586
0.00021586
0.00021586
0.00021586
0.00021586
0.00021586
0.000197254
0.000151965
0.000151965
0.000151965
0.000151965
0.000151965
0.000151965
0.000151965
0.000151965
0.000151965
0.000150642
0.000104287
0.000104287
0.000104287
0.000104287
0.000104287
0.000104287
0.000104287
0.000104287
0.000104117
0.000104117
0.000104117
0.000104117
9.77827e-005
9.77827e-005
9.55966e-005
9.55966e-005
9.44474e-005
9.16664e-005
9.16664e-005
8.21433e-005
8.21433e-005
8.21433e-005
7.21872e-005
7.21872e-005
7.21872e-005
7.21872e-005
7.21872e-005
7.21872e-005
7.21872e-005
7.21872e-005
7.21872e-005
6.97002e-005
6.97002e-005
6.97002e-005
6.97002e-005
6.97002e-005
6.97002e-005
6.60302e-005
6.60302e-005
5.90047e-005
5.85628e-005
5.71971e-005
5.71971e-005
5.71971e-005
5.28821e-005
5.28821e-005
5.16904e-005
5.05164e-005
4.92499e-005
4.92499e-005
4.92499e-005
4.92499e-005
4.92499e-005
4.92499e-005
4.43033e-005
4.32158e-005
4.32158e-005
4.04266e-005
4.04266e-005
4.04266e-005
4.04266e-005
3.96582e-005
3.95505e-005
3.70332e-005
3.70332e-005
3.70332e-005
3.67199e-005
3.67199e-005
3.30454e-005
3.30454e-005
3.30454e-005
3.28638e-005
3.03633e-005
3.03633e-005
3.03633e-005
2.95527e-005
2.95527e-005
2.95527e-005
2.81777e-005
2.81777e-005
2.81777e-005
2.72059e-005
2.72059e-005
2.63599e-005
2.37518e-005
2.37518e-005
2.37518e-005
2.28641e-005
2.28641e-005
2.28145e-005
2.25036e-005
1.90289e-005
1.90289e-005
1.90289e-005
1.90036e-005
1.90036e-005
1.45852e-005
1.45692e-005
1.45692e-005
1.3654e-005
1.27316e-005
1.27316e-005
1.08959e-005
1.08959e-005
1.08959e-005
1.08959e-005
1.08959e-005
1.08959e-005
1.08959e-005
1.08959e-005
1.08959e-005
1.08959e-005
1.08959e-005
1.07222e-005
9.54628e-006
8.43172e-006
8.26944e-006
8.26944e-006
7.27313e-006
7.27313e-006
7.27313e-006
6.59607e-006
6.59607e-006
6.25305e-006
6.25305e-006
6.25305e-006
6.25305e-006
4.72134e-006
4.72134e-006
4.72134e-006
4.72134e-006
4.72134e-006
4.72134e-006
4.72134e-006
4.72134e-006
4.42521e-006
4.41813e-006
4.21949e-006
4.21949e-006
4.21949e-006
4.21949e-006
4.21949e-006
4.20376e-006
4.20376e-006
4.20376e-006
4.20376e-006
4.18892e-006
4.18892e-006
4.18892e-006
4.06343e-006
3.86418e-006
3.86418e-006
3.86418e-006
3.86418e-006
3.86418e-006
3.33011e-006
3.33011e-006
3.33011e-006
3.33011e-006
3.33011e-006
3.33011e-006
3.33011e-006
3.33011e-006
3.33011e-006
3.2406e-006
3.2406e-006
3.2406e-006
3.2406e-006
3.23693e-006
3.23693e-006
3.23693e-006
2.76505e-006
2.76505e-006
2.76505e-006
2.76505e-006
2.52606e-006
2.52606e-006
2.52606e-006
2.52157e-006
1.67055e-006
1.6488e-006
1.59612e-006
1.59612e-006
1.59515e-006
1.59515e-006
1.53151e-006
1.53151e-006
1.53151e-006
1.53151e-006
1.46783e-006
1.45592e-006
1.45592e-006
1.36875e-006
1.36875e-006
1.31577e-006
1.31577e-006
1.31396e-006
1.31396e-006
1.31396e-006
1.31396e-006
1.31396e-006
1.15276e-006
1.15276e-006
1.15276e-006
1.15276e-006
1.15276e-006
1.15276e-006
9.39495e-007
9.39495e-007
9.02201e-007
9.02201e-007
9.02201e-007
9.02201e-007
9.02201e-007
9.02201e-007
9.02201e-007
9.02201e-007
9.02201e-007
9.02201e-007
9.02201e-007
9.02201e-007
8.14361e-007
8.14361e-007
7.82239e-007
7.34671e-007
7.24006e-007
7.24006e-007
7.2323e-007
6.68689e-007
6.68689e-007
6.68689e-007
6.68689e-007
6.68689e-007
6.68689e-007
6.68689e-007
6.68689e-007
6.03787e-007
6.03787e-007
5.78568e-007
5.78568e-007
5.78568e-007
5.78568e-007
5.78568e-007
5.78568e-007
5.78568e-007
5.43254e-007
5.43254e-007
5.43254e-007
4.74572e-007
4.74572e-007
4.74572e-007
4.74572e-007
4.74572e-007
4.74572e-007
4.04484e-007
4.04484e-007
4.01134e-007
4.01134e-007
3.44958e-007
3.44958e-007
3.42972e-007
3.42972e-007
3.42972e-007
3.42972e-007
3.42972e-007
3.42972e-007
3.36748e-007
3.36748e-007
3.26093e-007
3.26093e-007
3.26093e-007
3.26093e-007
3.16795e-007
3.16795e-007
3.16795e-007
3.16795e-007
3.16795e-007
3.12398e-007
3.12398e-007
2.7981e-007
2.7981e-007
2.45293e-007
2.45293e-007
2.45293e-007
1.99545e-007
1.99545e-007
1.99545e-007
1.98629e-007
1.98629e-007
1.98629e-007
1.98629e-007
1.98629e-007
1.98629e-007
1.98629e-007
1.98629e-007
1.91448e-007
1.91448e-007
1.66983e-007
1.66983e-007
1.66983e-007
1.66983e-007
1.66983e-007
1.66983e-007
1.66983e-007
1.57965e-007
1.57965e-007
1.57372e-007
1.57372e-007
1.5603e-007
1.5603e-007
1.5603e-007
1.43829e-007
1.43829e-007
1.43829e-007
1.37241e-007
1.37241e-007
1.37241e-007
1.37241e-007
1.14376e-007
9.81303e-008
9.81303e-008
9.81303e-008
9.81303e-008
9.81303e-008
9.81303e-008
9.7917e-008
9.7917e-008
8.49601e-008
7.50301e-008
7.50301e-008
7.50301e-008
7.50301e-008
7.50301e-008
7.50301e-008
7.50301e-008
7.50301e-008
7.47941e-008
7.23055e-008
6.90473e-008
6.90473e-008
6.90473e-008
5.97318e-008
5.97318e-008
5.91711e-008
5.91711e-008
5.91711e-008
5.76007e-008
5.76007e-008
5.631e-008
5.631e-008
5.631e-008
5.62694e-008
5.62694e-008
5.52885e-008
5.52885e-008
5.50843e-008
5.14424e-008
5.10107e-008
4.79663e-008
4.66136e-008
4.51705e-008
4.51705e-008
4.49674e-008
4.49674e-008
3.46904e-008
3.46834e-008
3.46834e-008
3.46834e-008
3.46834e-008
3.46834e-008
3.35758e-008
2.8764e-008
2.6595e-008
2.6595e-008
2.65901e-008
2.65901e-008
2.65901e-008
2.65901e-008
2.65901e-008
2.65901e-008
2.65901e-008
2.38963e-008
2.3763e-008
2.3763e-008
2.32852e-008
2.32852e-008
2.21105e-008
2.02383e-008
1.95419e-008
1.32135e-008
1.32135e-008
1.32135e-008
1.32135e-008
1.32135e-008
1.32135e-008
1.32135e-008
1.31489e-008
1.31489e-008
1.31489e-008
1.31489e-008
1.31489e-008
1.07189e-008
1.07189e-008
1.02666e-008
1.02666e-008
1.02666e-008
1.02666e-008
1.02666e-008
1.02666e-008
1.02666e-008
1.00328e-008
1.00328e-008
1.00328e-008
1.00328e-008
9.42356e-009
9.42356e-009
9.42356e-009
8.63332e-009
8.63332e-009
8.63332e-009
8.63332e-009
8.63332e-009
8.63332e-009
7.5233e-009
6.70061e-009
6.70061e-009
6.60285e-009
6.60285e-009
6.60285e-009
6.60285e-009
6.60285e-009
6.60285e-009
6.60285e-009
6.25995e-009
6.25995e-009
6.25995e-009
6.25995e-009
5.99378e-009
5.99378e-009
5.99378e-009
5.99378e-009
5.99378e-009
5.99378e-009
5.99378e-009
5.99378e-009
5.4014e-009
5.37317e-009
5.30951e-009
5.07493e-009
4.96039e-009
4.86874e-009
4.86874e-009
4.86874e-009
4.86874e-009
2.98095e-009
2.98095e-009
2.98095e-009
2.79358e-009
2.75137e-009
2.75137e-009
2.68942e-009
2.68942e-009
2.68942e-009
2.68942e-009
2.6142e-009
2.5278e-009
2.52481e-009
2.47616e-009
2.47616e-009
2.47616e-009
2.47616e-009
2.47616e-009
2.47616e-009
2.47616e-009
2.04092e-009
2.04092e-009
2.04092e-009
1.90807e-009
1.90807e-009
1.90807e-009
1.83647e-009
1.83647e-009
1.81986e-009
1.32969e-009
1.32969e-009
1.32969e-009
1.32969e-009
1.32969e-009
1.32969e-009
1.32969e-009
1.32969e-009
1.32969e-009
1.32969e-009
1.30727e-009
1.30727e-009
1.30727e-009
1.30727e-009
1.30727e-009
1.30727e-009
1.30727e-009
1.20512e-009
1.20512e-009
1.20512e-009
1.20512e-009
1.12675e-009
1.12675e-009
1.12675e-009
1.09224e-009
1.09224e-009
1.01765e-009
1.01765e-009
1.01765e-009
1.01765e-009
1.01765e-009
1.01765e-009
1.01765e-009
1.01765e-009
9.18996e-010
9.15547e-010
9.07751e-010
9.07751e-010
7.91043e-010
7.91043e-010
7.91043e-010
7.68715e-010
5.39759e-010
5.38389e-010
5.38389e-010
5.38389e-010
5.38389e-010
5.09221e-010
5.09221e-010
5.09221e-010
5.09221e-010
5.09221e-010
5.09221e-010
5.09221e-010
5.09221e-010
5.09221e-010
5.09221e-010
5.09221e-010
5.09221e-010
5.09221e-010
5.09221e-010
5.09221e-010
5.09221e-010
5.09221e-010
5.09221e-010
4.86841e-010
4.86841e-010
4.86841e-010
4.35695e-010
4.35695e-010
4.35403e-010
3.77877e-010
3.77877e-010
3.77877e-010
3.77877e-010
3.70976e-010
3.52904e-010
3.29842e-010
2.68388e-010
2.68388e-010
2.68388e-010
2.68388e-010
2.68388e-010
2.28617e-010
2.28617e-010
2.14959e-010
2.14959e-010
2.14959e-010
2.14959e-010
2.14959e-010
1.85822e-010
1.85822e-010
1.85822e-010
1.8356e-010
1.8356e-010
1.8356e-010
1.8356e-010
1.8356e-010
1.65744e-010
1.65744e-010
1.65744e-010
1.65744e-010
1.65744e-010
1.65744e-010
1.65744e-010
1.65744e-010
1.65744e-010
1.65744e-010
1.65744e-010
1.65744e-010
1.65744e-010
1.65744e-010
1.65744e-010
1.65224e-010
1.65224e-010
1.65224e-010
1.55937e-010
1.55937e-010
1.3144e-010
1.3144e-010
1.30663e-010
1.30663e-010
1.30663e-010
1.30663e-010
1.30663e-010
1.30663e-010
1.30663e-010
1.30663e-010
1.21313e-010
1.18733e-010
1.18733e-010
1.01516e-010
9.69195e-011
9.69195e-011
9.60558e-011
8.1691e-011
8.1691e-011
8.1691e-011
8.1691e-011
8.1691e-011
8.1691e-011
7.94254e-011
7.94254e-011
7.94254e-011
7.94254e-011
7.91278e-011
7.90346e-011
7.90346e-011
7.90346e-011
7.90346e-011
7.90346e-011
7.90346e-011
7.90346e-011
7.05617e-011
7.05617e-011
7.05617e-011
6.28348e-011
6.28348e-011
6.28348e-011
6.28348e-011
5.89114e-011
5.89114e-011
5.89114e-011
5.89114e-011
5.89114e-011
5.89114e-011
5.89114e-011
5.89114e-011
5.89114e-011
5.89114e-011
5.29279e-011
5.29279e-011
5.29279e-011
4.33885e-011
4.33885e-011
3.37644e-011
3.37644e-011
3.35533e-011
3.35533e-011
3.35533e-011
3.35533e-011
3.35533e-011
3.35533e-011
3.35533e-011
3.35533e-011
2.279e-011
2.1503e-011
2.1338e-011
2.1338e-011
2.11302e-011
2.11302e-011
2.11302e-011
2.11302e-011
2.11302e-011
2.11302e-011
2.11302e-011
2.10698e-011
2.10698e-011
2.10698e-011
2.10698e-011
2.10698e-011
2.10698e-011
2.10698e-011
2.10698e-011
2.08811e-011
2.08811e-011
2.08811e-011
2.04954e-011
2.04954e-011
2.04954e-011
2.04954e-011
2.03483e-011
2.03483e-011
2.03483e-011
2.03483e-011
2.03483e-011
1.88128e-011
1.88128e-011
1.88128e-011
1.88128e-011
1.88128e-011
1.75044e-011
1.51155e-011
1.51155e-011
1.51155e-011
1.51155e-011
1.46706e-011
1.46706e-011
1.3496e-011
1.12407e-011
1.12407e-011
1.12407e-011
1.12407e-011
1.12407e-011
1.12407e-011
1.12407e-011
1.12407e-011
1.12407e-011
1.12407e-011
1.09201e-011
1.06254e-011
1.06254e-011
1.06005e-011
1.00981e-011
9.81621e-012
8.66079e-012
8.66079e-012
8.66079e-012
8.66079e-012
6.2203e-012
6.2203e-012
6.2203e-012
6.2203e-012
6.2203e-012
6.2203e-012
6.2203e-012
6.2203e-012
6.2203e-012
5.82133e-012
5.82133e-012
5.82133e-012
5.82133e-012
5.82133e-012
5.82133e-012
5.82133e-012
5.57649e-012
5.57649e-012
5.52711e-012
5.52711e-012
5.13439e-012
5.13439e-012
5.13439e-012
4.89652e-012
4.89652e-012
4.07636e-012
3.39482e-012
3.39482e-012
3.39482e-012
3.39482e-012
3.39482e-012
3.26034e-012
3.26034e-012
3.26034e-012
3.26034e-012
3.26034e-012
3.22061e-012
2.91988e-012
2.91988e-012
2.91988e-012
2.91988e-012
2.91988e-012
2.91988e-012
2.77431e-012
2.65729e-012
2.65729e-012
2.65729e-012
2.65729e-012
2.65729e-012
2.10539e-012
2.10539e-012
2.10539e-012
2.05884e-012
1.78999e-012
1.78999e-012
1.78999e-012
1.74302e-012
1.74302e-012
1.5516e-012
1.5516e-012
1.48872e-012
1.48872e-012
1.48872e-012
1.48872e-012
1.48872e-012
1.48872e-012
1.44792e-012
1.44792e-012
1.44792e-012
1.25934e-012
1.25934e-012
1.25934e-012
1.25934e-012
1.25934e-012
9.33204e-013
9.33204e-013
9.33204e-013
9.33204e-013
9.33204e-013
8.63819e-013
8.40133e-013
8.40133e-013
8.40133e-013
8.40133e-013
8.40133e-013
8.40133e-013
8.40133e-013
8.40133e-013
8.18704e-013
8.18704e-013
8.18704e-013
8.18704e-013
8.18704e-013
7.69498e-013
7.69498e-013
7.69498e-013
7.69498e-013
7.5291e-013
7.5291e-013
7.5291e-013
7.5291e-013
7.38715e-013
7.38715e-013
7.38715e-013
7.38715e-013
7.38715e-013
6.95884e-013
5.33749e-013
4.41075e-013
4.41075e-013
4.41075e-013
4.41075e-013
4.41075e-013
4.41075e-013
4.41075e-013
4.14362e-013
4.14362e-013
4.14362e-013
4.14362e-013
4.14362e-013
4.09896e-013
4.09896e-013
3.92956e-013
3.32016e-013
3.32016e-013
3.32016e-013
3.32016e-013
3.32016e-013
3.32016e-013
3.3168e-013
3.3168e-013
3.3168e-013
3.3168e-013
2.9843e-013
2.94609e-013
2.71805e-013
2.71805e-013
2.71805e-013
2.67221e-013
2.48197e-013
2.48197e-013
2.43803e-013
2.43803e-013
1.86877e-013
1.86877e-013
1.86877e-013
1.84628e-013
1.84628e-013
1.84628e-013
1.84628e-013
1.84628e-013
1.2852e-013
1.2852e-013
1.2852e-013
1.2852e-013
1.2852e-013
1.2852e-013
1.2852e-013
1.17343e-013
1.11171e-013
1.11171e-013
1.11171e-013
1.11171e-013
1.11171e-013
1.10478e-013
1.10478e-013
1.10478e-013
1.10478e-013
1.02118e-013
8.16212e-014
8.16212e-014
8.16212e-014
7.80235e-014
7.80235e-014
7.80235e-014
7.80235e-014
7.80235e-014
7.80235e-014
7.80235e-014
7.80235e-014
7.80235e-014
7.68142e-014
7.68142e-014
7.68142e-014
7.68142e-014
7.68142e-014
7.68142e-014
7.33383e-014
7.28928e-014
7.28928e-014
7.28928e-014
7.24477e-014
7.24477e-014
7.1465e-014
6.37184e-014
6.37184e-014
6.3039e-014
6.3039e-014
6.3039e-014
6.3039e-014
6.28176e-014
6.28176e-014
6.25929e-014
6.25929e-014
4.8325e-014
4.8325e-014
4.8325e-014
4.8325e-014
3.79991e-014
3.79991e-014
3.79991e-014
3.79991e-014
3.79991e-014
3.78867e-014
3.44441e-014
3.44441e-014
3.44441e-014
3.44441e-014
3.2652e-014
3.2652e-014
3.2652e-014
3.20818e-014
3.20818e-014
2.59259e-014
2.59259e-014
2.58146e-014
2.58146e-014
2.58146e-014
2.58146e-014
2.58146e-014
2.43014e-014
2.43014e-014
2.17852e-014
2.17852e-014
2.17852e-014
2.17852e-014
2.17852e-014
2.16739e-014
1.94511e-014
1.54357e-014
1.54357e-014
1.35389e-014
1.35389e-014
1.35389e-014
1.35389e-014
1.35389e-014
1.35389e-014
1.29804e-014
1.29804e-014
1.28728e-014
1.28728e-014
1.28728e-014
1.28728e-014
1.28728e-014
1.28728e-014
1.25386e-014
1.25386e-014
1.25386e-014
1.25386e-014
1.1974e-014
1.08758e-014
1.00591e-014
9.17793e-015
9.17793e-015
9.17783e-015
9.17783e-015
9.17783e-015
9.06496e-015
9.06496e-015
7.61137e-015
7.61137e-015
7.61137e-015
5.47294e-015
5.47294e-015
5.47294e-015
5.47294e-015
5.47294e-015
5.47294e-015
5.47294e-015
5.47294e-015
5.47294e-015
5.47294e-015
4.69297e-015
4.69297e-015
4.69297e-015
4.69297e-015
4.69297e-015
3.13627e-015
3.13627e-015
3.13627e-015
3.13627e-015
3.13627e-015
3.13627e-015
3.13627e-015
3.13627e-015
3.13627e-015
3.13627e-015
3.13627e-015
3.13627e-015
3.13627e-015
3.13627e-015
3.13627e-015
3.13627e-015
3.13627e-015
2.90837e-015
2.01634e-015
2.01634e-015
2.01634e-015
2.01634e-015
1.90456e-015
1.90456e-015
1.90456e-015
1.90408e-015
1.90408e-015
1.90408e-015
1.90408e-015
1.90408e-015
1.90364e-015
1.90364e-015
1.90364e-015
1.90364e-015
1.79473e-015
1.79473e-015
1.79143e-015
1.6829e-015
1.67824e-015
1.45614e-015
1.45614e-015
1.45614e-015
1.45614e-015
1.45614e-015
1.45614e-015
1.00912e-015
5.62755e-016
5.62755e-016
5.62755e-016
5.62755e-016
5.62755e-016
5.62755e-016
5.62755e-016
5.62755e-016
5.62755e-016
5.62755e-016
5.62755e-016
5.62755e-016
5.62755e-016
5.62755e-016
5.62755e-016
4.50865e-016
3.39464e-016
3.39464e-016
2.28496e-016
2.28496e-016
2.28333e-016
2.28062e-016
2.28062e-016
2.28062e-016
2.28062e-016
2.28062e-016
2.28062e-016
2.28062e-016
2.28062e-016
2.28062e-016
2.28062e-016
2.28062e-016
2.28062e-016
2.28062e-016
2.28062e-016
2.28062e-016
2.28062e-016
2.28062e-016
2.28062e-016
2.28062e-016
2.28062e-016
2.28008e-016
2.28008e-016
2.26761e-016
1.15088e-016
1.15088e-016
1.15088e-016
1.15034e-016
1.15034e-016
1.15034e-016
1.14221e-016
1.14221e-016
1.14004e-016
1.14004e-016
1.1395e-016
1.13841e-016
3.57787e-018
3.52366e-018
3.52366e-018
3.41524e-018
3.41524e-018
1.95156e-018
1.95156e-018
1.95156e-018
1.95156e-018
1.95156e-018
1.89735e-018
1.89735e-018
1.35525e-018
1.30104e-018
1.30104e-018
1.30104e-018
1.30104e-018
1.30104e-018
1.30104e-018
1.30104e-018
1.30104e-018
1.30104e-018
1.30104e-018
1.30104e-018
1.30104e-018
1.30104e-018
1.30104e-018
1.30104e-018
1.30104e-018
1.30104e-018
1.24683e-018
1.24683e-018
1.24683e-018
1.24683e-018
1.19262e-018
1.19262e-018
1.0842e-018
1.0842e-018
1.02999e-018
1.02999e-018
1.02999e-018
9.21572e-019
9.21572e-019
7.58942e-019
7.58942e-019
7.58942e-019
7.58942e-019
7.58942e-019
7.04731e-019
5.96311e-019
5.42101e-019
5.42101e-019
5.42101e-019
5.42101e-019
5.42101e-019
5.42101e-019
5.42101e-019
4.87891e-019
4.87891e-019
4.87891e-019
4.87891e-019
4.87891e-019
4.87891e-019
3.79471e-019
3.79471e-019
3.79471e-019
3.25261e-019
3.25261e-019
3.25261e-019
3.25261e-019
3.25261e-019
3.25261e-019
3.25261e-019
2.71051e-019
2.71051e-019
2.71051e-019
2.71051e-019
2.71051e-019
2.71051e-019
2.71051e-019
2.1684e-019
2.1684e-019
1.6263e-019
1.6263e-019
1.6263e-019
1.6263e-019
1.6263e-019
1.6263e-019
1.0842e-019
1.0842e-019
1.0842e-019
1.0842e-019
1.0842e-019
1.0842e-019
1.0842e-019
1.0842e-019
1.0842e-019
1.0842e-019
1.0842e-019
1.0842e-019
1.0842e-019
1.0842e-019
1.0842e-019
1.0842e-019
1.0842e-019
1.0842e-019
1.0842e-019
1.0842e-019
1.0842e-019
5.42101e-020
5.42101e-020
5.42101e-020
5.42101e-020
5.42101e-020
5.42101e-020
5.42101e-020
5.42101e-020
5.42101e-020
5.42101e-020
5.42101e-020
5.42101e-020
5.42101e-020
5.42101e-020
5.42101e-020
5.42101e-020
5.42101e-020
5.42101e-020
5.42101e-020
5.42101e-020
5.42101e-020
5.42101e-020
5.42101e-020
5.42101e-020
5.42101e-020
5.42101e-020
5.42101e-020
5.42101e-020
5.42101e-020
5.42101e-020
5.42101e-020
5.42101e-020
5.42101e-020
5.42101e-020
5.42101e-020
5.42101e-020
5.42101e-020
5.42101e-020
5.42101e-020
5.42101e-020
5.42101e-020
5.42101e-020
5.42101e-020
5.42101e-020
5.42101e-020
5.42101e-020
5.42101e-020
5.42101e-020
5.42101e-020
5.42101e-020
5.42101e-020
5.42101e-020
5.42101e-020
5.42101e-020
5.42101e-020
5.42101e-020
5.42101e-020
5.42101e-020
5.42101e-020
5.42101e-020
5.42101e-020
5.42101e-020
5.42101e-020
5.42101e-020
5.42101e-020
5.42101e-020
5.42101e-020
5.42101e-020
5.42101e-020
5.42101e-020
5.42101e-020
5.42101e-020
5.42101e-020
5.42101e-020
5.42101e-020
5.42101e-020
5.42101e-020
5.42101e-020
5.42101e-020
5.42101e-020
5.42101e-020
5.42101e-020
5.42101e-020
5.42101e-020
5.42101e-020
5.42101e-020
5.42101e-020
5.42101e-020
5.42101e-020
5.42101e-020
5.42101e-020
5.42101e-020
5.42101e-020
5.42101e-020
5.42101e-020
5.42101e-020
5.42101e-020
5.42101e-020
5.42101e-020
5.42101e-020
5.42101e-020
5.42101e-020
5.42101e-020
5.42101e-020
5.42101e-020
5.42101e-020
5.42101e-020
5.42101e-020
5.42101e-020
5.42101e-020
5.42101e-020
5.42101e-020
5.42101e-020
5.42101e-020
5.42101e-020
5.42101e-020
5.42101e-020
5.42101e-020
5.42101e-020
5.42101e-020
5.42101e-020
5.42101e-020
5.42101e-020
5.42101e-020
5.42101e-020
5.42101e-020
5.42101e-020
5.42101e-020
5.42101e-020
5.42101e-020
5.42101e-020
5.42101e-020
5.42101e-020
5.42101e-020
5.42101e-020
5.42101e-020
5.42101e-020
5.42101e-020
5.42101e-020
5.42101e-020
5.42101e-020
5.42101e-020
5.42101e-020
5.42101e-020
5.42101e-020
5.42101e-020
5.42101e-020
5.42101e-020
5.42101e-020
5.42101e-020
5.42101e-020
5.42101e-020
5.42101e-020
5.42101e-020
5.42101e-020
5.42101e-020
5.42101e-020
5.42101e-020
5.42101e-020
5.42101e-020
5.42101e-020
5.42101e-020
5.42101e-020
5.42101e-020
5.42101e-020
5.42101e-020
5.42101e-020
5.42101e-020
5.42101e-020
5.42101e-020
5.42101e-020
5.42101e-020
5.42101e-020
5.42101e-020
5.42101e-020
5.42101e-020
5.42101e-020
5.42101e-020
5.42101e-020
5.42101e-020
5.42101e-020
5.42101e-020
5.42101e-020
5.42101e-020
5.42101e-020
5.42101e-020
5.42101e-020
5.42101e-020
5.42101e-020
5.42101e-020
5.42101e-020
5.42101e-020
5.42101e-020
5.42101e-020
5.42101e-020
5.42101e-020
5.42101e-020
5.42101e-020
5.42101e-020
5.42101e-020
5.42101e-020
5.42101e-020
5.42101e-020
5.42101e-020
5.42101e-020
5.42101e-020
5.42101e-020
5.42101e-020
5.42101e-020
5.42101e-020
5.42101e-020
5.42101e-020
5.42101e-020
5.42101e-020
5.42101e-020
5.42101e-020
5.42101e-020
5.42101e-020
5.42101e-020
5.42101e-020
5.42101e-020
5.42101e-020
5.42101e-020
5.42101e-020
5.42101e-020
5.42101e-020
5.42101e-020
5.42101e-020
5.42101e-020
5.42101e-020
5.42101e-020
5.42101e-020
5.42101e-020
5.42101e-020
5.42101e-020
5.42101e-020
5.42101e-020
5.42101e-020
5.42101e-020
5.42101e-020
5.42101e-020
5.42101e-020
5.42101e-020
5.42101e-020
5.42101e-020
5.42101e-020
5.42101e-020
5.42101e-020
5.42101e-020
5.42101e-020
5.42101e-020
5.42101e-020
5.42101e-020
5.42101e-020
5.42101e-020
5.42101e-020
5.42101e-020
5.42101e-020
5.42101e-020
5.42101e-020
5.42101e-020
5.42101e-020
5.42101e-020
5.42101e-020
5.42101e-020
5.42101e-020
5.42101e-020
5.42101e-020
5.42101e-020
5.42101e-020
5.42101e-020
5.42101e-020
5.42101e-020
5.42101e-020
5.42101e-020
5.42101e-020
5.42101e-020
5.42101e-020
5.42101e-020
5.42101e-020
5.42101e-020
5.42101e-020
5.42101e-020
5.42101e-020
5.42101e-020
5.42101e-020
5.42101e-020
5.42101e-020
5.42101e-020
5.42101e-020
5.42101e-020
5.42101e-020
5.42101e-020
5.42101e-020
5.42101e-020
5.42101e-020
5.42101e-020
5.42101e-020
5.42101e-020
5.42101e-020
5.42101e-020
5.42101e-020
5.42101e-020
5.42101e-020
5.42101e-020
5.42101e-020
5.42101e-020
5.42101e-020
5.42101e-020
5.42101e-020
5.42101e-020
5.42101e-020
5.42101e-020
5.42101e-020
5.42101e-020
5.42101e-020
5.42101e-020
5.42101e-020
5.42101e-020
5.42101e-020
5.42101e-020
5.42101e-020
5.42101e-020
5.42101e-020
5.42101e-020
5.42101e-020
5.42101e-020
5.42101e-020
5.42101e-020
5.42101e-020
5.42101e-020
5.42101e-020
5.42101e-020
5.42101e-020
5.42101e-020
5.42101e-020
5.42101e-020
5.42101e-020
5.42101e-020
5.42101e-020
5.42101e-020
5.42101e-020
5.42101e-020
5.42101e-020
5.42101e-020
5.42101e-020
5.42101e-020
5.42101e-020
5.42101e-020
5.42101e-020
5.42101e-020
5.42101e-020
5.42101e-020
5.42101e-020
5.42101e-020
5.42101e-020
5.42101e-020
5.42101e-020
5.42101e-020
5.42101e-020
5.42101e-020
5.42101e-020
5.42101e-020
5.42101e-020
5.42101e-020
5.42101e-020
5.42101e-020
5.42101e-020
5.42101e-020
0
0
0
0
0
0
0
0
0
0
0
0
0
0
0
0
0
0
0
0
0
0
0
0
0
0
0
0
0
0
0
0
0
0
0
0
0
0
0
0
0
0
0
0
0
0
0
0
0
0
0
0
0
0
0
0
0
0
0
0
0
0
0
0
0
0
0
0
0
0
0
0
0
0
0
0
0
0
0
0
0
0
0
0
0
0
0
0
0
0
0
0
0
0
0
0
0
0
0
0
0
0
0
0
0
0
0
0
0
0
0
0
0
0
0
0
0
0
0
0
0
0
0
0
0
0
0
0
0
0
0
0
0
0
0
0
0
0
0
0
0
0
0
0
0
0
0
0
0
0
0
0
0
0
0
0
0
0
0
0
0
0
0
0
0
0
0
0
0
0
0
0
0
0
0
0
0
0
0
0
0
0
0
0
0
0
0
0
0
0
0
0
0
0
0
0
0
0
0
0
0
0
0
0
0
0
0
0
0
0
0
0
0
0
0
0
0
0
0
0
0
0
0
0
0
0
0
0
0
0
0
0
0
0
0
0
0
0
0
0
0
0
0
0
0
0
0
0
0
0
0
0
0
0
0
0
0
0
0
0
0
0
0
0
0
0
0
0
0
0
0
0
0
0
0
0
0
0
0
0
0
0
0
0
0
0
0
0
0
0
0
0
0
0
0
0
0
0
0
0
0
0
0
0
0
0
0
0
0
0
0
0
0
0
0
0
0
0
0
0
0
0
0
0
0
0
0
0
0
0
0
0
0
0
0
0
0
0
0
0
0
0
0
0
0
0
0
0
0
0
0
0
0
0
0
0
0
0
0
0
0
0
0
0
0
0
0
0
0
0
0
0
0
0
0
0
0
0
0
0
0
0
0
0
0
0
0
0
0
0
0
0
0
0
0
0
0
0
0
0
0
0
0
0
0
0
0
0
0
0
0
0
0
0
0
0
0
0
0
0
0
0
0
0
0
0
0
0
0
0
0
0
0
0
0
0
0
0
0
0
0
0
0
0
0
0
0
0
0
0
0
0
0
0
0
0
0
0
0
0
0
0
0
0
0
0
0
0
0
0
0
0
0
0
0
0
0
0
0
0
0
0
0
0
0
0
0
0
0
0
0
0
0
0
0
0
0
0
0
0
0
0
0
0
0
0
0
0
0
0
0
0
0
0
0
0
0
0
0
0
0
0
0
0
0
0
0
0
0
0
0
0
0
0
0
0
0
0
0
0
0
0
0
0
0
0
0
0
0
0
0
0
0
0
0
0
0
0
0
0
0
0
0
0
0
0
0
0
0
0
0
0
0
0
0
0
0
0
0
0
0
0
0
0
0
0
0
0
0
0
0
0
0
0
0
0
0
0
0
0
0
0
0
0
0
0
0
0
0
0
0
0
0
0
0
0
0
0
0
0
0
0
0
0
0
0
0
0
0
0
0
0
0
0
0
0
0
0
0
0
0
0
0
0
0
0
0
0
0
0
0
0
0
0
0
0
0
0
0
0
0
0
0
0
0
0
0
0
0
0
0
0
0
0
0
0
0
0
0
0
0
0
0
0
0
0
0
0
0
0
0
0
0
0
0
0
0
0
0
0
0
0
0
0
0
0
0
0
0
0
0
0
0
0
0
0
0
0
0
0
0
0
0
0
0
0
0
0
0
0
0
0
0
0
0
0
0
0
0
0
0
0
0
0
0
0
0
0
0
0
0
0
0
0
0
0
0
0
0
0
0
0
0
0
0
0
0
0
0
0
0
0
0
0
0
0
0
0
0
0
0
0
0
0
0
0
0
0
0
0
0
0
0
0
0
0
0
0
0
0
0
0
0
0
0
0
0
0
0
0
0
0
0
0
0
0
0
0
0
0
0
0
0
0
0
0
0
0
0
0
0
0
0
0
0
0
0
0
0
0
0
0
0
0
0
0
0
0
0
0
0
0
0
0
0
0
0
0
0
0
0
0
0
0
0
0
0
0
0
0
0
0
0
0
0
0
0
0
0
0
0
0
0
0
0
0
0
0
0
0
0
0
0
0
0
0
0
0
0
0
0
0
0
0
0
0
0
0
0
0
0
0
0
0
0
0
0
0
0
0
0
0
0
0
0
0
0
0
0
0
0
0
0
0
0
0
0
0
0
0
0
0
0
0
0
0
0
0
0
0
0
0
0
0
0
0
0
0
0
0
0
0
0
0
0
0
0
0
0
0
0
0
0
0
0
0
0
0
