4.20032e+06
1.53945e+08
1.11677e+08
8.54794e+07
6.77433e+07
5.3913e+07
4.66677e+07
3.79465e+07
3.39491e+07
2.92791e+07
2.31854e+07
2.00774e+07
1.68664e+07
1.40899e+07
1.17494e+07
9.90004e+06
8.11957e+06
6.98006e+06
5.86723e+06
5.03002e+06
4.21199e+06
3.54359e+06
3.11058e+06
2.614e+06
2.20816e+06
1.95363e+06
1.66923e+06
1.49595e+06
1.2458e+06
1.0767e+06
923977
820775
732383
628918
556868
503416
434152
380256
318933
278553
252712
230769
201703
177611
156099
141347
130665
117810
103240
91531.1
81876.5
71952.4
66048.3
59911.7
53921
48759.4
44572.1
39580.7
35429.7
31603.6
27930.4
25843.8
23328
21502.1
19545
17215.8
15501
14364.7
13215.3
12242.4
11045.2
10362.6
9352.57
8231.28
7687.3
7241.64
6741.05
6107.08
5595.07
5138.66
4735.76
4287.77
3933.43
3624.9
3264.75
2988.84
2752.75
2578.31
2380.64
2215.17
2073.63
1965.71
1822.1
1733.1
1670.7
1538.68
1438.62
1351.39
1242.7
1179.97
1103.79
1035.05
978.162
948.907
894.283
848.632
802.297
779.381
741.065
723
691.244
649.376
627.342
601.217
572.814
558.373
541.727
507.293
489.396
471.996
458.504
442.501
427.337
417.323
407.202
397.002
384.459
371.898
358.501
347.168
334.013
324.816
315.941
304.079
297.329
289.388
284.186
276.867
268.516
259.388
252.71
241.345
232.109
228.632
223.49
215.895
206.927
203.387
195.938
190.696
185.665
182.796
180.511
174.88
171.604
168.08
163.943
161.931
158.359
155.883
153.168
150.86
148.264
146.408
144.326
140.88
139.329
137.386
136.24
133.272
130.701
129.332
125.946
123.618
121.957
120.555
119.594
117.61
116.081
114.534
112.728
111.801
110.812
108.775
107.496
106.235
103.638
102.527
101.764
100.922
98.9095
97.7829
97.0105
95.9015
94.4444
93.282
92.1203
91.6725
90.7235
89.7168
88.9697
88.2983
87.6219
86.6567
85.9863
85.0848
84.5385
83.8149
83.3185
82.8317
82.2803
81.5191
80.9337
80.4901
79.7362
79.1886
78.6572
78.1384
77.524
76.9938
76.4439
75.9421
75.527
74.8751
74.6361
74.2214
73.4567
72.869
72.4389
71.7269
71.1925
70.8754
70.3658
69.8401
69.4508
68.9966
68.5327
68.1427
67.6254
67.0981
66.7132
66.1187
65.7469
65.2685
64.7741
64.5361
64.1723
63.7796
63.4104
63.0589
62.847
62.4819
62.3041
61.8695
61.6058
61.3003
60.9434
60.6294
60.3161
60.0889
59.7501
59.4085
59.165
58.877
58.652
58.3635
57.9109
57.6165
57.4484
57.321
57.122
56.9651
56.7424
56.5329
56.3479
56.1243
55.8843
55.5567
55.3866
55.1736
55.0479
54.7233
54.598
54.3996
54.2474
54.0513
53.815
53.6003
53.3123
52.9826
52.7931
52.5509
52.1511
51.9838
51.8176
51.6749
51.4945
51.3626
51.1099
50.9619
50.8886
50.7587
50.6538
50.5341
50.3676
50.1751
49.9392
49.7891
49.6734
49.5281
49.4452
49.388
49.2954
49.2513
49.2068
49.145
49.0493
48.9848
48.9089
48.8622
48.7557
48.6737
48.5621
48.4686
48.4246
48.3986
48.2649
48.1231
48.0718
47.9967
47.8774
47.8233
47.7272
47.6557
47.5255
47.4027
47.3437
47.3053
47.1337
47.085
47.0227
46.951
46.9301
46.8262
46.8049
46.7327
46.7185
46.6564
46.5665
46.4646
46.4154
46.367
46.313
46.2076
46.135
45.8905
45.8555
45.5818
45.3228
45.1808
45.1529
45.1038
44.8979
44.87
44.7688
44.7365
44.692
44.6288
44.6124
44.5971
44.5303
44.4522
44.3844
44.3184
44.2769
44.113
44.0816
44.0489
44.0016
43.9493
43.8735
43.7945
43.7112
43.6921
43.6218
43.4921
43.4655
43.4154
43.3227
43.2079
43.1393
43.0792
43.008
42.8934
42.8494
42.6322
42.5204
42.484
42.4048
42.3584
42.2905
42.2717
42.2476
42.1535
42.0923
42.0623
41.9593
41.9088
41.8509
41.8205
41.7599
41.7262
41.6466
41.5594
41.486
41.4437
41.3201
41.2203
40.9704
40.8773
40.7868
40.5893
40.3841
40.3202
40.2212
40.1093
39.9975
39.6939
39.4516
39.3576
39.236
39.0047
38.95
38.8011
38.6648
38.4729
38.3967
38.2572
38.234
38.1889
38.1438
38.045
38.0282
37.8863
37.8322
37.7583
37.6787
37.65
37.6009
37.5223
37.4981
37.4509
37.414
37.3529
37.3138
37.2529
37.2267
37.1577
37.1248
37.0954
37.0564
36.9817
36.9173
36.8352
36.8003
36.7692
36.7186
36.6441
36.6093
36.5562
36.5172
36.4371
36.3978
36.2557
36.2277
36.1768
36.0724
36.0309
36.0106
35.9318
35.9159
35.899
35.8755
35.8516
35.7911
35.7641
35.6905
35.6681
35.6446
35.5817
35.5628
35.5463
35.5275
35.5116
35.4943
35.4783
35.4451
35.4212
35.4017
35.3656
35.3468
35.3234
35.2865
35.2621
35.2355
35.2077
35.1884
35.1534
35.0111
34.9362
34.5967
34.4669
34.4437
34.4247
34.2806
34.2385
34.2088
34.1173
34.0674
34.0496
33.9434
33.9217
33.8809
33.8419
33.8006
33.7523
33.7393
33.72
33.6957
33.6731
33.6378
33.6181
33.5697
33.5443
33.5224
33.5044
33.4887
33.4737
33.4546
33.4375
33.4191
33.402
33.3761
33.3549
33.3347
33.3183
33.303
33.2904
33.2695
33.2496
33.2311
33.2075
33.1894
33.1797
33.1507
33.136
33.1201
33.1012
33.0835
33.06
33.0456
33.0304
33.0151
32.9983
32.9766
32.953
32.9369
32.9231
32.9081
32.8924
32.8767
32.8635
32.8454
32.8279
32.8096
32.7946
32.7763
32.761
32.7465
32.7326
32.7174
32.6996
32.6804
32.6593
32.6438
32.629
32.6064
32.5916
32.5756
32.5607
32.5497
32.5295
32.512
32.4885
32.4668
32.4513
32.3953
32.3445
32.2647
32.2327
32.2154
32.1894
32.172
32.1418
32.1217
32.0911
32.0781
32.0567
32.0275
31.9942
31.9766
31.9575
31.9066
31.8638
31.7968
31.7732
31.6654
31.5786
31.5565
31.458
31.441
31.3835
31.3157
31.2923
31.2722
31.149
31.1277
31.1052
31.0298
31.008
30.957
30.9368
30.8646
30.8245
30.7479
30.7323
30.7157
30.6921
30.6783
30.6611
30.6418
30.5963
30.5521
30.5216
30.5072
30.4613
30.4366
30.4284
30.4144
30.3888
30.3767
30.3544
30.3377
30.3034
30.2885
30.2686
30.2518
30.2381
30.2245
30.2056
30.1795
30.163
30.1329
30.1138
30.0908
30.0658
30.0522
30.0377
30.0218
30.0055
29.9894
29.9757
29.9596
29.9438
29.9314
29.9141
29.8996
29.8837
29.868
29.8508
29.8393
29.8218
29.8061
29.7933
29.7733
29.7615
29.7416
29.7321
29.7216
29.7061
29.6942
29.6842
29.6731
29.6617
29.6493
29.6341
29.6193
29.6033
29.5879
29.5755
29.5615
29.5497
29.5334
29.5199
29.5013
29.4872
29.4723
29.4601
29.4438
29.4325
29.4207
29.4055
29.3872
29.3781
29.3587
29.3451
29.327
29.313
29.2961
29.28
29.2703
29.2568
29.242
29.2265
29.2106
29.1944
29.1804
29.1649
29.1487
29.1233
29.1054
29.0672
29.0464
29.0173
29.0005
28.9847
28.9391
28.9139
28.8913
28.8759
28.8534
28.814
28.7868
28.7663
28.7394
28.6994
28.6831
28.6614
28.5926
28.5537
28.5359
28.5168
28.4622
28.4052
28.3415
28.2882
28.229
28.1794
28.1661
27.9957
27.9618
27.8597
27.8167
27.7968
27.7788
27.6864
27.6166
27.5975
27.5676
27.5353
27.5067
27.4595
27.441
27.3965
27.3816
27.3178
27.3045
27.277
27.2636
27.2291
27.209
27.1908
27.1666
27.1428
27.1064
27.0844
27.0624
27.0475
27.0233
27.0057
26.9775
26.9612
26.9354
26.9091
26.8943
26.8756
26.8532
26.8354
26.8237
26.8051
26.7885
26.7764
26.7602
26.7485
26.7293
26.7078
26.6877
26.6707
26.651
26.633
26.6125
26.5918
26.5794
26.5545
26.5349
26.5132
26.4933
26.4723
26.4607
26.4477
26.4331
26.4138
26.3933
26.3762
26.3586
26.344
26.3271
26.3099
26.2945
26.2823
26.2632
26.2486
26.2273
26.2107
26.1953
26.1745
26.1527
26.1279
26.1065
26.0918
26.0782
26.0616
26.0466
26.0326
26.0185
26.001
25.9828
25.9731
25.9598
25.9465
25.9303
25.917
25.8986
25.8834
25.8691
25.8558
25.8408
25.8233
25.8121
25.8023
25.7828
25.7691
25.7595
25.7453
25.7289
25.7176
25.7053
25.693
25.679
25.6676
25.6488
25.6352
25.6203
25.6042
25.5898
25.5739
25.5594
25.5451
25.5291
25.5179
25.4998
25.4853
25.4711
25.4535
25.4377
25.4256
25.409
25.3956
25.3817
25.372
25.3509
25.3348
25.3187
25.3075
25.2914
25.2791
25.2701
25.257
25.2446
25.228
25.2123
25.1993
25.1883
25.1757
25.1631
25.1457
25.1283
25.1143
25.104
25.0889
25.0694
25.0562
25.0393
25.0279
25.0138
24.9943
24.9778
24.9638
24.9566
24.9396
24.9216
24.9064
24.8925
24.8776
24.8642
24.8539
24.8431
24.8284
24.81
24.7956
24.7864
24.7734
24.7542
24.7391
24.7277
24.7168
24.702
24.6897
24.6764
24.6634
24.6512
24.6352
24.6203
24.6074
24.5954
24.582
24.5706
24.5563
24.5417
24.5282
24.5107
24.4949
24.4836
24.4717
24.4571
24.4458
24.4336
24.4239
24.4126
24.4042
24.395
24.3834
24.3725
24.3611
24.3507
24.341
24.3287
24.318
24.3075
24.2941
24.2852
24.2716
24.2552
24.2416
24.2326
24.219
24.2076
24.1959
24.1815
24.1637
24.1559
24.145
24.1306
24.1218
24.1107
24.0964
24.081
24.0687
24.0557
24.0449
24.0326
24.0208
24.0123
24.0008
23.9862
23.9767
23.9636
23.9504
23.9385
23.9273
23.9137
23.9021
23.8873
23.8772
23.8651
23.8527
23.8407
23.8278
23.8183
23.8073
23.7941
23.7793
23.7659
23.7536
23.7417
23.7259
23.7109
23.6972
23.6805
23.6661
23.6549
23.6387
23.6268
23.6142
23.5959
23.5833
23.5716
23.56
23.5473
23.5324
23.5209
23.5078
23.4898
23.4772
23.4605
23.4436
23.4319
23.4176
23.402
23.3897
23.3702
23.3586
23.3371
23.3164
23.3021
23.2881
23.2711
23.2559
23.2432
23.2306
23.218
23.2024
23.1846
23.1694
23.1545
23.1416
23.1265
23.11
23.097
23.0852
23.0702
23.0509
23.0361
23.0181
22.9907
22.9517
22.8925
22.6554
22.3574
22.3051
22.2457
22.1219
22.0295
22.018
21.9519
21.9288
21.9147
21.9028
21.8575
21.7997
21.7868
21.7021
21.6861
21.6531
21.6303
21.5634
21.549
21.5338
21.5163
21.4952
21.484
21.4431
21.4188
21.3963
21.3682
21.3559
21.3346
21.3213
21.3062
21.289
21.2696
21.2514
21.2316
21.2082
21.1352
21.1109
20.998
20.886
20.7971
20.626
20.4561
20.4284
20.2956
20.2741
20.139
20.0973
20.0803
19.9884
19.9738
19.9592
19.9109
19.8906
19.8108
19.7882
19.7573
19.6655
19.6185
19.5166
19.1565
19.1371
19.0525
18.8163
18.7973
18.6578
18.6284
18.5544
18.4916
18.3621
18.3451
18.2969
18.2839
18.2699
18.1498
18.1182
18.0855
18.0541
18.0292
18.0048
17.9872
17.9311
17.865
17.7835
17.6769
17.5185
17.4416
17.4158
17.3786
17.3099
17.2813
17.2558
17.2361
17.1952
17.1518
17.1287
17.0974
17.0569
17.0362
16.9951
16.9526
16.9332
16.8708
16.8161
16.733
16.7147
16.6579
16.6061
16.5676
16.5536
16.5363
16.5138
16.4854
16.4682
16.444
16.4165
16.3927
16.3699
16.3533
16.3298
16.3053
16.2844
16.2454
16.2206
16.2097
16.1945
16.166
16.1101
16.0729
16.0263
15.9814
15.9359
15.9057
15.8632
15.7778
15.6468
15.5921
15.5356
15.4891
15.4187
15.3435
15.2982
15.2598
15.2067
15.1527
15.1224
15.0954
15.0582
14.9751
14.939
14.8175
14.6742
14.5979
14.5396
14.4485
14.375
14.335
14.3089
14.2609
14.2061
14.1689
14.1464
14.0954
14.071
14.06
14.0309
13.9542
13.9243
13.9094
13.8266
13.7576
13.7312
13.6846
13.6715
13.6325
13.607
13.5736
13.5471
13.4501
13.4341
13.4061
13.3639
13.3068
13.2273
13.1829
13.1293
13.1091
13.0993
13.0879
13.0734
13.0434
13.0326
13.0057
12.9852
12.9722
12.9527
12.9332
12.9155
12.902
12.8775
12.8659
12.8538
12.8457
12.8308
12.8099
12.7963
12.7816
12.7707
12.7552
12.7426
12.7319
12.7185
12.704
12.6868
12.6752
12.6607
12.6503
12.638
12.6227
12.6075
12.5963
12.5835
12.5751
12.5602
12.5468
12.5371
12.5243
12.5121
12.502
12.4864
12.4749
12.4624
12.4503
12.4398
12.4293
12.4182
12.4051
12.3922
12.3789
12.3654
12.3504
12.3369
12.3232
12.3118
12.2962
12.284
12.2674
12.257
12.245
12.2291
12.2139
12.203
12.1921
12.1837
12.1689
12.1511
12.1366
12.1239
12.1081
12.0908
12.0785
12.0684
12.0554
12.0431
12.031
12.0177
12.0048
11.9916
11.9814
11.9696
11.9557
11.939
11.925
11.9136
11.9027
11.8904
11.8797
11.8704
11.8525
11.8395
11.8274
11.814
11.8002
11.7883
11.7773
11.7683
11.7539
11.7404
11.7292
11.7131
11.7015
11.6832
11.6737
11.6609
11.6463
11.6341
11.6244
11.6103
11.5983
11.589
11.5784
11.5657
11.5533
11.5437
11.5331
11.5186
11.5052
11.4954
11.4844
11.4697
11.4604
11.4489
11.4382
11.4291
11.4162
11.4059
11.396
11.3852
11.3727
11.3607
11.3429
11.3294
11.3164
11.3056
11.2908
11.2807
11.2713
11.2637
11.2521
11.2397
11.2262
11.2143
11.2006
11.1908
11.1809
11.1711
11.1592
11.1489
11.1413
11.1283
11.1138
11.1001
11.0893
11.076
11.0665
11.0558
11.0444
11.0325
11.0175
11.0024
10.9906
10.9792
10.9607
10.9449
10.9328
10.9223
10.9064
10.8951
10.8806
10.8642
10.8521
10.8435
10.8315
10.8199
10.802
10.792
10.778
10.7642
10.7496
10.739
10.7267
10.7107
10.7
10.6856
10.6755
10.6649
10.6503
10.6352
10.6232
10.6084
10.5932
10.5826
10.5673
10.5532
10.5426
10.5296
10.5111
10.5004
10.4874
10.474
10.4615
10.4454
10.4286
10.4191
10.4089
10.3971
10.3838
10.3697
10.3591
10.3432
10.331
10.311
10.3026
10.2898
10.2661
10.229
10.0548
9.88669
9.87427
9.82506
9.81381
9.80288
9.78422
9.77139
9.75062
9.73883
9.69527
9.65879
9.62579
9.59447
9.34968
9.33221
9.25863
9.15493
9.00605
8.98633
8.9702
8.91316
8.80217
8.73487
8.65938
8.60205
8.50251
8.4895
8.38985
8.2903
8.20981
8.16533
8.08077
8.06497
7.98126
7.97016
7.95905
7.88075
7.83541
7.77839
7.74067
7.72366
7.70486
7.68209
7.64422
7.63323
7.6177
7.6046
7.59372
7.57231
7.54636
7.53183
7.51236
7.4978
7.47666
7.44774
7.42832
7.41556
7.38011
7.36743
7.35147
7.31376
7.30002
7.28037
7.25701
7.24671
7.22825
7.19975
7.16234
7.14468
7.12854
7.08997
7.07451
7.02934
7.00765
6.98116
6.97123
6.94351
6.93208
6.92099
6.90228
6.88336
6.86875
6.85857
6.83912
6.82562
6.80539
6.78661
6.77724
6.76546
6.74002
6.7208
6.70381
6.68272
6.66981
6.65824
6.63963
6.61733
6.60169
6.58791
6.56045
6.53508
6.52386
6.50974
6.49939
6.48237
6.4671
6.44332
6.43053
6.42066
6.40895
6.38715
6.37281
6.35694
6.33679
6.32271
6.30248
6.29286
6.2768
6.25809
6.24326
6.23115
6.21948
6.20302
6.19079
6.17859
6.16782
6.15221
6.1386
6.12906
6.1113
6.09795
6.08438
6.07058
6.05683
6.03639
6.0232
6.00702
5.99391
5.97931
5.96391
5.95221
5.9423
5.92641
5.91418
5.90191
5.89069
5.88083
5.86816
5.8619
5.8443
5.8322
5.82162
5.81263
5.79748
5.78372
5.77354
5.7646
5.75513
5.74249
5.72943
5.71755
5.70691
5.69939
5.69018
5.68173
5.67321
5.66211
5.65374
5.64353
5.63201
5.61772
5.6047
5.5968
5.58481
5.57621
5.56361
5.55308
5.54368
5.53179
5.52153
5.50683
5.49512
5.4841
5.47301
5.46385
5.45572
5.4455
5.43287
5.42403
5.41512
5.40573
5.39554
5.38702
5.37517
5.36366
5.35614
5.34631
5.33613
5.3235
5.31556
5.30688
5.29804
5.2887
5.27725
5.26801
5.25717
5.24809
5.23914
5.23051
5.22033
5.21289
5.20493
5.19514
5.18488
5.17464
5.16544
5.15407
5.14434
5.13488
5.12547
5.11499
5.10249
5.0883
5.07419
5.06766
5.06076
5.05221
5.04359
5.03333
5.02617
5.01672
5.00657
4.99587
4.98855
4.97858
4.97052
4.961
4.95506
4.94845
4.93837
4.9276
4.92012
4.91156
4.90195
4.89407
4.88485
4.87366
4.86294
4.85112
4.8437
4.83478
4.8204
4.80701
4.79632
4.78305
4.77236
4.76187
4.75153
4.7396
4.72961
4.72218
4.71182
4.70192
4.69696
4.68866
4.6813
4.67213
4.66111
4.65604
4.65039
4.64138
4.63567
4.63081
4.62034
4.60977
4.60241
4.59207
4.58455
4.57668
4.57095
4.56009
4.55449
4.54659
4.53738
4.53058
4.52126
4.51342
4.50478
4.49681
4.4892
4.48277
4.47494
4.46815
4.46074
4.4514
4.44244
4.43377
4.42679
4.41998
4.41341
4.40596
4.39911
4.39369
4.38682
4.37945
4.37112
4.36483
4.35626
4.34887
4.34234
4.33816
4.33273
4.32481
4.3162
4.31021
4.30262
4.29715
4.28972
4.28111
4.27519
4.26885
4.2608
4.25608
4.25027
4.24084
4.23445
4.22948
4.22226
4.21367
4.20351
4.19732
4.1892
4.18282
4.1722
4.16411
4.15531
4.14577
4.1398
4.1277
4.1192
4.1095
4.10029
4.09182
4.0832
4.07535
4.06961
4.06049
4.05003
4.04291
4.03155
4.02366
4.01745
4.00967
4.00165
3.99634
3.99022
3.98332
3.97487
3.96817
3.95984
3.95268
3.94638
3.93957
3.93249
3.92459
3.91515
3.90716
3.90053
3.89202
3.88559
3.87563
3.86691
3.86156
3.8547
3.84814
3.83823
3.83171
3.82393
3.81599
3.81037
3.80016
3.79299
3.78616
3.77692
3.76794
3.76146
3.75226
3.74408
3.73442
3.72567
3.71778
3.71058
3.70313
3.69425
3.68835
3.67863
3.6698
3.66391
3.65705
3.64695
3.64101
3.63002
3.62142
3.61452
3.60624
3.59717
3.58748
3.58019
3.57354
3.56716
3.55896
3.54991
3.54309
3.53397
3.52678
3.51681
3.50726
3.49816
3.49158
3.48254
3.47099
3.46168
3.45034
3.44128
3.43255
3.42515
3.41505
3.40706
3.39816
3.39082
3.38033
3.37241
3.36406
3.35396
3.34607
3.33901
3.32968
3.32168
3.31119
3.30275
3.29165
3.28224
3.27258
3.2628
3.25267
3.2445
3.23497
3.2273
3.21951
3.21424
3.20514
3.19572
3.18899
3.17501
3.16468
3.15665
3.15071
3.14439
3.13532
3.12524
3.11985
3.11378
3.10353
3.0938
3.08737
3.0802
3.07021
3.06214
3.05318
3.04367
3.03815
3.02817
3.01966
3.01228
3.0056
2.99677
2.98918
2.9823
2.97151
2.96061
2.95388
2.94495
2.93776
2.92982
2.9216
2.91237
2.90408
2.89642
2.88993
2.87987
2.87118
2.85895
2.85068
2.84033
2.83316
2.82329
2.81525
2.80691
2.79738
2.79015
2.78233
2.77633
2.76795
2.7618
2.7508
2.73971
2.72909
2.72319
2.71478
2.70747
2.69794
2.69268
2.68658
2.67536
2.66353
2.65621
2.64676
2.6376
2.63003
2.62175
2.61227
2.60281
2.59357
2.58308
2.57365
2.56339
2.55256
2.54517
2.53519
2.52696
2.51835
2.50885
2.49913
2.48885
2.4828
2.47128
2.46181
2.45346
2.4431
2.43597
2.42694
2.42003
2.40924
2.39994
2.39049
2.3835
2.37349
2.36618
2.35814
2.35022
2.34406
2.33595
2.32813
2.3233
2.31471
2.307
2.2995
2.28982
2.28451
2.27674
2.2715
2.2664
2.2593
2.251
2.24133
2.23624
2.22668
2.2175
2.21046
2.20213
2.19452
2.18739
2.1795
2.17292
2.16486
2.15489
2.1493
2.14197
2.13402
2.12731
2.12066
2.10994
2.10389
2.09712
2.08866
2.08161
2.07355
2.06614
2.05984
2.05323
2.04612
2.04233
2.03701
2.02577
2.01752
2.01026
2.00416
1.9974
1.99066
1.98705
1.98164
1.97592
1.9662
1.95987
1.95432
1.95023
1.94528
1.94077
1.93619
1.92929
1.92343
1.91927
1.91364
1.9092
1.90471
1.90022
1.89638
1.89315
1.88874
1.88333
1.8802
1.87684
1.87285
1.86691
1.86188
1.8585
1.85459
1.84989
1.84599
1.8418
1.83851
1.83417
1.82921
1.82414
1.81788
1.813
1.80697
1.80236
1.79966
1.79484
1.79154
1.78712
1.78279
1.77884
1.7733
1.76965
1.76707
1.76304
1.7575
1.7493
1.74579
1.74135
1.7357
1.73239
1.72848
1.7235
1.71957
1.71293
1.70792
1.70174
1.69755
1.69245
1.68553
1.67904
1.67606
1.66857
1.66284
1.65474
1.65086
1.64564
1.6427
1.63786
1.63412
1.62853
1.62328
1.61821
1.61235
1.60879
1.60167
1.59604
1.59004
1.58525
1.58171
1.57942
1.57568
1.57048
1.56654
1.56129
1.5519
1.54838
1.54465
1.54056
1.53632
1.53213
1.52728
1.52281
1.51931
1.5146
1.50963
1.5038
1.49788
1.49425
1.4897
1.48484
1.47901
1.47278
1.46781
1.46255
1.45727
1.4511
1.44649
1.44198
1.43784
1.43534
1.43218
1.42669
1.41952
1.41494
1.40972
1.40294
1.39675
1.39281
1.38669
1.38247
1.37679
1.37256
1.3683
1.36367
1.36034
1.35736
1.35353
1.34729
1.34392
1.33873
1.33479
1.33004
1.32347
1.31814
1.31357
1.31151
1.30853
1.3043
1.30056
1.29734
1.29339
1.28676
1.28363
1.28054
1.27855
1.27629
1.27291
1.27019
1.26575
1.26343
1.2589
1.25551
1.25259
1.24726
1.24308
1.23961
1.23652
1.23308
1.231
1.22798
1.22461
1.22238
1.2195
1.21631
1.21492
1.21058
1.20936
1.20579
1.20314
1.20046
1.1978
1.19387
1.19244
1.1901
1.18788
1.18528
1.18282
1.18126
1.17894
1.17644
1.17355
1.17144
1.16913
1.16772
1.16432
1.16133
1.15802
1.15507
1.15257
1.15033
1.14914
1.14792
1.14534
1.14353
1.14103
1.13943
1.13681
1.13473
1.13216
1.13071
1.12843
1.12618
1.12389
1.12174
1.11879
1.11673
1.11544
1.11344
1.11054
1.10913
1.10652
1.10548
1.10237
1.10083
1.09827
1.09643
1.09466
1.09311
1.09142
1.0895
1.08614
1.08387
1.082
1.07968
1.07832
1.07651
1.07382
1.07152
1.06944
1.06779
1.06556
1.06401
1.06199
1.05983
1.05707
1.05556
1.05338
1.05149
1.05087
1.04884
1.04671
1.04525
1.04398
1.04251
1.04037
1.03729
1.03562
1.03345
1.03189
1.0311
1.02805
1.02505
1.02377
1.02203
1.02
1.01593
1.01492
1.01338
1.01116
1.00997
1.00842
1.00623
1.00432
1.0009
0.998794
0.995722
0.994395
0.992012
0.990533
0.989775
0.988528
0.987224
0.985462
0.984765
0.98271
0.980826
0.979022
0.977287
0.975472
0.974081
0.972458
0.971023
0.970057
0.967348
0.966095
0.964381
0.961033
0.959205
0.95842
0.957033
0.955528
0.953216
0.951893
0.949879
0.947957
0.945841
0.944332
0.941819
0.939795
0.93885
0.936702
0.935712
0.93438
0.933045
0.931475
0.930102
0.928977
0.927524
0.926081
0.924809
0.924103
0.922529
0.920425
0.919353
0.91764
0.916383
0.914533
0.91392
0.912823
0.911409
0.909828
0.907954
0.906757
0.906024
0.905504
0.904198
0.903345
0.902514
0.9014
0.900327
0.899499
0.898598
0.897662
0.896369
0.895779
0.895031
0.894612
0.893723
0.89288
0.892379
0.891721
0.890985
0.890301
0.889515
0.888594
0.887659
0.886892
0.886204
0.885761
0.884912
0.883964
0.883354
0.882826
0.881664
0.881167
0.880717
0.879716
0.87915
0.878376
0.877867
0.877081
0.876542
0.875766
0.875094
0.874573
0.874025
0.873785
0.872965
0.872348
0.871639
0.87119
0.870634
0.870224
0.869859
0.869176
0.868616
0.867563
0.866806
0.86616
0.865764
0.865062
0.864687
0.864001
0.863385
0.862676
0.861874
0.861038
0.860673
0.859986
0.859725
0.859332
0.858063
0.857324
0.857023
0.85664
0.856253
0.856057
0.855814
0.855557
0.854918
0.854528
0.854172
0.853358
0.853172
0.852798
0.852323
0.851834
0.851381
0.8513
0.85095
0.850513
0.849952
0.849589
0.849228
0.848747
0.848197
0.84763
0.847381
0.847121
0.84691
0.846581
0.846054
0.845532
0.845354
0.845109
0.844715
0.843983
0.843467
0.842778
0.842495
0.841406
0.841097
0.84044
0.839762
0.839556
0.839213
0.839057
0.83829
0.838004
0.837228
0.837099
0.8367
0.836275
0.835366
0.834803
0.833708
0.83343
0.832805
0.832428
0.832068
0.831909
0.831535
0.83106
0.830241
0.830072
0.829868
0.829622
0.829024
0.828533
0.828157
0.827815
0.826991
0.826888
0.825841
0.825503
0.824788
0.824605
0.824468
0.824096
0.823969
0.822979
0.822875
0.822195
0.821463
0.82107
0.820868
0.820447
0.820176
0.819915
0.819621
0.81926
0.819107
0.8184
0.818254
0.81819
0.817953
0.817816
0.817665
0.81737
0.817166
0.816997
0.816229
0.816016
0.815881
0.815461
0.815418
0.815192
0.81476
0.814391
0.814073
0.813638
0.813524
0.813316
0.813114
0.812423
0.812325
0.811627
0.811578
0.811529
0.811242
0.811048
0.810761
0.810429
0.810366
0.810114
0.809837
0.80956
0.809539
0.809389
0.809122
0.809026
0.808969
0.808554
0.808305
0.808228
0.807823
0.80769
0.807384
0.807293
0.807263
0.807084
0.807022
0.806694
0.806642
0.806341
0.805952
0.805624
0.805121
0.804991
0.804861
0.804828
0.804696
0.804655
0.804555
0.804531
0.804475
0.8044
0.804286
0.803897
0.803687
0.803527
0.803312
0.803294
0.803229
0.803053
0.802999
0.802877
0.802827
0.802742
0.80271
0.80255
0.802461
0.802389
0.802353
0.802144
0.802027
0.802015
0.801955
0.801837
0.801815
0.801779
0.801688
0.801654
0.801639
0.801607
0.801581
0.801565
0.801514
0.80146
0.801392
0.801372
0.801349
0.801302
0.801277
0.80121
0.801167
0.801139
0.801104
0.801087
0.801063
0.801042
0.800976
0.800954
0.800934
0.800881
0.800844
0.800827
0.800771
0.800749
0.800715
0.800682
0.800662
0.800626
0.800592
0.800573
0.800552
0.800537
0.800507
0.800493
0.80047
0.800444
0.800407
0.800344
0.800299
0.800265
0.800246
0.800232
0.800208
0.800187
0.800139
0.800114
0.800082
0.800057
0.800038
0.800022
0.799989
0.799964
0.799937
0.799905
0.799883
0.799829
0.799789
0.799751
0.799634
0.799567
0.799523
0.799459
0.799376
0.799353
0.799308
0.799266
0.799256
0.79923
0.799184
0.799171
0.799149
0.799121
0.799079
0.799021
0.799003
0.798975
0.798943
0.798924
0.798915
0.798897
0.798884
0.798864
0.798842
0.798827
0.798818
0.798802
0.798776
0.798774
0.798762
0.79875
0.798738
0.798726
0.798713
0.798703
0.798686
0.798679
0.798664
0.798647
0.798634
0.79862
0.798606
0.798583
0.798561
0.79854
0.798531
0.798511
0.798503
0.798495
0.798478
0.79846
0.79843
0.798426
0.798405
0.798392
0.798376
0.798354
0.798344
0.798337
0.798324
0.798306
0.798298
0.798287
0.79828
0.798265
0.798261
0.798238
0.798221
0.798208
0.798181
0.798171
0.798158
0.798149
0.798142
0.798126
0.798117
0.798105
0.7981
0.798093
0.798076
0.79807
0.798065
0.79805
0.798033
0.79802
0.798006
0.798002
0.797994
0.797976
0.797966
0.79796
0.797952
0.797944
0.797938
0.79793
0.797916
0.797911
0.797902
0.797889
0.797885
0.797881
0.797873
0.797857
0.797851
0.79785
0.797848
0.797845
0.797834
0.797827
0.797822
0.797818
0.797807
0.797806
0.797804
0.797796
0.797791
0.797786
0.797777
0.797771
0.797769
0.797765
0.79776
0.797755
0.797751
0.797746
0.797738
0.797734
0.79773
0.797728
0.797725
0.797722
0.797718
0.797714
0.797711
0.797707
0.797703
0.797701
0.797695
0.797691
0.79769
0.797686
0.797682
0.797679
0.797675
0.797672
0.797669
0.797662
0.797657
0.797655
0.797652
0.79765
0.797648
0.797645
0.797641
0.797639
0.797636
0.797635
0.797631
0.797628
0.797626
0.797621
0.797619
0.797618
0.797616
0.797615
0.797612
0.79761
0.797608
0.797605
0.797603
0.7976
0.797598
0.797595
0.797591
0.797591
0.797589
0.797588
0.797587
0.797585
0.797583
0.797582
0.79758
0.797578
0.797577
0.797576
0.797574
0.797572
0.797572
0.797571
0.79757
0.797569
0.797568
0.797567
0.797565
0.797564
0.797562
0.797561
0.79756
0.797558
0.797556
0.797553
0.797551
0.79755
0.797549
0.797548
0.797546
0.797544
0.797543
0.797542
0.797542
0.797541
0.79754
0.797539
0.797538
0.797537
0.797536
0.797535
0.797534
0.797534
0.797533
0.797532
0.797531
0.797531
0.797529
0.797529
0.797528
0.797527
0.797526
0.797525
0.797524
0.797524
0.797523
0.797522
0.797521
0.79752
0.79752
0.797518
0.797518
0.797517
0.797516
0.797515
0.797514
0.797514
0.797513
0.797512
0.797511
0.79751
0.797509
0.797507
0.797506
0.797505
0.797504
0.797503
0.797503
0.797502
0.797501
0.797501
0.7975
0.7975
0.797499
0.797499
0.797498
0.797498
0.797497
0.797497
0.797496
0.797495
0.797495
0.797495
0.797494
0.797494
0.797494
0.797493
0.797492
0.797492
0.797492
0.79749
0.79749
0.797489
0.797488
0.797487
0.797485
0.797484
0.797484
0.797483
0.797483
