0.407917
20.084
19.8406
19.5695
19.3438
18.9878
18.7957
18.4817
18.2168
17.8268
17.4674
17.1384
16.8374
16.4646
16.0935
15.8853
15.5415
15.1922
14.9262
14.6345
14.3634
14.0759
13.7115
13.3221
12.908
12.6211
12.2873
11.9837
11.7248
11.4005
11.1842
10.9475
10.6413
10.3961
10.1766
9.8891
9.65584
9.36727
9.14121
8.93095
8.62261
8.45258
8.26311
8.04021
7.82162
7.64414
7.42263
7.21411
7.04744
6.90091
6.77265
6.53073
6.37203
6.22613
6.04841
5.88602
5.74946
5.61528
5.46725
5.36257
5.24244
5.07211
4.96271
4.88075
4.75039
4.60375
4.5242
4.4513
4.35243
4.27994
4.16032
4.07268
4.00457
3.95108
3.8621
3.78498
3.71527
3.65104
3.58397
3.51654
3.45378
3.40018
3.35356
3.27973
3.216
3.16163
3.09504
3.04371
2.98555
2.93049
2.89256
2.82301
2.7621
2.71153
2.66788
2.60709
2.53423
2.4821
2.4139
2.37284
2.2984
2.23508
2.1659
2.10061
2.06101
1.98989
1.94158
1.89709
1.84369
1.78756
1.736
1.68377
1.64237
1.58908
1.54439
1.50427
1.4681
1.41487
1.36124
1.30993
1.26944
1.2296
1.18942
1.15912
1.12423
1.09003
1.06224
1.02564
0.991827
0.950658
0.917513
0.888576
0.870085
0.850418
0.818588
0.788039
0.768132
0.745371
0.720549
0.700738
0.685344
0.669867
0.651917
0.630757
0.608718
0.592727
0.572312
0.550042
0.536586
0.524013
0.511604
0.489512
0.477674
0.464272
0.449951
0.438844
0.433284
0.427499
0.42034
0.412742
0.40713
0.399932
0.392939
0.381736
0.373166
0.364942
0.353907
0.348073
0.343764
0.338683
0.334424
0.330968
0.326746
0.323071
0.320981
0.318312
0.314794
0.312251
0.309667
0.307718
0.304445
0.303024
0.301244
0.298805
0.296409
0.294615
0.292509
0.289078
0.28677
0.283308
0.279214
0.275686
0.274476
0.272976
0.27211
0.270957
0.270127
0.268685
0.267527
0.266716
0.265485
0.264474
0.263595
0.26269
0.261851
0.261279
0.260784
0.259884
0.259116
0.258329
0.257796
0.257027
0.256414
0.256069
0.255451
0.255015
0.254397
0.253883
0.25341
0.252954
0.252549
0.252294
0.251898
0.251523
0.251183
0.250897
0.250576
0.250145
0.249905
0.249624
0.249294
0.248961
0.24868
0.248395
0.248175
0.247849
0.247674
0.247413
0.24723
0.24708
0.246826
0.246637
0.246489
0.246331
0.246176
0.246068
0.24594
0.245779
0.245667
0.245548
0.245351
0.245236
0.24511
0.244943
0.244875
0.244795
0.244703
0.244601
0.24454
0.24442
0.244332
0.244244
0.244167
0.244087
0.243991
0.243935
0.243876
0.243837
0.243785
0.243741
0.243656
0.243603
0.243539
0.243498
0.243452
0.243405
0.243352
0.243297
0.243267
0.243227
0.243174
0.243125
0.2431
0.243067
0.243039
0.243004
0.242967
0.242938
0.242907
0.242869
0.242852
0.242826
0.242804
0.242774
0.242745
0.242715
0.242695
0.242664
0.242648
0.242626
0.242609
0.242588
0.242573
0.24256
0.242548
0.242528
0.242513
0.242493
0.242479
0.242469
0.242459
0.242446
0.242431
0.242421
0.242406
0.242395
0.242384
0.24238
0.242371
0.242359
0.242351
0.242341
0.242336
0.242328
0.242324
0.242319
0.242312
0.242306
0.242299
0.242292
0.242287
0.242281
0.242275
0.24227
0.242264
0.242259
0.242255
0.24225
0.242247
0.242242
0.242239
0.242236
0.242232
0.242227
0.242225
0.242221
0.242215
0.242212
0.242208
0.242204
0.242201
0.242198
0.242197
0.242194
0.242191
0.242188
0.242187
0.242184
0.242182
0.24218
0.242179
0.242176
0.242174
0.242173
0.242171
0.242169
0.242167
0.242165
0.242164
0.242162
0.24216
0.242159
0.242157
0.242156
0.242155
0.242154
0.242153
0.242152
0.242151
0.24215
0.242149
0.242148
0.242147
0.242145
0.242145
0.242144
0.242143
0.242143
0.242142
0.242141
0.242141
0.24214
0.242139
0.242139
0.242138
0.242138
0.242137
0.242137
0.242136
0.242136
0.242136
0.242135
0.242135
0.242134
0.242134
0.242133
0.242133
0.242132
0.242132
0.242132
0.242132
0.242131
0.242131
0.242131
0.242131
0.24213
0.24213
0.24213
0.24213
0.24213
0.242129
0.242129
0.242129
0.242129
0.242128
0.242128
0.242128
0.242128
0.242128
0.242127
0.242127
0.242127
0.242127
0.242127
0.242127
0.242127
0.242127
0.242127
0.242126
0.242126
0.242126
0.242126
0.242126
0.242126
0.242126
0.242126
0.242126
0.242126
0.242126
0.242126
0.242125
0.242125
0.242125
0.242125
0.242125
0.242125
0.242125
0.242125
0.242125
0.242125
0.242125
0.242125
0.242125
0.242125
0.242125
0.242125
0.242125
0.242125
0.242125
0.242124
0.242124
0.242124
0.242124
0.242124
0.242124
0.242124
0.242124
0.242124
0.242124
0.242124
0.242124
0.242124
0.242124
0.242124
0.242124
0.242124
0.242124
0.242124
0.242124
0.242124
0.242124
0.242124
0.242124
0.242124
0.242124
0.242124
0.242124
0.242124
0.242124
0.242124
0.242124
0.242124
0.242124
0.242124
0.242124
0.242124
0.242124
0.242124
0.242124
0.242124
0.242124
0.242124
0.242124
0.242124
0.242124
0.242124
0.242124
0.242124
0.242124
0.242124
0.242124
0.242124
0.242124
0.242124
0.242124
0.242124
0.242124
0.242124
0.242124
0.242124
0.242124
0.242124
0.242124
0.242124
0.242124
0.242124
0.242124
0.242124
0.242124
0.242124
0.242124
0.242124
0.242124
0.242124
0.242124
0.242124
0.242124
0.242124
0.242124
0.242124
0.242124
0.242124
0.242124
0.242124
0.242124
0.242124
0.242124
0.242124
0.242124
0.242124
0.242124
0.242124
0.242124
0.242124
0.242124
0.242124
0.242124
0.242124
0.242124
0.242124
0.242124
0.242124
0.242124
0.242124
0.242124
0.242124
0.242124
0.242124
0.242124
0.242124
0.242124
0.242124
0.242124
0.242124
0.242124
0.242124
0.242124
0.242124
0.242124
0.242124
0.242124
0.242124
0.242124
0.242124
0.242124
0.242124
0.242124
0.242124
0.242124
0.242124
0.242124
0.242124
0.242124
0.242124
0.242124
0.242124
0.242124
0.242124
0.242124
0.242124
0.242124
0.242124
0.242124
0.242124
0.242124
0.242124
0.242124
0.242124
0.242124
0.242124
0.242124
0.242124
0.242124
0.242124
0.242124
0.242124
0.242124
0.242124
0.242124
0.242124
0.242124
0.242124
0.242124
0.242124
0.242124
0.242124
0.242124
0.242124
0.242124
0.242124
0.242124
0.242124
0.242124
0.242124
0.242124
0.242124
0.242124
0.242124
0.242124
0.242124
0.242124
0.242124
0.242124
0.242124
0.242124
0.242124
0.242124
0.242124
0.242124
0.242124
0.242124
0.242124
0.242124
0.242124
0.242124
0.242124
0.242124
0.242124
0.242124
0.242124
0.242124
0.242124
0.242124
0.242124
0.242124
0.242124
0.242124
0.242124
0.242124
0.242124
0.242124
0.242124
0.242124
0.242124
0.242124
0.242124
0.242124
0.242124
0.242124
0.242124
0.242124
0.242124
0.242124
0.242124
0.242124
0.242124
0.242124
0.242124
0.242124
0.242124
0.242124
0.242124
0.242124
0.242124
0.242124
0.242124
0.242124
0.242124
0.242124
0.242124
0.242124
0.242124
0.242124
0.242124
0.242124
0.242124
0.242124
0.242124
0.242124
0.242124
0.242124
0.242124
0.242124
0.242124
0.242124
0.242124
0.242124
0.242124
0.242124
0.242124
0.242124
0.242124
0.242124
0.242124
0.242124
0.242124
0.242124
0.242124
0.242124
0.242124
0.242124
0.242124
0.242124
0.242124
0.242124
0.242124
0.242124
0.242124
0.242124
0.242124
0.242124
0.242124
0.242124
0.242124
0.242124
0.242124
0.242124
0.242124
0.242124
0.242124
0.242124
0.242124
0.242124
0.242124
0.242124
0.242124
0.242124
0.242124
0.242124
0.242124
0.242124
0.242124
0.242124
0.242124
0.242124
0.242124
0.242124
0.242124
0.242124
0.242124
0.242124
0.242124
0.242124
0.242124
0.242124
0.242124
0.242124
0.242124
0.242124
0.242124
0.242124
0.242124
0.242124
0.242124
0.242124
0.242124
0.242124
0.242124
0.242124
0.242124
0.242124
0.242124
0.242124
0.242124
0.242124
0.242124
0.242124
0.242124
0.242124
0.242124
0.242124
0.242124
0.242124
0.242124
0.242124
0.242124
0.242124
0.242124
0.242124
0.242124
0.242124
0.242124
0.242124
0.242124
0.242124
0.242124
0.242124
0.242124
0.242124
0.242124
0.242124
0.242124
0.242124
0.242124
0.242124
0.242124
0.242124
0.242124
0.242124
0.242124
0.242124
0.242124
0.242124
0.242124
0.242124
0.242124
0.242124
0.242124
0.242124
0.242124
0.242124
0.242124
0.242124
0.242124
0.242124
0.242124
0.242124
0.242124
0.242124
0.242124
0.242124
0.242124
0.242124
0.242124
0.242124
0.242124
0.242124
0.242124
0.242124
0.242124
0.242124
0.242124
0.242124
0.242124
0.242124
0.242124
0.242124
0.242124
0.242124
0.242124
0.242124
0.242124
0.242124
0.242124
0.242124
0.242124
0.242124
0.242124
0.242124
0.242124
0.242124
0.242124
0.242124
0.242124
0.242124
0.242124
0.242124
0.242124
0.242124
0.242124
0.242124
0.242124
0.242124
0.242124
0.242124
0.242124
0.242124
0.242124
0.242124
0.242124
0.242124
0.242124
0.242124
0.242124
0.242124
0.242124
0.242124
0.242124
0.242124
0.242124
0.242124
0.242124
0.242124
0.242124
0.242124
0.242124
0.242124
0.242124
0.242124
0.242124
0.242124
0.242124
0.242124
0.242124
0.242124
0.242124
0.242124
0.242124
0.242124
0.242124
0.242124
0.242124
0.242124
0.242124
0.242124
0.242124
0.242124
0.242124
0.242124
0.242124
0.242124
0.242124
0.242124
0.242124
0.242124
0.242124
0.242124
0.242124
0.242124
0.242124
0.242124
0.242124
0.242124
0.242124
0.242124
0.242124
0.242124
0.242124
0.242124
0.242124
0.242124
0.242124
0.242124
0.242124
0.242124
0.242124
0.242124
0.242124
0.242124
0.242124
0.242124
0.242124
0.242124
0.242124
0.242124
0.242124
0.242124
0.242124
0.242124
0.242124
0.242124
0.242124
0.242124
0.242124
0.242124
0.242124
0.242124
0.242124
0.242124
0.242124
0.242124
0.242124
0.242124
0.242124
0.242124
0.242124
0.242124
0.242124
0.242124
0.242124
0.242124
0.242124
0.242124
0.242124
0.242124
0.242124
0.242124
0.242124
0.242124
0.242124
0.242124
0.242124
0.242124
0.242124
0.242124
0.242124
0.242124
0.242124
0.242124
0.242124
0.242124
0.242124
0.242124
0.242124
0.242124
0.242124
0.242124
0.242124
0.242124
0.242124
0.242124
0.242124
0.242124
0.242124
0.242124
0.242124
0.242124
0.242124
0.242124
0.242124
0.242124
0.242124
0.242124
0.242124
0.242124
0.242124
0.242124
0.242124
0.242124
0.242124
0.242124
0.242124
0.242124
0.242124
0.242124
0.242124
0.242124
0.242124
0.242124
0.242124
0.242124
0.242124
0.242124
0.242124
0.242124
0.242124
0.242124
0.242124
0.242124
0.242124
0.242124
0.242124
0.242124
0.242124
0.242124
0.242124
0.242124
0.242124
0.242124
0.242124
0.242124
0.242124
0.242124
0.242124
0.242124
0.242124
0.242124
0.242124
0.242124
0.242124
0.242124
0.242124
0.242124
0.242124
0.242124
0.242124
0.242124
0.242124
0.242124
0.242124
0.242124
0.242124
0.242124
0.242124
0.242124
0.242124
0.242124
0.242124
0.242124
0.242124
0.242124
0.242124
0.242124
0.242124
0.242124
0.242124
0.242124
0.242124
0.242124
0.242124
0.242124
0.242124
0.242124
0.242124
0.242124
0.242124
0.242124
0.242124
0.242124
0.242124
0.242124
0.242124
0.242124
0.242124
0.242124
0.242124
0.242124
0.242124
0.242124
0.242124
0.242124
0.242124
0.242124
0.242124
0.242124
0.242124
0.242124
0.242124
0.242124
0.242124
0.242124
0.242124
0.242124
0.242124
0.242124
0.242124
0.242124
0.242124
0.242124
0.242124
0.242124
0.242124
0.242124
0.242124
0.242124
0.242124
0.242124
0.242124
0.242124
0.242124
0.242124
0.242124
0.242124
0.242124
0.242124
0.242124
0.242124
0.242124
0.242124
0.242124
0.242124
0.242124
0.242124
0.242124
0.242124
0.242124
0.242124
0.242124
0.242124
0.242124
0.242124
0.242124
0.242124
0.242124
0.242124
0.242124
0.242124
0.242124
0.242124
0.242124
0.242124
0.242124
0.242124
0.242124
0.242124
0.242124
0.242124
0.242124
0.242124
0.242124
0.242124
0.242124
0.242124
0.242124
0.242124
0.242124
0.242124
0.242124
0.242124
0.242124
0.242124
0.242124
0.242124
0.242124
0.242124
0.242124
0.242124
0.242124
0.242124
0.242124
0.242124
0.242124
0.242124
0.242124
0.242124
0.242124
0.242124
0.242124
0.242124
0.242124
0.242124
0.242124
0.242124
0.242124
0.242124
0.242124
0.242124
0.242124
0.242124
0.242124
0.242124
0.242124
0.242124
0.242124
0.242124
0.242124
0.242124
0.242124
0.242124
0.242124
0.242124
0.242124
0.242124
0.242124
0.242124
0.242124
0.242124
0.242124
0.242124
0.242124
0.242124
0.242124
0.242124
0.242124
0.242124
0.242124
0.242124
0.242124
0.242124
0.242124
0.242124
0.242124
0.242124
0.242124
0.242124
0.242124
0.242124
0.242124
0.242124
0.242124
0.242124
0.242124
0.242124
0.242124
0.242124
0.242124
0.242124
0.242124
0.242124
0.242124
0.242124
0.242124
0.242124
0.242124
0.242124
0.242124
0.242124
0.242124
0.242124
0.242124
0.242124
0.242124
0.242124
0.242124
0.242124
0.242124
0.242124
0.242124
0.242124
0.242124
0.242124
0.242124
0.242124
0.242124
0.242124
0.242124
0.242124
0.242124
0.242124
0.242124
0.242124
0.242124
0.242124
0.242124
0.242124
0.242124
0.242124
0.242124
0.242124
0.242124
0.242124
0.242124
0.242124
0.242124
0.242124
0.242124
0.242124
0.242124
0.242124
0.242124
0.242124
0.242124
0.242124
0.242124
0.242124
0.242124
0.242124
0.242124
0.242124
0.242124
0.242124
0.242124
0.242124
0.242124
0.242124
0.242124
0.242124
0.242124
0.242124
0.242124
0.242124
0.242124
0.242124
0.242124
0.242124
0.242124
0.242124
0.242124
0.242124
0.242124
0.242124
0.242124
0.242124
0.242124
0.242124
0.242124
0.242124
0.242124
0.242124
0.242124
0.242124
0.242124
0.242124
0.242124
0.242124
0.242124
0.242124
0.242124
0.242124
0.242124
0.242124
0.242124
0.242124
0.242124
0.242124
0.242124
0.242124
0.242124
0.242124
0.242124
0.242124
0.242124
0.242124
0.242124
0.242124
0.242124
0.242124
0.242124
0.242124
0.242124
0.242124
0.242124
0.242124
0.242124
0.242124
0.242124
0.242124
0.242124
0.242124
0.242124
0.242124
0.242124
0.242124
0.242124
0.242124
0.242124
0.242124
0.242124
0.242124
0.242124
0.242124
0.242124
0.242124
0.242124
0.242124
0.242124
0.242124
0.242124
0.242124
0.242124
0.242124
0.242124
0.242124
0.242124
0.242124
0.242124
0.242124
0.242124
0.242124
0.242124
0.242124
0.242124
0.242124
0.242124
0.242124
0.242124
0.242124
0.242124
0.242124
0.242124
0.242124
0.242124
0.242124
0.242124
0.242124
0.242124
0.242124
0.242124
0.242124
0.242124
0.242124
0.242124
0.242124
0.242124
0.242124
0.242124
0.242124
0.242124
0.242124
0.242124
0.242124
0.242124
0.242124
0.242124
0.242124
0.242124
0.242124
0.242124
0.242124
0.242124
0.242124
0.242124
0.242124
0.242124
0.242124
0.242124
0.242124
0.242124
0.242124
0.242124
0.242124
0.242124
0.242124
0.242124
0.242124
0.242124
0.242124
0.242124
0.242124
0.242124
0.242124
0.242124
0.242124
0.242124
0.242124
0.242124
0.242124
0.242124
0.242124
0.242124
0.242124
0.242124
0.242124
0.242124
0.242124
0.242124
0.242124
0.242124
0.242124
0.242124
0.242124
0.242124
0.242124
0.242124
0.242124
0.242124
0.242124
0.242124
0.242124
0.242124
0.242124
0.242124
0.242124
0.242124
0.242124
0.242124
0.242124
0.242124
0.242124
0.242124
0.242124
0.242124
0.242124
0.242124
0.242124
0.242124
0.242124
0.242124
0.242124
0.242124
0.242124
0.242124
0.242124
0.242124
0.242124
0.242124
0.242124
0.242124
0.242124
0.242124
0.242124
0.242124
0.242124
0.242124
0.242124
0.242124
0.242124
0.242124
0.242124
0.242124
0.242124
0.242124
0.242124
0.242124
0.242124
0.242124
0.242124
0.242124
0.242124
0.242124
0.242124
0.242124
0.242124
0.242124
0.242124
0.242124
0.242124
0.242124
0.242124
0.242124
0.242124
0.242124
0.242124
0.242124
0.242124
0.242124
0.242124
0.242124
0.242124
0.242124
0.242124
0.242124
0.242124
0.242124
0.242124
0.242124
0.242124
0.242124
0.242124
0.242124
0.242124
0.242124
0.242124
0.242124
0.242124
0.242124
0.242124
0.242124
0.242124
0.242124
0.242124
0.242124
0.242124
0.242124
0.242124
0.242124
0.242124
0.242124
0.242124
0.242124
0.242124
0.242124
0.242124
0.242124
0.242124
0.242124
0.242124
0.242124
0.242124
0.242124
0.242124
0.242124
0.242124
0.242124
0.242124
0.242124
0.242124
0.242124
0.242124
0.242124
0.242124
0.242124
0.242124
0.242124
0.242124
0.242124
0.242124
0.242124
0.242124
0.242124
0.242124
0.242124
0.242124
0.242124
0.242124
0.242124
0.242124
0.242124
0.242124
0.242124
0.242124
0.242124
0.242124
0.242124
0.242124
0.242124
0.242124
0.242124
0.242124
0.242124
0.242124
0.242124
0.242124
0.242124
0.242124
0.242124
0.242124
0.242124
0.242124
0.242124
0.242124
0.242124
0.242124
0.242124
0.242124
0.242124
0.242124
0.242124
0.242124
0.242124
0.242124
0.242124
0.242124
0.242124
0.242124
0.242124
0.242124
0.242124
0.242124
0.242124
0.242124
0.242124
0.242124
0.242124
0.242124
0.242124
0.242124
0.242124
0.242124
0.242124
0.242124
0.242124
0.242124
0.242124
0.242124
0.242124
0.242124
0.242124
0.242124
0.242124
0.242124
0.242124
0.242124
0.242124
0.242124
0.242124
0.242124
0.242124
0.242124
0.242124
0.242124
0.242124
0.242124
0.242124
0.242124
0.242124
0.242124
0.242124
0.242124
0.242124
0.242124
0.242124
0.242124
0.242124
0.242124
0.242124
0.242124
0.242124
0.242124
0.242124
0.242124
0.242124
0.242124
0.242124
0.242124
0.242124
0.242124
0.242124
0.242124
0.242124
0.242124
0.242124
0.242124
0.242124
0.242124
0.242124
0.242124
0.242124
0.242124
0.242124
0.242124
0.242124
0.242124
0.242124
0.242124
0.242124
0.242124
0.242124
0.242124
0.242124
0.242124
0.242124
0.242124
0.242124
0.242124
0.242124
0.242124
0.242124
0.242124
0.242124
0.242124
0.242124
0.242124
0.242124
0.242124
0.242124
0.242124
0.242124
0.242124
0.242124
0.242124
0.242124
0.242124
0.242124
0.242124
0.242124
0.242124
0.242124
0.242124
0.242124
0.242124
0.242124
0.242124
0.242124
0.242124
0.242124
0.242124
0.242124
0.242124
0.242124
0.242124
0.242124
0.242124
0.242124
0.242124
0.242124
0.242124
0.242124
0.242124
0.242124
0.242124
0.242124
0.242124
0.242124
0.242124
0.242124
0.242124
0.242124
0.242124
0.242124
0.242124
0.242124
0.242124
0.242124
0.242124
0.242124
0.242124
0.242124
0.242124
0.242124
0.242124
0.242124
0.242124
0.242124
0.242124
0.242124
0.242124
0.242124
0.242124
0.242124
0.242124
0.242124
0.242124
0.242124
0.242124
0.242124
0.242124
0.242124
0.242124
0.242124
0.242124
0.242124
0.242124
0.242124
0.242124
0.242124
0.242124
0.242124
0.242124
0.242124
0.242124
0.242124
0.242124
0.242124
0.242124
0.242124
0.242124
0.242124
0.242124
0.242124
0.242124
0.242124
0.242124
0.242124
0.242124
0.242124
0.242124
0.242124
0.242124
0.242124
0.242124
0.242124
0.242124
0.242124
0.242124
0.242124
0.242124
0.242124
0.242124
0.242124
0.242124
0.242124
0.242124
0.242124
0.242124
0.242124
0.242124
0.242124
0.242124
0.242124
0.242124
0.242124
0.242124
0.242124
0.242124
0.242124
0.242124
0.242124
0.242124
0.242124
0.242124
0.242124
0.242124
0.242124
0.242124
0.242124
0.242124
0.242124
0.242124
0.242124
0.242124
0.242124
0.242124
0.242124
0.242124
0.242124
0.242124
0.242124
0.242124
0.242124
0.242124
0.242124
0.242124
0.242124
0.242124
0.242124
0.242124
0.242124
0.242124
