107832
107832
107832
107832
107832
107832
68426.3
68426.3
68426.3
68426.3
68426.3
68426.3
68426.3
68426.3
68426.3
68426.3
68426.3
68426.3
68426.3
68426.3
68426.3
68426.3
68426.3
68426.3
68426.3
68426.3
68426.3
68426.3
66342.7
64241
64241
64241
64241
64241
55262.3
55262.3
55194.3
55194.3
54949.9
45920.7
45920.7
45920.7
45920.7
45920.7
45920.7
45920.7
45920.7
45920.7
45920.7
45920.7
45920.7
45920.7
44562.9
31312.8
31312.8
31312.8
30300.5
30300.5
30300.5
30300.5
30300.5
30300.5
30300.5
30300.5
30300.5
30300.5
30300.5
30300.5
30300.5
30300.5
30300.5
30300.5
30300.5
30300.5
30300.5
30300.5
30300.5
30300.5
30300.5
30300.5
30300.5
30300.5
30300.5
30300.5
30300.5
30300.5
30300.5
30300.5
30300.5
30300.5
30300.5
30300.5
30300.5
30300.5
30300.5
26787.6
26787.6
25774.5
25774.5
24572.8
24572.8
24572.8
24572.8
24572.8
24572.8
24572.8
24572.8
24572.8
23244.9
23244.9
23244.9
23244.9
23244.9
23244.9
23244.9
23244.9
23244.9
23244.9
21689.8
21689.8
21689.8
21075.4
21075.4
21075.4
21075.4
21075.4
21075.4
21075.4
21075.4
21075.4
21075.4
21075.4
19400.4
19400.4
19400.4
19400.4
19400.4
19400.4
19400.4
19400.4
19400.4
19162.7
19162.7
19162.7
19162.7
19162.7
19162.7
19162.7
19162.7
19162.7
19162.7
19162.7
19162.7
19123.9
19123.9
19123.9
18450.9
18450.9
18450.9
17677.5
17667.8
17667.8
17667.8
17667.8
17357
17023.3
17023.3
17023.3
17023.3
17023.3
17023.3
16564.5
16507.4
16507.4
16373.4
16373.4
16373.4
16373.4
16184.1
16184.1
16184.1
16184.1
16184.1
16037.4
16037.4
15915.1
15915.1
15915.1
15915.1
15915.1
15751.9
15751.9
15652.5
15626
15626
15626
15272.1
15272.1
15194.8
15194.8
15194.8
15194.8
15194.8
15194.8
15194.8
15194.8
15165.4
15165.4
15155.9
15155.9
15026.1
14887.9
14887.9
14887.9
14887.9
14887.9
14887.9
14887.9
14887.9
14887.9
14887.9
14887.9
14887.9
14827.7
14709
14709
14583
14583
14583
14583
14583
14583
14583
14583
14521.3
14349.2
14349.2
14343.4
14263.2
14130.7
14130.7
14030.2
14030.2
14020.5
13976.5
13888
13810.3
13810.3
13795.9
13759.9
13736.8
13573.3
13573.3
13573.3
13379.9
13379.9
13236.6
13194.5
13194.5
13194.5
13194.5
13194.5
13190.5
13178.8
13070.2
13070.2
13070.2
13070.2
13070.2
12910.2
12910.2
12910.2
12910.2
12910.2
12772
12687.3
12687.3
12521.8
12471.7
12468.7
12468.7
12347.9
12328.9
12328.9
12328.9
12328.9
12328.9
12072.8
12072.8
12072.8
12072.8
11610.4
11300.5
11300.5
11300.5
11300.5
11300.5
11300.5
11300.5
11300.5
11300.5
11298.3
11298.3
11298.3
11298.3
11001
11001
10839.7
10839.7
10657.6
10657.6
10657.6
10657.6
10657.6
10657.6
10614.6
10556.2
10154.1
10154.1
10154.1
10122.8
10122.8
10122.8
9985.02
9985.02
9985.02
9985.02
9985.02
9921.22
9682.14
9646.65
9646.65
9646.65
9646.65
9583.93
9571.67
9571.67
9571.67
9465.17
9465.17
9465.17
9324.6
9324.6
9324.6
9324.6
9324.6
9324.6
9324.6
9283.35
9283.35
9225.75
9225.75
9225.75
9225.75
9088.88
8997.5
8997.5
8997.5
8968.3
8968.3
8968.3
8737.7
8737.7
8737.7
8737.7
8737.7
8681.84
8653.86
8653.86
8651.24
8612.94
8583.15
8560.74
8431.06
8322.26
8320.71
8320.71
8320.71
8258.42
8256.24
8256.24
8256.24
8101.47
8101.47
8101.47
8101.47
8092.33
8092.33
8092.33
8092.33
8092.33
8092.33
8084.68
8061.91
8061.91
7848.4
7829.09
7829.09
7829.09
7829.09
7787.85
7595.8
7595.8
7362.03
7362.03
7265.68
7153.26
7153.26
6684.04
6684.04
6684.04
6636.99
6606.45
6606.45
6606.45
6606.45
6509.41
6509.41
6509.41
6509.41
6443.61
6372.15
6372.15
6220.42
6181.11
6181.11
6162.88
6017.17
6017.17
5975.41
5975.41
5975.41
5949.64
5949.64
5949.64
5949.64
5909.5
5909.5
5909.5
5875.3
5872.42
5836.61
5819.03
5819.03
5689.18
5689.18
5689.18
5689.18
5689.18
5689.18
5689.18
5689.18
5658.42
5658.42
5658.42
5658.42
5599.28
5599.28
5599.28
5599.28
5599.28
5599.28
5599.28
5408.26
5339.22
5339.22
5339.22
5339.22
5287.5
5287.5
5158.69
5158.69
5119.02
5002.02
4931.97
4850.64
4850.64
4850.64
4603.73
4603.73
4603.73
4603.73
4603.73
4603.73
4603.73
4603.73
4603.73
4497.12
4497.12
4378.09
4378.09
4378.09
4378.09
4378.09
4378.09
4378.09
4378.09
4378.09
4378.09
4378.09
4378.09
4378.09
4378.09
4378.09
4378.09
4315.37
4256.84
4256.84
4256.84
4234.32
4234.32
4234.32
4234.32
4234.32
4234.32
4213.2
4124.55
4072.82
4072.82
4070.52
4059.75
4059.75
4029.82
4016.61
3979.58
3935.26
3892.52
3850.94
3849.71
3849.71
3757.29
3757.29
3757.29
3757.29
3688.31
3688.31
3688.31
3688.31
3688.31
3662.2
3579.11
3579.11
3579.11
3579.11
3503.9
3503.9
3503.9
3503.9
3484.75
3484.75
3484.75
3484.75
3484.75
3471.72
3471.72
3471.72
3471.72
3471.72
3471.72
3471.72
3471.72
3471.72
3437.67
3437.67
3437.67
3423.54
3423.54
3359.51
3359.51
3359.51
3359.51
3359.51
3359.51
3359.51
3359.51
3359.51
3353.22
3351.87
3281.3
3281.3
3281.3
3281.3
3281.3
3281.3
3272.09
3272.09
3272.09
3272.09
3220.2
3220.2
3220.2
3220.2
3220.2
3199.46
3130.92
3130.92
3130.92
3124.91
3124.91
3098.46
3098.46
3098.46
3088.95
3064.18
3059.49
3028.66
3028.66
3028.66
3017.41
3017.41
3003.76
2975.52
2962.07
2962.07
2920.83
2920.83
2920.83
2911.86
2911.86
2891.99
2885.3
2885.3
2864.85
2864.85
2852.47
2852.47
2850.71
2848.27
2844.31
2815.23
2815.23
2815.23
2815.23
2815.23
2814.09
2810.66
2804.7
2804.7
2804.51
2804.51
2804.51
2788.21
2788.21
2770.04
2770.04
2770.04
2770.04
2761.39
2761.39
2755.59
2755.59
2755.59
2755.59
2749.3
2749.3
2745.52
2745.52
2735.18
2729.15
2729.15
2729.15
2718.08
2718.08
2718.08
2718.08
2713.33
2709.45
2709.45
2695.89
2695.89
2695.89
2695.89
2695.89
2695.89
2695.89
2682.17
2682.17
2682.17
2682.17
2682.17
2682.17
2682.17
2682.17
2682.17
2682.17
2682.17
2671.7
2671.7
2671.7
2671.7
2671.7
2671.7
2671.7
2664.99
2663.16
2657.62
2654.05
2651.57
2651.57
2651.57
2647.94
2647.94
2640.04
2640.04
2619.41
2611.77
2611.77
2600.4
2600.4
2600.4
2578.28
2573.07
2573.07
2556.56
2556.56
2556.56
2556.56
2542.04
2542.04
2542.04
2528.77
2528.77
2528.77
2527.63
2527.63
2527.63
2520.65
2520.65
2513.59
2513.59
2513.59
2494.1
2494.1
2494.1
2485.31
2483.56
2483.56
2483.56
2482.9
2482.9
2478.3
2467.2
2467.2
2467.2
2460.48
2439.66
2424.31
2424.31
2422.74
2388.83
2388.83
2388.83
2388.83
2388.83
2388.83
2388.83
2377.25
2377.25
2374.01
2374.01
2373.61
2373.61
2373.61
2363.5
2354.36
2354.36
2354.36
2354.36
2354.36
2354.36
2350.54
2350.54
2350.54
2350.54
2350.54
2344.59
2344.59
2344.59
2342.19
2342.19
2342.19
2342.19
2342.19
2342.19
2342.19
2342.19
2342.19
2342.19
2336.91
2336.91
2336.91
2336.91
2329.9
2320.58
2318.05
2297.05
2297.05
2296.08
2291.33
2291.33
2291.33
2278.92
2278.92
2278.92
2278.92
2273.03
2273.03
2259.32
2259.32
2259.32
2259.32
2259.32
2241.41
2217.72
2211.25
2203.05
2176.74
2176.74
2163.36
2163.36
2160.68
2122.55
2122.55
2121.03
2104.23
2104.23
2104.23
2096.24
2096.24
2096.24
2096.24
2096.24
2096.24
2096.24
2089.52
2089.52
2082.27
2082.27
2082.27
2082.27
2080.43
2080.43
2080.43
2079.51
2079.51
2079.51
2079.51
2079.51
2060.83
2043.89
2043.89
2043.89
2042.59
2034.1
2034.1
2007.14
2007.14
1997.61
1974.66
1974.66
1974.66
1974.66
1958.53
1948.64
1947.49
1947.49
1947.49
1947.49
1947.49
1937.71
1937.71
1937.71
1937.71
1937.71
1929.12
1911.07
1911.07
1881.62
1881.62
1878.51
1867.2
1867.2
1839.7
1839.7
1838.7
1837.36
1837.36
1821.54
1818.22
1769.75
1769.75
1769.75
1750.45
1750.45
1737.3
1737.3
1737.3
1737.3
1737.3
1737.3
1726.32
1726.32
1726.32
1708.66
1708.66
1708.66
1702.03
1702.03
1689.32
1689.32
1657.92
1657.92
1657.92
1657.92
1657.92
1657.92
1652.9
1652.9
1634.93
1608.06
1608.06
1603.5
1591.02
1586.55
1586.55
1586.55
1586.55
1576.38
1576.38
1575.03
1575.03
1575.03
1575.03
1575.03
1571.8
1563.92
1563.92
1563.92
1563.92
1563.92
1561.36
1554.97
1549.97
1549.97
1549.97
1532.64
1532.64
1532.64
1527.88
1527.88
1527.88
1527.88
1527.88
1521.82
1521.82
1521.82
1519.47
1515.59
1510.19
1510.19
1510.19
1510.19
1510.19
1510.19
1502.11
1502.11
1502.11
1482.9
1482.9
1479.84
1479.84
1472.2
1472.2
1472.2
1472.2
1472.2
1464.78
1464.78
1449.68
1449.68
1435.55
1435.55
1435.46
1402.97
1402.97
1402.97
1402.97
1402.97
1402.97
1402.97
1402.97
1402.97
1391.34
1391.34
1391.34
1362.93
1337.15
1337.15
1301.28
1301.28
1301.28
1301.28
1301.28
1301.28
1301.28
1301.28
1277.51
1263.48
1243.76
1243.57
1242.42
1237.31
1208.7
1208.7
1208.7
1208.7
1208.7
1178.91
1178.91
1178.91
1167.65
1133.64
1133.64
1133.64
1133.64
1133.64
1133.64
1105.02
1105.02
1105.02
1099.28
1097.5
1097.5
1070.02
1070.02
1070.02
1070.02
1070.02
1070.02
1070.02
1070.02
1070.02
1070.02
1070.02
1062.53
1062.53
1062.53
1062.53
1042.5
1042.5
1042.5
1042.5
1038.8
1038.8
1038.8
1038.8
1038.8
1038.8
1023.58
1023.58
1023.58
1023.58
1023.58
1023.58
1023.58
1020.01
1016.94
1013.58
998.983
988.608
988.608
988.608
977.978
977.88
950.236
950.236
950.236
950.236
925.157
925.157
925.157
895.311
895.311
895.311
851.306
851.306
851.306
851.306
849.205
849.205
849.205
849.205
833.539
833.539
833.539
832.577
832.577
832.577
832.577
816.543
816.543
816.543
816.543
816.543
816.543
812.886
812.886
788.534
788.534
788.534
788.534
788.534
788.534
766.068
766.068
766.068
766.068
766.068
757.15
757.15
749.592
749.592
749.073
746.332
736.128
736.128
736.128
732.874
732.874
732.874
728.114
728.114
719.29
719.29
716.87
716.87
714.165
712.155
712.155
684.625
684.625
684.625
684.625
673.618
662.49
662.49
657.396
657.396
657.396
657.396
657.396
657.396
652.368
652.368
649.773
649.773
649.773
649.773
642.772
642.772
642.772
642.772
641.284
635.991
635.991
635.991
635.991
635.991
634.58
634.58
634.58
630.519
630.519
630.519
630.519
626.597
619.617
619.617
612.817
612.817
609.319
601.647
601.647
601.296
601.296
597.365
597.365
591.074
589.18
589.18
589.18
587.09
585.7
585.7
585.7
578.337
578.337
575.427
575.427
574.7
568.912
568.912
568.912
568.912
568.912
568.912
568.233
568.233
565.074
563.834
562.187
560.551
560.551
560.551
557.737
543.127
543.127
543.127
543.127
543.127
543.127
543.127
543.127
543.127
539.965
539.027
535.751
535.751
534.975
532.594
525.16
525.16
525.16
517.447
517.447
512.028
504.681
502.039
502.039
502.039
502.039
499.035
482.341
482.341
482.341
482.341
482.341
482.341
482.341
482.341
482.341
482.341
482.341
482.341
482.341
482.341
482.341
480.527
480.527
480.527
480.527
480.527
474.196
474.196
471.144
471.144
471.144
471.144
471.144
471.144
471.144
470.987
470.987
470.987
470.987
470.987
470.987
470.987
465.207
465.207
465.207
465.207
460.318
457.379
457.379
457.214
455.678
452.452
452.452
452.452
452.452
452.452
452.162
448.461
437.885
437.885
437.885
437.885
437.885
437.885
437.885
434.602
434.602
434.602
434.602
434.602
434.602
434.602
434.602
434.602
434.602
434.602
434.602
431.151
431.151
431.151
431.151
431.151
430.976
430.976
430.976
430.514
426.917
426.917
425.384
425.384
425.029
421.173
418.33
414.786
414.786
412.224
408.999
408.999
407.108
404.682
400.623
399.025
397.644
390.778
390.778
390.778
388.667
387.471
385.034
378.862
371.49
371.49
371.49
371.49
371.49
367.958
367.958
367.514
367.514
363.09
363.09
362.596
360.021
349.396
349.396
349.396
345.703
345.703
345.703
345.703
345.703
345.703
345.703
345.703
345.703
345.703
345.703
345.703
345.703
345.418
343.989
336.671
335.828
332.219
332.219
332.219
332.219
332.219
325
325
325
325
325
324.877
323.953
323.953
323.953
321.46
321.46
321.46
321.46
321.116
321.116
321.116
321.116
321.116
321.116
321.116
321.116
321.116
319.77
319.77
319.77
319.77
319.77
318.961
318.535
316.202
315.639
313.975
313.975
311.667
311.667
311.667
311.667
311.667
311.667
308.7
308.7
308.7
308.7
308.7
308.7
308.7
308.7
308.7
308.7
308.7
308.7
308.317
308.317
306.546
306.546
306.546
305.111
303.893
303.404
303.404
300.848
299.589
299.589
299.589
299.589
299.548
299.135
299.135
298.639
298.639
298.639
298.639
298.639
297.098
297.098
295.185
295.013
295.013
295.013
295.013
294.061
294.061
291.783
291.783
291.783
291.783
291.783
289.648
289.173
288.603
288.535
282.491
282.491
282.491
282.491
282.491
282.491
281.57
277.254
274.019
273.011
270.224
270.098
264.295
260.663
260.366
259.156
249.15
249.15
249.15
249.15
248.367
248.367
248.354
248.354
245.499
245.499
244.794
244.794
242.938
242.938
240.814
236.873
232.892
232.892
228.846
228.846
228.846
228.846
228.846
228.846
226.143
226.143
226.143
226.143
226.143
226.143
224.25
224.25
223.753
223.555
221.347
221.347
218.788
218.673
214.686
209.722
209.722
209.722
209.722
209.722
209.722
209.722
209.722
209.199
207.376
207.376
207.376
207.376
207.376
207.376
207.376
206.432
206.432
206.08
206.08
197.987
197.987
197.987
197.987
197.987
197.987
197.987
197.987
197.987
197.987
193.673
193.673
193.673
193.673
193.673
193.673
193.673
193.673
192.746
190.993
190.993
190.902
188.271
185.119
184.829
184.829
184.829
184.829
184.829
179.467
176.502
176.502
176.502
176.502
175.968
175.88
175.88
175.88
175.88
175.352
175.352
174.611
174.611
174.611
174.611
167.183
165.568
165.568
165.568
164.859
163.511
162.174
162.174
162.174
160.134
157.688
156.358
156.358
155.031
155.031
154.86
154.86
154.86
154.86
154.86
154.86
154.86
154.86
151.95
151.95
151.95
151.95
151.95
151.047
151.047
151.047
151.047
148.287
148.287
148.287
148.287
148.287
148.287
148.287
145.016
145.016
144.327
143.456
141.213
141.213
133.702
133.702
133.702
133.702
132.316
131.418
131.418
130.772
130.772
130.772
128.979
126.591
126.397
125.375
124.83
124.83
123.754
123.754
120.851
120.841
120.841
120.841
115.536
114.02
114.02
113.718
112.41
111.161
109.042
106.264
106.264
106.264
105.63
104.227
104.227
104.227
104.227
104.227
104.227
104.227
104.227
104.227
103.802
101.608
101.608
101.608
101.608
101.608
101.608
101.608
101.608
101.608
101.59
101.59
100.778
100.778
100.778
100.778
100.778
100.669
100.669
100.669
100.669
100.669
100.669
100.669
100.669
100.669
100.669
100.669
99.0734
99.0734
99.0734
99.0225
99.0225
99.0225
99.0225
98.8623
98.8623
98.7776
98.3185
98.1052
97.4337
97.4337
96.5401
96.5401
96.5401
96.5401
96.5401
95.5735
95.5735
95.5735
95.5735
95.5735
95.5735
95.5735
95.5735
95.5735
95.5735
95.5735
95.5735
95.5735
95.4585
95.4585
95.4585
95.4582
95.033
95.033
95.033
95.033
95.033
94.7282
94.7282
94.7282
94.677
94.5726
94.5726
94.3799
93.9931
93.9931
93.9931
93.9755
93.9755
93.9516
93.9516
93.9516
93.8982
93.8765
93.8765
93.5935
93.4787
93.4787
93.4787
93.4787
93.4787
93.4787
93.4787
93.1181
92.9059
92.9059
92.8905
92.8813
92.8813
92.6939
92.6939
92.6939
92.6939
92.6939
92.4622
92.4622
92.4622
92.4618
92.4618
92.4618
92.4146
92.0221
91.9763
91.9471
91.7564
91.7564
91.6276
91.6276
91.6276
90.8832
90.5047
90.5047
90.4064
89.6503
89.6503
89.6503
89.6503
89.6503
89.6503
89.2366
89.2366
88.462
88.4007
87.9395
87.9395
86.8525
86.8525
86.8525
86.8525
86.8525
86.8525
86.8525
86.8525
86.8525
86.8525
86.8525
86.8525
86.8525
86.8525
85.9892
85.4124
84.3013
84.3013
84.3013
84.3013
84.3013
84.0562
83.5714
83.5714
83.5714
83.0276
83.0276
83.0276
82.7307
82.5194
82.5194
82.2359
81.3743
79.9261
79.9261
79.9261
79.1954
79.1954
79.1954
79.1954
79.1954
78.7339
78.7339
72.5455
72.5455
71.9796
71.9796
71.9796
71.8524
71.5722
70.6207
70.6207
70.6207
70.6207
70.6207
70.6207
70.6207
70.3219
70.3219
70.0056
70.0056
70.0056
70.0056
69.5519
69.4193
68.9264
68.9264
67.0244
67.0244
67.0244
66.9782
66.9782
66.9782
65.4272
65.4272
64.8635
64.841
62.8363
62.8363
62.8363
62.8363
62.8363
62.8363
62.3324
61.3242
61.3242
60.0912
60.0796
60.0796
60.0796
60.0796
60.0796
59.246
59.246
59.246
59.246
57.444
56.9501
56.9501
56.9501
56.9501
56.9501
56.9501
56.9501
56.9501
56.2662
55.8505
55.8505
55.8505
55.8505
54.1975
54.1975
54.1975
54.1918
54.1918
54.1918
53.8884
53.2527
52.7578
52.6077
52.3563
52.3563
52.3563
52.2457
52.2457
52.2457
52.2457
51.7326
51.7326
51.6336
51.6336
51.6336
51.6336
51.3855
51.3855
51.3855
51.3855
51.1483
51.1483
51.0526
51.0526
50.5078
50.5078
50.5078
50.5078
50.5078
50.3063
50.3063
50.3063
50.3063
50.1836
50.0416
50.0416
50.0416
50.0134
49.7669
49.5237
48.8324
48.5596
48.3482
48.0819
48.0669
47.2912
47.0298
47.0298
47.0298
47.0298
46.9952
46.6357
46.0723
46.0723
46.0723
45.3514
44.877
44.877
44.877
44.306
44.306
44.306
44.306
44.306
44.306
44.306
44.306
44.2867
44.2867
44.2867
44.2867
44.2867
43.9483
43.8063
43.8063
43.8063
43.8063
43.8063
43.8063
43.8063
43.8063
43.8063
43.8063
43.8063
43.4019
43.4019
43.4019
43.4019
43.4019
43.3859
43.3449
43.1685
42.594
42.594
42.2484
41.3243
41.0431
41.0431
41.0431
41.0431
40.8805
40.7919
40.7919
40.7919
40.6329
40.6329
40.2036
40.144
40.144
40.0984
40.0984
40.0028
40.0028
39.5825
39.5825
39.3513
39.3513
39.3513
39.0423
38.9274
38.9274
38.643
38.623
38.2974
38.2974
38.1052
38.1052
38.0721
38.0004
38.0004
37.6052
37.6052
37.6052
37.6052
37.6052
37.6052
37.6052
37.4945
37.4945
37.1613
37.1613
37.1613
37.1199
36.3064
36.3064
36.3064
36.3064
34.9898
34.9898
34.9898
34.9898
34.9898
34.9898
34.9898
34.9898
34.917
34.917
34.2352
34.2352
34.2352
34.2352
34.2352
34.2352
34.2352
34.2352
34.0342
34.0342
34.0342
33.6028
33.456
33.456
33.0031
33.0031
32.5069
32.5069
32.5069
32.5069
32.5047
32.2459
31.8914
31.5864
31.5864
31.5864
31.2995
30.8072
30.8072
30.6922
30.6922
30.6922
30.6922
30.5947
30.5947
30.3716
30.3716
30.0362
30.0362
30.0362
30.0362
30.0362
30.0362
30.0362
30.0362
29.5581
28.985
28.985
28.985
28.985
28.8488
28.6291
28.6291
28.1749
27.9419
27.9419
27.7911
27.7911
27.7379
27.7379
27.1989
26.9704
26.9704
26.9704
26.7605
26.4473
26.0326
26.0326
25.9389
25.7471
25.0252
25.0252
25.0252
25.0252
24.6211
24.6211
23.8887
23.8887
23.8887
23.8887
23.8887
23.8887
23.8887
23.8887
23.5843
23.5843
23.5843
23.5843
23.5843
23.5843
23.5843
23.3863
23.3863
23.3863
23.182
23.182
22.1315
22.1315
22.1315
22.1315
21.9274
21.9274
21.9274
21.7543
21.7543
21.7543
21.7543
21.6573
21.6573
21.3834
21.1255
20.6836
18.4598
18.4598
18.4542
18.4542
18.4542
18.4542
18.4542
18.4542
18.0988
18.0988
18.0988
18.0988
17.1723
17.1723
17.1723
17.1723
17.1723
17.1723
17.1723
16.9341
16.9194
16.9194
16.9194
16.9194
16.9194
16.9194
16.8624
16.3235
16.3235
16.3235
16.3235
16.3235
16.3235
16.3235
16.3235
16.3235
16.3235
16.3235
16.3235
16.0893
16.0893
16.0854
15.6137
15.4425
15.2948
15.2948
14.6309
14.6309
14.6309
14.6309
14.6309
14.6309
14.6309
14.6309
14.3691
14.3691
14.3691
14.3691
14.3691
14.3691
14.3691
14.3691
14.3116
14.3116
14.3116
14.3116
14.3116
14.0961
13.8953
13.6066
13.5115
13.5115
13.4299
13.3908
13.3224
12.8001
12.5987
12.5987
12.5987
12.5987
12.5987
12.457
12.457
12.457
12.4215
12.4215
12.4215
12.4215
12.4215
12.3602
12.254
12.254
12.254
12.1956
11.914
11.914
11.914
11.7987
11.667
11.4698
11.4698
11.4698
11.4698
11.4698
11.4698
11.4698
11.4698
11.4698
11.4698
11.4698
11.4698
11.4698
11.4698
11.4698
11.3702
11.3702
11.364
11.2456
11.2413
11.1292
10.9473
10.9473
10.9473
10.9473
10.8596
10.7068
10.7068
10.7059
10.5971
10.5404
10.5404
10.4706
10.4706
10.3849
10.3849
10.3849
10.2545
10.2545
10.2545
10.2545
10.2545
10.2545
10.2545
10.1681
10.1336
10.1336
10.0676
10.0362
10.0362
10.0362
9.94923
9.94923
9.82068
9.82068
9.80004
9.80004
9.58803
9.50389
9.50389
9.50389
9.45173
9.45173
9.45173
9.45173
9.45173
9.43008
9.43008
9.43008
9.39766
9.35097
9.20908
9.20908
9.20908
9.20908
9.20908
9.20908
9.20848
9.16572
9.16572
9.16572
9.16572
9.08824
9.03392
9.03392
9.03392
9.03392
8.84709
8.84709
8.84025
8.83789
8.83789
8.79798
8.69929
8.61585
8.57835
8.57835
8.57835
8.52308
8.52308
8.52308
8.52308
8.52308
8.4555
8.44232
8.41565
8.36928
8.36928
8.36928
8.36928
8.36928
8.35245
8.18544
8.18058
8.04702
8.04702
7.98765
7.98765
7.98765
7.98765
7.98765
7.91466
7.91466
7.91466
7.91466
7.91466
7.91466
7.91466
7.91466
7.91466
7.91466
7.87916
7.80628
7.80628
7.7679
7.75952
7.75952
7.75952
7.72986
7.72986
7.72986
7.70846
7.68044
7.6537
7.6537
7.6537
7.60281
7.60281
7.55136
7.50784
7.50784
7.49085
7.46908
7.4602
7.37865
7.37865
7.37331
7.3462
7.28192
7.28192
7.20709
7.20709
7.20709
7.1447
7.1447
7.1447
7.13245
7.13245
7.13245
7.13245
7.13245
7.13048
7.11661
7.11661
7.05755
7.05755
7.05755
7.05755
6.99447
6.99447
6.99447
6.99162
6.99162
6.94903
6.94903
6.94903
6.94903
6.92697
6.88711
6.88233
6.85981
6.85981
6.78996
6.78996
6.78996
6.78996
6.78996
6.78996
6.78996
6.7786
6.68357
6.68357
6.68357
6.68357
6.68214
6.68214
6.68214
6.68214
6.58054
6.58054
6.58054
6.53748
6.53363
6.53363
6.45775
6.45775
6.44988
6.44988
6.38604
6.38604
6.38604
6.37293
6.32519
6.32519
6.32519
6.32519
6.32519
6.32519
6.32112
6.32112
6.04666
6.04666
5.78217
5.75155
5.60423
5.60423
5.59491
5.59491
5.59491
5.59491
5.59491
5.59491
5.59491
5.59491
5.59491
5.58987
5.58987
5.58987
5.56973
5.53832
5.53832
5.53832
5.53832
5.53832
5.53832
5.53832
5.49418
5.49418
5.49418
5.49418
5.49418
5.49418
5.49418
5.49418
5.49418
5.49418
5.49418
5.43428
5.43428
5.43428
5.43428
5.43428
5.40457
5.39672
5.38779
5.37894
5.37894
5.34887
5.34887
5.34887
5.25973
5.25973
5.25973
5.25493
5.25397
5.25397
5.25397
5.25038
5.23302
5.22824
5.22824
5.22824
5.20871
5.17532
5.17532
5.16361
5.16361
5.15348
5.15348
5.10736
5.10736
5.10736
5.10736
5.10736
5.10736
5.10736
5.10736
5.07636
5.03961
5.03236
5.03236
5.03236
5.02595
5.00913
4.93964
4.93964
4.93692
4.93692
4.89002
4.89002
4.80731
4.80731
4.79237
4.64315
4.64315
4.64315
4.64315
4.64315
4.64315
4.56099
4.54038
4.54038
4.46607
4.44897
4.38096
4.38096
4.29982
4.23178
4.21052
4.20993
4.14244
4.07658
4.07658
4.06415
4.04727
4.04727
3.98232
3.98232
3.81362
3.81362
3.81362
3.81362
3.81362
3.81362
3.81362
3.81362
3.81362
3.6814
3.6814
3.6814
3.6814
3.6814
3.6814
3.6814
3.64634
3.59681
3.46094
3.46094
3.46094
3.46094
3.46094
3.46094
3.45288
3.45288
3.44729
3.44729
3.44729
3.38108
3.38108
3.38108
3.38108
3.38108
3.38108
3.38108
3.37704
3.37704
3.37704
3.37704
3.37704
3.37704
3.37704
3.36659
3.36659
3.36659
3.36659
3.28363
3.28363
3.28363
3.28363
3.26966
3.25197
3.23734
3.23734
3.20636
3.20636
3.13621
3.13621
3.11008
3.11008
3.06246
3.06246
3.06246
3.06246
3.06246
3.06246
3.06246
3.06246
3.04812
3.03904
3.03904
3.03904
3.03904
3.03904
3.03904
2.99667
2.99667
2.99537
2.99537
2.98613
2.96737
2.96737
2.94502
2.94502
2.94502
2.94189
2.94189
2.90501
2.90501
2.90501
2.90501
2.90501
2.89175
2.89175
2.89175
2.89175
2.88808
2.8854
2.8854
2.8854
2.8854
2.8854
2.8854
2.8854
2.86293
2.86293
2.86293
2.86293
2.86293
2.86293
2.86293
2.85116
2.85116
2.85114
2.84698
2.84698
2.84698
2.80544
2.80544
2.80544
2.80308
2.80308
2.76962
2.76962
2.75882
2.71437
2.71437
2.6971
2.6971
2.6971
2.6971
2.6971
2.6971
2.6971
2.6971
2.69253
2.67763
2.67763
2.67763
2.63649
2.63649
2.63649
2.63649
2.63649
2.63649
2.62927
2.62927
2.62927
2.62927
2.62927
2.62927
2.62868
2.62868
2.62193
2.60085
2.60085
2.60085
2.60085
2.59839
2.59839
2.59839
2.58934
2.54694
2.54694
2.51204
2.48008
2.48008
2.41752
2.40907
2.3735
2.36182
2.36182
2.36182
2.36182
2.35139
2.34541
2.34541
2.34541
2.34541
2.34541
2.33751
2.24932
2.24932
2.24932
2.24932
2.18149
2.1814
2.1814
2.09676
2.09676
2.07929
2.07929
2.07929
2.02783
2.02783
2.02783
2.02783
2.02783
2.02431
2.02431
2.02431
2.02431
2.02431
2.00816
1.96536
1.96536
1.96536
1.96536
1.96536
1.94542
1.94542
1.94542
1.93345
1.93345
1.91964
1.91042
1.89834
1.89834
1.89834
1.89342
1.89342
1.89342
1.89329
1.89329
1.89329
1.89329
1.87134
1.87134
1.87134
1.87134
1.87134
1.87134
1.87134
1.87134
1.87134
1.87134
1.87134
1.87134
1.87134
1.87134
1.87134
1.87134
1.86492
1.86492
1.86492
1.85584
1.85584
1.83385
1.83385
1.83385
1.83385
1.83385
1.83385
1.83385
1.83385
1.83385
1.83385
1.83385
1.83385
1.82621
1.82621
1.82621
1.8177
1.8177
1.81297
1.79622
1.79622
1.77575
1.77575
1.77575
1.7617
1.7617
1.7617
1.7617
1.75503
1.75503
1.75503
1.75034
1.75034
1.74251
1.74197
1.72041
1.69723
1.69723
1.69723
1.69723
1.69723
1.69723
1.69723
1.69723
1.69723
1.69723
1.69723
1.69723
1.69723
1.69723
1.69723
1.69723
1.69723
1.69723
1.69723
1.69586
1.69586
1.68667
1.68667
1.67241
1.66764
1.66764
1.66764
1.66764
1.66427
1.66427
1.66427
1.66427
1.66427
1.66427
1.66427
1.66427
1.66427
1.66075
1.66075
1.65364
1.65364
1.65364
1.65364
1.65364
1.65364
1.65364
1.65106
1.65106
1.65106
1.65106
1.65106
1.65106
1.65106
1.65106
1.65106
1.65106
1.65106
1.65106
1.65106
1.64397
1.64035
1.62929
1.62929
1.62929
1.62895
1.62895
1.62895
1.62895
1.62895
1.62895
1.62722
1.62722
1.62722
1.61962
1.61962
1.61962
1.61962
1.61962
1.61929
1.61929
1.61536
1.61387
1.6109
1.59789
1.59268
1.58398
1.58295
1.57328
1.56465
1.55984
1.55984
1.55468
1.54315
1.54315
1.54315
1.52996
1.52961
1.52851
1.52851
1.52851
1.52851
1.52851
1.51598
1.51598
1.51598
1.50655
1.50655
1.50178
1.50178
1.50178
1.50178
1.50178
1.49405
1.49405
1.49405
1.49405
1.4916
1.4916
1.4916
1.4915
1.48835
1.48835
1.48835
1.48126
1.48126
1.47579
1.47579
1.47569
1.47569
1.47055
1.47055
1.47017
1.47017
1.47017
1.4661
1.4661
1.45791
1.45791
1.45791
1.45791
1.45791
1.45627
1.45627
1.44889
1.44889
1.44889
1.44889
1.44889
1.44889
1.44889
1.44889
1.44558
1.44558
1.44463
1.44463
1.44062
1.44062
1.43799
1.43567
1.41319
1.41319
1.41319
1.41205
1.41205
1.40864
1.40864
1.40864
1.39794
1.39543
1.39001
1.39001
1.3776
1.37597
1.37597
1.36501
1.3625
1.34059
1.33293
1.33293
1.32766
1.32567
1.29332
1.29332
1.29332
1.26638
1.26638
1.26638
1.26638
1.26638
1.24702
1.24702
1.23608
1.22494
1.22494
1.22494
1.22494
1.22494
1.22494
1.19901
1.19901
1.19576
1.18551
1.16907
1.16907
1.16907
1.16907
1.16907
1.16907
1.16907
1.15779
1.15098
1.15098
1.14859
1.14859
1.14859
1.13581
1.12794
1.12794
1.12794
1.12619
1.10542
1.10542
1.10542
1.10542
1.10542
1.10542
1.10542
1.10542
1.10542
1.10542
1.10542
1.10542
1.10542
1.10542
1.10542
1.10097
1.10097
1.10097
1.10097
1.10097
1.08981
1.08981
1.07792
1.07792
1.07792
1.07129
1.07129
1.07129
1.07129
1.07129
1.06715
1.06498
1.06498
1.06441
1.05675
1.05675
1.05675
1.05675
1.05675
1.05675
1.05675
1.05455
1.05401
1.04545
1.04545
1.04187
1.04187
1.04187
1.04187
1.04187
1.04187
1.04187
1.04176
1.04176
1.04122
1.03699
1.03699
1.03699
1.03499
1.03499
1.03398
1.03398
1.03398
1.02869
1.0247
1.0247
1.0247
1.0247
1.0247
1.01917
1.01882
1.01442
1.01442
1.01442
1.01442
1.01442
1.01056
1.00428
0.989669
0.989669
0.986035
0.986035
0.972327
0.967757
0.967757
0.957675
0.957675
0.957675
0.95572
0.946262
0.938948
0.935995
0.935171
0.930196
0.930196
0.930196
0.930196
0.925509
0.925509
0.917937
0.910833
0.903355
0.903355
0.887345
0.887345
0.881241
0.861193
0.861193
0.861193
0.861193
0.850409
0.815966
0.815966
0.815966
0.815966
0.815966
0.815966
0.815966
0.795933
0.770683
0.764489
0.764489
0.764489
0.764489
0.764489
0.761434
0.761434
0.761434
0.761434
0.761434
0.759685
0.748579
0.748579
0.748579
0.747341
0.747341
0.744019
0.744019
0.735873
0.733171
0.724418
0.724418
0.724418
0.724418
0.716334
0.716334
0.716334
0.711228
0.711228
0.708895
0.708361
0.702906
0.702906
0.702906
0.69965
0.69965
0.69965
0.688023
0.688023
0.688023
0.688023
0.688023
0.687224
0.682455
0.681964
0.681964
0.674931
0.674931
0.674809
0.674809
0.674809
0.674809
0.674809
0.673843
0.655557
0.655557
0.655557
0.655557
0.655557
0.650762
0.650762
0.650762
0.650762
0.650115
0.644697
0.644697
0.644697
0.644697
0.644697
0.6445
0.643756
0.639893
0.639893
0.639893
0.639687
0.633698
0.633038
0.628073
0.628073
0.625184
0.625184
0.625184
0.622531
0.611702
0.611633
0.608306
0.606008
0.606008
0.598483
0.596219
0.579603
0.570599
0.570599
0.563799
0.563799
0.555885
0.548804
0.548804
0.548804
0.548804
0.547348
0.528028
0.528028
0.528028
0.518577
0.518577
0.514373
0.512342
0.512342
0.509724
0.493878
0.49023
0.49023
0.479045
0.479045
0.479045
0.479045
0.479045
0.476229
0.466675
0.461536
0.452326
0.452326
0.45112
0.445188
0.443535
0.443535
0.443535
0.443358
0.419859
0.419859
0.419859
0.418197
0.418197
0.41457
0.41457
0.41457
0.41457
0.41457
0.407985
0.407985
0.407985
0.407985
0.407985
0.407985
0.407985
0.407985
0.407985
0.407985
0.407985
0.407985
0.407985
0.407985
0.407985
0.404393
0.404393
0.404393
0.404393
0.404393
0.404146
0.404146
0.404146
0.404146
0.404146
0.404146
0.39984
0.39984
0.39984
0.39984
0.39984
0.399753
0.399753
0.399753
0.399753
0.39497
0.39497
0.39497
0.39497
0.392309
0.392309
0.392309
0.392309
0.392309
0.389889
0.389889
0.389889
0.389889
0.389889
0.386686
0.386686
0.384033
0.378636
0.378636
0.377313
0.377313
0.377313
0.376515
0.3707
0.3707
0.369688
0.369405
0.369405
0.369405
0.369405
0.368921
0.367818
0.366795
0.366795
0.366795
0.366795
0.364122
0.364122
0.363413
0.363387
0.361702
0.361476
0.361476
0.360363
0.358569
0.358569
0.358569
0.358569
0.357572
0.35586
0.35586
0.35586
0.35586
0.355796
0.354993
0.354993
0.354993
0.347862
0.347862
0.347862
0.347862
0.347862
0.347862
0.347862
0.346006
0.346006
0.346006
0.345397
0.345397
0.345397
0.341357
0.341357
0.341357
0.340611
0.340611
0.340611
0.340611
0.340611
0.335739
0.335702
0.335702
0.335702
0.332848
0.317642
0.3125
0.311681
0.306416
0.29972
0.297393
0.294257
0.294257
0.294257
0.294257
0.292825
0.292825
0.292825
0.288792
0.28381
0.28381
0.28381
0.283634
0.283634
0.27766
0.269732
0.269732
0.269732
0.269732
0.269732
0.269732
0.269732
0.263445
0.263445
0.263445
0.259942
0.259942
0.257962
0.254918
0.250081
0.250081
0.247829
0.246452
0.243217
0.243217
0.243217
0.237456
0.237456
0.237456
0.237456
0.234142
0.234142
0.23
0.23
0.23
0.23
0.23
0.23
0.23
0.23
0.23
0.229678
0.226442
0.224876
0.224876
0.224876
0.224807
0.221504
0.221504
0.221504
0.217668
0.217603
0.216858
0.216858
0.216858
0.216858
0.216858
0.216858
0.216858
0.216858
0.216858
0.216655
0.216655
0.214911
0.214911
0.214815
0.211417
0.211417
0.211417
0.211417
0.211417
0.211417
0.211417
0.206945
0.206945
0.206945
0.206945
0.206945
0.206945
0.201443
0.201443
0.200868
0.199374
0.199374
0.199374
0.199374
0.199374
0.199374
0.199374
0.199374
0.199374
0.199374
0.199374
0.199374
0.199374
0.195471
0.195471
0.195471
0.195471
0.195471
0.195471
0.195471
0.195471
0.195471
0.195471
0.195454
0.195454
0.195454
0.195454
0.195454
0.195454
0.193759
0.193759
0.191997
0.191997
0.191997
0.191569
0.191569
0.191569
0.191569
0.191569
0.18843
0.18843
0.18843
0.18843
0.18843
0.18843
0.188155
0.183865
0.183865
0.183865
0.183865
0.183865
0.183865
0.183865
0.182872
0.182726
0.182726
0.181341
0.181341
0.181341
0.181341
0.181341
0.181341
0.180793
0.180793
0.180457
0.180457
0.180457
0.179501
0.179501
0.178701
0.178701
0.1782
0.176231
0.176231
0.176231
0.176231
0.176231
0.176231
0.175608
0.171449
0.171449
0.171449
0.170703
0.170703
0.170703
0.170703
0.170703
0.169795
0.169631
0.169631
0.167791
0.167791
0.167791
0.167791
0.167791
0.167422
0.167422
0.167422
0.167422
0.167422
0.167422
0.166921
0.166581
0.166581
0.165349
0.165349
0.165349
0.165349
0.165349
0.165349
0.165349
0.165349
0.165349
0.165349
0.1648
0.164794
0.163998
0.163955
0.16069
0.16069
0.160612
0.160612
0.160612
0.158086
0.158086
0.158086
0.158086
0.158053
0.157884
0.157884
0.157597
0.157597
0.157597
0.156561
0.156561
0.156561
0.156561
0.156561
0.156561
0.156031
0.1552
0.1552
0.154253
0.153378
0.153378
0.153378
0.153378
0.153378
0.153161
0.153161
0.153161
0.152343
0.152343
0.151142
0.151142
0.151142
0.151142
0.151142
0.149886
0.149886
0.149886
0.149886
0.149886
0.149886
0.149614
0.148264
0.146808
0.146233
0.145337
0.143277
0.143277
0.143235
0.143007
0.143007
0.142102
0.141708
0.141708
0.141708
0.14028
0.14028
0.14028
0.14028
0.14028
0.14028
0.140207
0.138903
0.138189
0.13703
0.13703
0.13703
0.135391
0.135391
0.135391
0.135391
0.135391
0.135391
0.135391
0.134755
0.134755
0.133995
0.133733
0.131727
0.131727
0.131727
0.131727
0.131727
0.131727
0.131727
0.131727
0.1312
0.1312
0.1312
0.1312
0.1312
0.1309
0.126087
0.126087
0.126087
0.12535
0.125273
0.125273
0.125273
0.124403
0.124265
0.124265
0.124265
0.124265
0.123714
0.123714
0.123714
0.123714
0.123714
0.123714
0.123714
0.123199
0.123199
0.123199
0.123199
0.123199
0.123199
0.122396
0.122396
0.122396
0.122396
0.122361
0.12204
0.121624
0.120691
0.120691
0.120621
0.120308
0.120308
0.120308
0.120308
0.120308
0.120264
0.119844
0.119629
0.119629
0.119629
0.119629
0.119629
0.118951
0.118951
0.118337
0.118117
0.118018
0.118018
0.118018
0.117557
0.117101
0.114922
0.114195
0.113864
0.113864
0.113864
0.113864
0.113739
0.113739
0.113336
0.113336
0.113336
0.113336
0.113336
0.112145
0.111252
0.111252
0.111252
0.111252
0.110431
0.110431
0.108565
0.10725
0.105266
0.105266
0.105266
0.104987
0.104987
0.104987
0.104987
0.104987
0.104987
0.104987
0.104987
0.104334
0.104334
0.10426
0.10426
0.103087
0.103087
0.103006
0.103006
0.103006
0.103006
0.103006
0.103006
0.103006
0.101899
0.100915
0.100915
0.100379
0.100379
0.100379
0.100379
0.100379
0.100379
0.100379
0.100379
0.10019
0.0997115
0.0997115
0.0997115
0.0993103
0.0993103
0.0993103
0.0993103
0.0993103
0.0983138
0.0983138
0.0983138
0.0975012
0.0975012
0.0975012
0.0974228
0.0973492
0.0973492
0.0973492
0.0973492
0.0973492
0.0972244
0.0969688
0.0945361
0.0945211
0.0945211
0.0945211
0.0945211
0.0927872
0.0927872
0.0927872
0.0927872
0.092307
0.092307
0.092307
0.0913851
0.0913851
0.0913851
0.0913851
0.0913851
0.0913851
0.0913851
0.0913851
0.0913491
0.0913491
0.0910087
0.0910087
0.0910087
0.0909477
0.0909477
0.0909477
0.0909477
0.0907426
0.0907426
0.0906693
0.0906693
0.0906693
0.0905291
0.0905291
0.0897157
0.0897157
0.0897157
0.0895169
0.0895169
0.0895169
0.0895107
0.0886346
0.0886346
0.0886346
0.0883117
0.0883117
0.0882218
0.0882218
0.0876624
0.0875317
0.0875317
0.0875317
0.0875317
0.0875317
0.0875317
0.0875317
0.0875317
0.0872753
0.0872753
0.0872753
0.0872075
0.0867824
0.0867824
0.0867824
0.0867824
0.0865556
0.0865144
0.0865144
0.0858437
0.0858437
0.0858437
0.0858437
0.0854309
0.0853099
0.0853041
0.0846797
0.0846797
0.0846797
0.0846797
0.0846797
0.0845252
0.0845252
0.0845252
0.0842956
0.083842
0.083842
0.0838257
0.0836767
0.0836767
0.0832057
0.0826635
0.0826635
0.0826635
0.0826635
0.082152
0.082152
0.082152
0.082152
0.082152
0.081897
0.0818818
0.0813437
0.0813437
0.0807386
0.0807386
0.0807386
0.0807386
0.0807386
0.0807386
0.0805486
0.0804539
0.0799106
0.0799106
0.078772
0.078772
0.078772
0.078772
0.078772
0.078772
0.078772
0.0782499
0.0782499
0.0778944
0.0778879
0.0768838
0.0768838
0.0764853
0.0764853
0.0751577
0.0751577
0.0751577
0.0746227
0.0735688
0.0735688
0.0732065
0.0732065
0.0711316
0.0700235
0.0692318
0.0692318
0.0658635
0.0641624
0.0641624
0.0627341
0.0627341
0.0627341
0.0627341
0.0627341
0.0627341
0.0627341
0.0627341
0.0627341
0.0627341
0.0627341
0.0627341
0.06228
0.062224
0.062224
0.062224
0.062224
0.062224
0.062224
0.062224
0.0613691
0.0608143
0.0608143
0.0608143
0.0607776
0.0607776
0.0607776
0.0593332
0.0593332
0.0593332
0.0591166
0.0590012
0.0585998
0.0573566
0.0573566
0.0573566
0.0555986
0.0555986
0.0555986
0.0555986
0.0555986
0.0549746
0.0549746
0.052624
0.0517616
0.0504875
0.0504875
0.0498419
0.0495167
0.0488858
0.0484092
0.0484092
0.047622
0.047622
0.0470234
0.0470234
0.0460081
0.0443642
0.0443642
0.0436866
0.042586
0.042586
0.042586
0.042586
0.042586
0.0424215
0.041818
0.041818
0.041818
0.0407843
0.0407843
0.0403447
0.0392367
0.0383839
0.0383839
0.0383839
0.0383839
0.0370897
0.0370897
0.0370897
0.0370897
0.0370897
0.0368502
0.0368502
0.0368502
0.0368502
0.0368502
0.0368502
0.0368502
0.0368502
0.0368502
0.0368502
0.0367103
0.0367103
0.0367103
0.0366659
0.0366659
0.0366659
0.0366659
0.0349395
0.0349395
0.0349395
0.0349395
0.0349395
0.0349395
0.0349395
0.0349395
0.0348362
0.0348362
0.0348362
0.0348362
0.0348362
0.0348362
0.0348362
0.0345827
0.0345827
0.0336706
0.0327189
0.0321361
0.0320778
0.0320778
0.0314734
0.0314734
0.0310903
0.0306575
0.0298106
0.0298106
0.0298106
0.0296716
0.0293072
0.0293072
0.0293072
0.0293072
0.0289861
0.0289861
0.0289861
0.0288565
0.0288565
0.0288565
0.0285438
0.0285438
0.0285438
0.0285438
0.0285438
0.0285438
0.0285438
0.028531
0.028531
0.028531
0.028531
0.0281948
0.0281948
0.0281948
0.0279598
0.0279598
0.0279598
0.0279598
0.0279598
0.0279598
0.0279598
0.0279276
0.0277302
0.0277302
0.0277302
0.0277302
0.0275765
0.0275765
0.0275765
0.0275765
0.0275765
0.0275171
0.0275171
0.0275171
0.0274929
0.0274929
0.0274929
0.0274929
0.0274929
0.0274929
0.0273921
0.0273921
0.0273616
0.0273616
0.0271687
0.0271687
0.0271687
0.0271687
0.0271305
0.0268729
0.0263526
0.0263526
0.0263526
0.0263526
0.0263526
0.0263526
0.0263526
0.0263526
0.0263526
0.0263526
0.0263526
0.0261571
0.0261571
0.0261571
0.0261571
0.0261571
0.0261571
0.0261571
0.0261571
0.0257712
0.0256765
0.0256765
0.0256203
0.0255083
0.0255083
0.0253906
0.0253906
0.0253906
0.0253404
0.0253404
0.0252958
0.0250665
0.0250665
0.0250322
0.024798
0.024798
0.024798
0.0246089
0.0244046
0.0243238
0.0243238
0.0243238
0.0242943
0.024237
0.024237
0.024237
0.0238092
0.0237716
0.0237716
0.0236083
0.0234617
0.0234617
0.0234579
0.0230675
0.0229546
0.022162
0.022162
0.0218149
0.0210565
0.0200283
0.0200283
0.0200283
0.0200283
0.0200283
0.0194885
0.0194885
0.0193818
0.0185883
0.0185883
0.0184933
0.0184933
0.0175965
0.0175965
0.016946
0.016133
0.016133
0.0158465
0.0158465
0.0156291
0.0156291
0.0156291
0.0156291
0.0154413
0.0154413
0.0154413
0.0154413
0.0154413
0.0152444
0.0152444
0.0150199
0.0150199
0.0150199
0.0150121
0.0150121
0.0150121
0.0148181
0.0148181
0.0148181
0.0148177
0.014801
0.0146296
0.0142326
0.0142326
0.0142326
0.0142326
0.0142326
0.0142326
0.0142326
0.0142326
0.0142326
0.0142326
0.0142326
0.0142326
0.0142326
0.0142326
0.0142326
0.0142326
0.0142326
0.0142326
0.0142326
0.0142192
0.0142192
0.0141422
0.0141422
0.0141422
0.013996
0.013996
0.013996
0.013996
0.013996
0.013996
0.013996
0.013996
0.013996
0.0139804
0.0139804
0.0139804
0.0139804
0.0138111
0.0137618
0.0137618
0.0137618
0.0137618
0.0137618
0.0136846
0.0136846
0.0136846
0.0136846
0.0136136
0.0136136
0.0136136
0.0136136
0.0136136
0.0136136
0.0136136
0.0136136
0.0136
0.0136
0.0136
0.0136
0.0136
0.0135334
0.0135314
0.0134838
0.0134838
0.0134838
0.0134838
0.0134838
0.0133543
0.0132924
0.0132889
0.0132889
0.013106
0.0129809
0.012933
0.012933
0.012933
0.0129271
0.0129271
0.0128967
0.0128967
0.0128967
0.0127508
0.0127508
0.012703
0.012699
0.0122088
0.0122088
0.0122088
0.0122088
0.0122088
0.0122088
0.0122088
0.0122088
0.0122088
0.0122088
0.0122088
0.0122088
0.0122088
0.0121108
0.0119352
0.0119352
0.0119352
0.0119352
0.0117548
0.0117548
0.0117468
0.0117468
0.0117468
0.0116623
0.0116208
0.0116208
0.0116208
0.0114168
0.0113417
0.0112894
0.0112894
0.011039
0.011039
0.011039
0.011039
0.011039
0.0109636
0.0109636
0.0109502
0.0109502
0.0108288
0.0108288
0.0106737
0.0103411
0.0100091
0.0100091
0.0100091
0.0100091
0.0100091
0.0100091
0.0100091
0.0100091
0.0100091
0.0100091
0.0100091
0.0100091
0.0100091
0.00980681
0.00980681
0.00980681
0.00980681
0.00980681
0.00980681
0.00980681
0.00980681
0.00973625
0.00973625
0.00973625
0.00973625
0.00950174
0.00950174
0.00950174
0.00950174
0.00950174
0.00950174
0.00949761
0.00949761
0.00949761
0.00949761
0.00931877
0.00880165
0.00880165
0.00880165
0.00880165
0.00847638
0.00847638
0.00847638
0.00847638
0.00847638
0.00847638
0.00847638
0.00847638
0.008455
0.008455
0.00835138
0.00798534
0.00798534
0.00789634
0.00779732
0.00779732
0.00779732
0.00778715
0.00778715
0.00759542
0.00759542
0.00756678
0.00756678
0.00754261
0.00754261
0.00754261
0.00754261
0.00754261
0.00754261
0.00754261
0.00754261
0.00739589
0.00739589
0.00739589
0.00739589
0.00739589
0.00737379
0.00737379
0.00737379
0.00732053
0.00732053
0.00724029
0.00717434
0.00717434
0.00708052
0.00708052
0.00702982
0.00702982
0.00700985
0.00692124
0.00692124
0.00687563
0.00687563
0.00687563
0.00677511
0.00671543
0.00664013
0.00664013
0.00664013
0.00664013
0.00664013
0.00656727
0.0065455
0.00651055
0.00651055
0.00648504
0.00648504
0.00641765
0.00632492
0.00632492
0.00632492
0.00632492
0.00631733
0.00631733
0.00624592
0.00624592
0.00620715
0.00620715
0.00616909
0.00616909
0.00616909
0.00616909
0.00616909
0.00616909
0.00616909
0.00616909
0.00616364
0.00612882
0.00612882
0.00612882
0.00611559
0.00608454
0.00608454
0.00608454
0.00589417
0.00589417
0.00589417
0.00589417
0.00589417
0.00589417
0.00589417
0.00589417
0.00589417
0.00589417
0.00589417
0.00589417
0.00589417
0.0058934
0.00583237
0.00583237
0.00574506
0.00574506
0.00574506
0.00574506
0.00574506
0.00574506
0.00574506
0.00574506
0.00574506
0.00574506
0.00574506
0.00574506
0.00574506
0.00569119
0.00561614
0.00561614
0.00561614
0.0056053
0.0056053
0.0055682
0.0055682
0.0055682
0.00551352
0.00551352
0.00548239
0.00548239
0.00546566
0.00546566
0.00546566
0.00546566
0.00546566
0.00546566
0.0054389
0.00540896
0.00540896
0.00534354
0.00534354
0.00534354
0.00534354
0.00534354
0.00526303
0.00526303
0.00526303
0.00526303
0.00526303
0.00526303
0.00526303
0.00526303
0.00524298
0.00512199
0.00512199
0.00512199
0.00512199
0.00512199
0.00512199
0.00512199
0.00512199
0.00512199
0.00512199
0.00500735
0.00500735
0.00500215
0.00500215
0.00492811
0.00492811
0.00492811
0.00492811
0.00490098
0.00473923
0.00470755
0.00446326
0.00446326
0.00446326
0.00436605
0.00436605
0.00436605
0.00436605
0.00426417
0.00424315
0.00407672
0.00407672
0.00407672
0.00407672
0.00406187
0.00385286
0.00385286
0.00385286
0.00385286
0.0038024
0.0038024
0.00373557
0.00373557
0.00372157
0.00372157
0.00372157
0.00358212
0.00358212
0.00358212
0.00346613
0.00346613
0.00346426
0.00346426
0.00346426
0.00346426
0.00346426
0.00346426
0.00346426
0.00346426
0.00334874
0.00334874
0.00334874
0.0032772
0.0032772
0.0032772
0.0032772
0.00320618
0.00320618
0.00320618
0.00320618
0.00320618
0.00320618
0.00320618
0.00320618
0.00320618
0.00320618
0.00320618
0.00320618
0.00317742
0.00312985
0.00312985
0.00312985
0.00310589
0.00310589
0.00306826
0.00303609
0.00303609
0.00300309
0.00297462
0.00286268
0.00286268
0.00286268
0.00286268
0.00286268
0.00286268
0.00286268
0.00285521
0.00285275
0.00279708
0.00279708
0.00279708
0.00279708
0.00279708
0.00279708
0.00270076
0.00270076
0.00270076
0.00270076
0.00270076
0.00270076
0.00270076
0.00270076
0.00270076
0.00270076
0.00270076
0.00270076
0.00270076
0.00270076
0.00270076
0.00270076
0.00270076
0.00270076
0.00270076
0.00270076
0.00270076
0.00270076
0.00270076
0.00270076
0.00267034
0.00267034
0.00267034
0.00267034
0.00267034
0.00266416
0.00266416
0.00266416
0.00262445
0.00262445
0.00262445
0.00262445
0.00262445
0.00261966
0.00261966
0.00261966
0.00261135
0.00261135
0.00261135
0.00261135
0.00260283
0.00260283
0.00260283
0.00259617
0.00259617
0.00259617
0.00259617
0.00258422
0.00258285
0.00258285
0.00258285
0.00258285
0.00258285
0.00258285
0.00257623
0.00256361
0.00256283
0.00256283
0.00256283
0.00256278
0.00253377
0.00253377
0.0024991
0.0024991
0.00249576
0.00248712
0.00247992
0.00247992
0.00246662
0.00246521
0.00246078
0.0024506
0.0024506
0.00243511
0.00243511
0.00239565
0.00239565
0.00239565
0.00239565
0.00239565
0.00238271
0.00238146
0.00235721
0.00235721
0.00230627
0.00230627
0.00230627
0.00230627
0.00230627
0.00230627
0.00230289
0.00230289
0.00229725
0.00229725
0.00229725
0.00226117
0.00226117
0.00226117
0.00226117
0.00224624
0.00224624
0.00216708
0.00216708
0.00216708
0.00216708
0.00216708
0.00216708
0.00216708
0.00216708
0.00216708
0.00214612
0.00214612
0.00214612
0.00214194
0.00212498
0.00212498
0.00212498
0.00207952
0.00207952
0.00207952
0.00207952
0.00207952
0.00207952
0.00207952
0.00207952
0.00207952
0.00207952
0.00207952
0.00207952
0.00207952
0.0020725
0.0020725
0.0020528
0.0020528
0.0020528
0.0020528
0.0020528
0.0020528
0.00205034
0.00203465
0.00201908
0.00201908
0.00201719
0.00201719
0.00201719
0.00201719
0.00201301
0.00201301
0.00201301
