215.724
9883.67
9801.07
9696.07
9589.88
9522.19
9430.16
9286.02
9203.74
9144.46
9091.12
9018.41
8957.71
8918.4
8889.91
8830.62
8797.79
8781.08
8742.49
8715.47
8669.31
8609.97
8532.16
8469.29
8447.67
8379.22
8340.69
8310.14
8256.78
8206.64
8194.81
8161.1
8133.2
8118.55
8089.31
8052.27
7992.19
7981.83
7952.61
7922.06
7869.29
7823.7
7806.35
7777.49
7755.57
7735.32
7720.5
7690.06
7656.22
7629.97
7609.48
7575.56
7552.36
7497.94
7475.51
7458.02
7424.95
7411.13
7368.1
7331.53
7313.66
7308.11
7289.93
7253.48
7236.95
7207.77
7201.2
7162.4
7126.93
7099.31
7075.46
7041.8
7017.8
6984.56
6962.82
6897.78
6842.85
6806.84
6756.75
6723.89
6679.44
6662.26
6652.8
6614.71
6582.17
6545.22
6536.94
6524.68
6506.18
6452.76
6438.07
6417.12
6368.47
6327.41
6298.14
6282.69
6254.7
6206.88
6169.14
6130.77
6100.7
6086.91
6060.25
6043.74
5993.05
5960.05
5945.92
5910.88
5881.42
5861.48
5834.1
5798.31
5780.51
5760.75
5743.29
5718.72
5695.36
5667.98
5630.99
5604.13
5582.96
5556.28
5523.34
5503.15
5479.97
5434.28
5422.43
5376.18
5346.22
5334.59
5282.09
5261.9
5222.17
5168.73
5116.28
5044.68
5037.18
5013.34
4989.9
4967.73
4939.3
4909.16
4868.82
4837.16
4792.16
4754.34
4728.67
4703.59
4683.92
4653.07
4629.27
4593.47
4566.54
4543.21
4507.16
4473.99
4438.47
4424.79
4418.53
4396.87
4378.27
4346.24
4323.91
4309.12
4297.98
4278.22
4228.65
4210.12
4186.56
4160.78
4133.29
4102.42
4060.91
4028.13
3998.7
3976.07
3944.42
3914.16
3898.17
3870.09
3858.11
3834.37
3813.32
3782.07
3751.49
3744.45
3737.01
3716.55
3702.16
3677.55
3647.58
3606.46
3587.47
3572.25
3544.76
3515.35
3505.41
3492.29
3484.72
3458.99
3431.61
3416.25
3391.77
3375.36
3344.57
3300.85
3275.41
3250.25
3240.27
3219.58
3205.88
3179.07
3158.98
3132.94
3109.5
3086.39
3066.38
3042.5
3026.16
3009.43
2985.89
2978.23
2951.41
2939.23
2915.04
2894.9
2872.74
2856.58
2836.67
2816.98
2793.71
2782.13
2756.74
2745.94
2718.52
2710.62
2685.36
2669.42
2662.41
2620.74
2599.29
2595.8
2582.98
2569.16
2552.13
2539.93
2530.43
2513.29
2492.69
2478.91
2471.07
2460.69
2439.25
2430.37
2400.97
2394.06
2373.91
2356.04
2342.95
2330.78
2304.81
2282.34
2265.41
2252.66
2241.19
2221.82
2205.35
2186.14
2175.4
2154.89
2129.09
2106.77
2100.55
2092.91
2088.1
2077.39
2060.57
2047.1
2038.67
2017.67
2005.17
1997.32
1975.91
1956.95
1948.91
1937.27
1922.76
1907.32
1889.47
1880.27
1867.02
1845.42
1835.23
1828.22
1808.7
1792.79
1776.75
1764.32
1738.88
1729.55
1707.44
1696.55
1686.49
1667.72
1659.25
1649.96
1645.48
1631.5
1614.77
1599.2
1589.15
1578.3
1563.73
1548.34
1536.64
1525.36
1507.8
1500.85
1491.44
1479.72
1468.06
1459.12
1455.18
1445.56
1436.68
1430.08
1414.97
1399.97
1391.95
1387.45
1383.15
1371.44
1365.29
1344.23
1330.79
1319.53
1310.35
1303.52
1289.42
1282.61
1269.84
1259.9
1246.72
1240.62
1232.07
1227.29
1214.32
1205.94
1199.77
1190.43
1182.61
1166.45
1160.51
1154.62
1140.97
1136.83
1123.48
1106.19
1101.27
1091.61
1081.32
1074.76
1069.05
1058.9
1052.11
1036.93
1026.62
1014.38
1007.7
996.085
988.501
980.593
974.979
968.331
957.862
952.414
942.585
937.823
929.383
919.23
910.455
906.648
902.907
894.51
879.239
866.865
851.702
846.956
832.236
826.327
815.508
810.103
805.278
799.812
796.222
792.94
788.733
780.638
777.409
771.488
768.102
761.195
752.396
747.318
738.835
735.32
734.114
726.183
724.345
722.075
717.378
709.778
699.463
693.061
688.301
677.922
675.572
672.488
664.937
660.114
656.065
651.817
648.837
645.414
644.387
638.946
634.739
629.382
627.808
622.897
618.681
614
608.855
600.26
599.474
594.13
590.702
583.405
576.679
574.521
571.483
569.544
565.366
562.861
557.699
556.156
550.662
545.572
540.652
532.588
525.807
522.963
521.053
513.765
510.237
507.599
502.6
498.915
493.41
492.257
485.203
480.565
477.674
476.124
472.483
467.924
464.721
461.137
459.137
456.32
454.498
449.602
443.983
440.39
436.335
432.037
431.624
427.34
420.508
418.578
414.724
413.291
408.197
407.55
405.166
403.578
401.016
395.647
394.796
393.826
390.368
387.103
385.719
383.549
381.961
379.871
377.964
375.107
373.713
371.841
369.618
365.929
363.245
361.676
359.73
357.859
356.986
355.155
351.698
350.657
349.831
348.185
347.124
346.289
343.372
340.709
339.296
338.34
337.082
336.381
334.756
332.355
331.234
328.983
328.727
327.82
326.597
325.726
324.377
323.813
322.591
321.391
320.694
320.045
319.345
318.426
317.736
316.631
315.152
313.954
312.381
310.192
308.217
307.553
305.056
304.649
303.944
303.601
301.076
299.995
299.829
299.34
297.159
296.571
295.81
295.253
294.663
293.972
293.658
293.155
292.297
291.801
291.481
290.923
290.36
290.06
289.301
289.081
288.749
287.981
287.404
286.644
285.371
284.944
284.243
284.053
283.557
283.098
281.918
281.388
281.291
281.128
280.695
279.942
279.693
279.446
279.051
278.854
278.125
277.844
277.704
277.359
277.15
276.543
276.305
276.105
275.867
275.751
275.309
275.1
275.027
274.533
274.392
274.238
274.014
273.88
273.719
273.485
273.286
273.189
273.052
272.851
272.665
272.506
272.41
271.675
271.516
271.435
271.325
270.948
270.843
270.75
270.582
270.422
270.076
269.987
269.905
269.76
269.707
269.598
269.487
269.258
269.119
269.057
268.947
268.83
268.797
268.711
268.671
268.475
268.438
268.32
268.264
268.198
268.157
268.114
268.044
268.006
267.943
267.908
267.88
267.815
267.705
267.616
267.577
267.55
267.446
267.349
267.278
267.222
267.183
267.078
267.024
266.983
266.952
266.924
266.885
266.858
266.845
266.806
266.748
266.699
266.621
266.588
266.572
266.525
266.488
266.421
266.387
266.376
266.35
266.327
266.303
266.274
266.246
266.222
266.207
266.192
266.166
266.146
266.103
266.082
266.048
266.03
265.992
265.968
265.952
265.923
265.911
265.899
265.873
265.866
265.855
265.839
265.832
265.82
265.811
265.799
265.786
265.743
265.731
265.713
265.704
265.7
265.697
265.69
265.672
265.652
265.642
265.633
265.625
265.616
265.61
265.601
265.594
265.586
265.578
265.567
265.555
265.545
265.538
265.528
265.518
265.513
265.507
265.503
265.5
265.491
265.486
265.483
265.473
265.463
265.46
265.451
265.441
265.436
265.434
265.431
265.425
265.423
265.421
265.419
265.412
265.41
265.403
265.4
265.397
265.394
265.39
265.387
265.386
265.384
265.382
265.38
265.378
265.375
265.374
265.372
265.37
265.369
265.367
265.363
265.362
265.36
265.357
265.356
265.355
265.354
265.353
265.351
265.35
265.348
265.346
265.343
265.343
265.342
265.341
265.34
265.339
265.339
265.338
265.337
265.336
265.335
265.334
265.334
265.332
265.33
265.329
265.328
265.328
265.327
265.326
265.325
265.325
265.324
265.323
265.323
265.322
265.321
265.319
265.318
265.318
265.317
265.317
265.316
265.316
265.315
265.315
265.315
265.314
265.314
265.314
265.313
265.313
265.312
265.312
265.312
265.311
265.311
265.311
265.311
265.31
265.31
265.31
265.31
265.309
265.309
265.309
265.309
265.308
265.308
265.308
265.308
265.308
265.308
265.307
265.307
265.307
265.307
265.307
265.307
265.307
265.306
265.306
265.306
265.306
265.306
265.306
265.306
265.305
265.305
265.305
265.305
265.305
265.305
265.305
265.305
265.304
265.304
265.304
265.304
265.304
265.304
265.304
265.304
265.304
265.304
265.304
265.304
265.304
265.304
265.303
265.303
265.303
265.303
265.303
265.303
265.303
265.303
265.303
265.303
265.303
265.303
265.303
265.303
265.303
265.303
265.303
265.303
265.303
265.303
265.303
265.303
265.303
265.303
265.303
265.303
265.303
265.303
265.303
265.303
265.302
265.302
265.302
265.302
265.302
265.302
265.302
265.302
265.302
265.302
265.302
265.302
265.302
265.302
265.302
265.302
265.302
265.302
265.302
265.302
265.302
265.302
265.302
265.302
265.302
265.302
265.302
265.302
265.302
265.302
265.302
265.302
265.302
265.302
265.302
265.302
265.302
265.302
265.302
265.302
265.302
265.302
265.302
265.302
265.302
265.302
265.302
265.302
265.302
265.302
265.302
265.302
265.302
265.302
265.302
265.302
265.302
265.302
265.302
265.302
265.302
265.302
265.302
265.302
265.302
265.302
265.302
265.302
265.302
265.302
265.302
265.302
265.302
265.302
265.302
265.302
265.302
265.302
265.302
265.302
265.302
265.302
265.302
265.302
265.302
265.302
265.302
265.302
265.302
265.302
265.302
265.302
265.302
265.302
265.302
265.302
265.302
265.302
265.302
265.302
265.302
265.302
265.302
265.302
265.302
265.302
265.302
265.302
265.302
265.302
265.302
265.302
265.302
265.302
265.302
265.302
265.302
265.302
265.302
265.302
265.302
265.302
265.302
265.302
265.302
265.302
265.302
265.302
265.302
265.302
265.302
265.302
265.302
265.302
265.302
265.302
265.302
265.302
265.302
265.302
265.302
265.302
265.302
265.302
265.302
265.302
265.302
265.302
265.302
265.302
265.302
265.302
265.302
265.302
265.302
265.302
265.302
265.302
265.302
265.302
265.302
265.302
265.302
265.302
265.302
265.302
265.302
265.302
265.302
265.302
265.302
265.302
265.302
265.302
265.302
265.302
265.302
265.302
265.302
265.302
265.302
265.302
265.302
265.302
265.302
265.302
265.302
265.302
265.302
265.302
265.302
265.302
265.302
265.302
265.302
265.302
265.302
265.302
265.302
265.302
265.302
265.302
265.302
265.302
265.302
265.302
265.302
265.302
265.302
265.302
265.302
265.302
265.302
265.302
265.302
265.302
265.302
265.302
265.302
265.302
265.302
265.302
265.302
265.302
265.302
265.302
265.302
265.302
265.302
265.302
265.302
265.302
265.302
265.302
265.302
265.302
265.302
265.302
265.302
265.302
265.302
265.302
265.302
265.302
265.302
265.302
265.302
265.302
265.302
265.302
265.302
265.302
265.302
265.302
265.302
265.302
265.302
265.302
265.302
265.302
265.302
265.302
265.302
265.302
265.302
265.302
265.302
265.302
265.302
265.302
265.302
265.302
265.302
265.302
265.302
265.302
265.302
265.302
265.302
265.302
265.302
265.302
265.302
265.302
265.302
265.302
265.302
265.302
265.302
265.302
265.302
265.302
265.302
265.302
265.302
265.302
265.302
265.302
265.302
265.302
265.302
265.302
265.302
265.302
265.302
265.302
265.302
265.302
265.302
265.302
265.302
265.302
265.302
265.302
265.302
265.302
265.302
265.302
265.302
265.302
265.302
265.302
265.302
265.302
265.302
265.302
265.302
265.302
265.302
265.302
265.302
265.302
265.302
265.302
265.302
265.302
265.302
265.302
265.302
265.302
265.302
265.302
265.302
265.302
265.302
265.302
265.302
265.302
265.302
265.302
265.302
265.302
265.302
265.302
265.302
265.302
265.302
265.302
265.302
265.302
265.302
265.302
265.302
265.302
265.302
265.302
265.302
265.302
265.302
265.302
265.302
265.302
265.302
265.302
265.302
265.302
265.302
265.302
265.302
265.302
265.302
265.302
265.302
265.302
265.302
265.302
265.302
265.302
265.302
265.302
265.302
265.302
265.302
265.302
265.302
265.302
265.302
265.302
265.302
265.302
265.302
265.302
265.302
265.302
265.302
265.302
265.302
265.302
265.302
265.302
265.302
265.302
265.302
265.302
265.302
265.302
265.302
265.302
265.302
265.302
265.302
265.302
265.302
265.302
265.302
265.302
265.302
265.302
265.302
265.302
265.302
265.302
265.302
265.302
265.302
265.302
265.302
265.302
265.302
265.302
265.302
265.302
265.302
265.302
265.302
265.302
265.302
265.302
265.302
265.302
265.302
265.302
265.302
265.302
265.302
265.302
265.302
265.302
265.302
265.302
265.302
265.302
265.302
265.302
265.302
265.302
265.302
265.302
265.302
265.302
265.302
265.302
265.302
265.302
265.302
265.302
265.302
265.302
265.302
265.302
265.302
265.302
265.302
265.302
265.302
265.302
265.302
265.302
265.302
265.302
265.302
265.302
265.302
265.302
265.302
265.302
265.302
265.302
265.302
265.302
265.302
265.302
265.302
265.302
265.302
265.302
265.302
265.302
265.302
265.302
265.302
265.302
265.302
265.302
265.302
265.302
265.302
265.302
265.302
265.302
265.302
265.302
265.302
265.302
265.302
265.302
265.302
265.302
265.302
265.302
265.302
265.302
265.302
265.302
265.302
265.302
265.302
265.302
265.302
265.302
265.302
265.302
265.302
265.302
265.302
265.302
265.302
265.302
265.302
265.302
265.302
265.302
265.302
265.302
265.302
265.302
265.302
265.302
265.302
265.302
265.302
265.302
265.302
265.302
265.302
265.302
265.302
265.302
265.302
265.302
265.302
265.302
265.302
265.302
265.302
265.302
265.302
265.302
265.302
265.302
265.302
265.302
265.302
265.302
265.302
265.302
265.302
265.302
265.302
265.302
265.302
265.302
265.302
265.302
265.302
265.302
265.302
265.302
265.302
265.302
265.302
265.302
265.302
265.302
265.302
265.302
265.302
265.302
265.302
265.302
265.302
265.302
265.302
265.302
265.302
265.302
265.302
265.302
265.302
265.302
265.302
265.302
265.302
265.302
265.302
265.302
265.302
265.302
265.302
265.302
265.302
265.302
265.302
265.302
265.302
265.302
265.302
265.302
265.302
265.302
265.302
265.302
265.302
265.302
265.302
265.302
265.302
265.302
265.302
265.302
265.302
265.302
265.302
265.302
265.302
265.302
265.302
265.302
265.302
265.302
265.302
265.302
265.302
265.302
265.302
265.302
265.302
265.302
265.302
265.302
265.302
265.302
265.302
265.302
265.302
265.302
265.302
265.302
265.302
265.302
265.302
265.302
265.302
265.302
265.302
265.302
265.302
265.302
265.302
265.302
265.302
265.302
265.302
265.302
265.302
265.302
265.302
265.302
265.302
265.302
265.302
265.302
265.302
265.302
265.302
265.302
265.302
265.302
265.302
265.302
265.302
265.302
265.302
265.302
265.302
265.302
265.302
265.302
265.302
265.302
265.302
265.302
265.302
265.302
265.302
265.302
265.302
265.302
265.302
265.302
265.302
265.302
265.302
265.302
265.302
265.302
265.302
265.302
265.302
265.302
265.302
265.302
265.302
265.302
265.302
265.302
265.302
265.302
265.302
265.302
265.302
265.302
265.302
265.302
265.302
265.302
265.302
265.302
265.302
265.302
265.302
265.302
265.302
265.302
265.302
265.302
265.302
265.302
265.302
265.302
265.302
265.302
265.302
265.302
265.302
265.302
265.302
265.302
265.302
265.302
265.302
265.302
265.302
265.302
265.302
265.302
265.302
265.302
265.302
265.302
265.302
265.302
265.302
265.302
265.302
265.302
265.302
265.302
265.302
265.302
265.302
265.302
265.302
265.302
265.302
265.302
265.302
265.302
265.302
265.302
265.302
265.302
265.302
265.302
265.302
265.302
265.302
265.302
265.302
265.302
265.302
265.302
265.302
265.302
265.302
265.302
265.302
265.302
265.302
265.302
265.302
265.302
265.302
265.302
265.302
265.302
265.302
265.302
265.302
265.302
265.302
265.302
265.302
265.302
265.302
265.302
265.302
265.302
265.302
265.302
265.302
265.302
265.302
265.302
265.302
265.302
265.302
265.302
265.302
265.302
265.302
265.302
265.302
265.302
265.302
265.302
265.302
265.302
265.302
265.302
265.302
265.302
265.302
265.302
265.302
265.302
265.302
265.302
265.302
265.302
265.302
265.302
265.302
265.302
265.302
265.302
265.302
265.302
265.302
265.302
265.302
265.302
265.302
265.302
265.302
265.302
265.302
265.302
265.302
265.302
265.302
265.302
265.302
265.302
265.302
265.302
265.302
265.302
265.302
265.302
265.302
265.302
265.302
265.302
265.302
265.302
265.302
265.302
265.302
265.302
265.302
265.302
265.302
265.302
265.302
265.302
265.302
265.302
265.302
265.302
265.302
265.302
265.302
265.302
265.302
265.302
265.302
265.302
265.302
265.302
265.302
265.302
265.302
265.302
265.302
265.302
265.302
265.302
265.302
265.302
265.302
265.302
265.302
265.302
265.302
265.302
265.302
265.302
265.302
265.302
265.302
265.302
265.302
265.302
265.302
265.302
265.302
265.302
265.302
265.302
265.302
265.302
265.302
265.302
265.302
265.302
265.302
265.302
265.302
265.302
265.302
265.302
265.302
265.302
265.302
265.302
265.302
265.302
265.302
265.302
265.302
265.302
265.302
265.302
265.302
265.302
265.302
265.302
265.302
265.302
265.302
265.302
265.302
265.302
265.302
265.302
265.302
265.302
265.302
265.302
265.302
265.302
265.302
265.302
265.302
265.302
265.302
265.302
265.302
265.302
265.302
265.302
265.302
265.302
265.302
265.302
265.302
265.302
265.302
265.302
265.302
265.302
265.302
265.302
265.302
265.302
265.302
265.302
265.302
265.302
265.302
265.302
265.302
265.302
265.302
265.302
265.302
265.302
265.302
265.302
265.302
265.302
265.302
265.302
265.302
265.302
265.302
265.302
265.302
265.302
265.302
265.302
265.302
265.302
265.302
265.302
265.302
265.302
265.302
265.302
265.302
265.302
265.302
265.302
265.302
265.302
265.302
265.302
265.302
265.302
265.302
265.302
265.302
265.302
265.302
265.302
265.302
265.302
265.302
265.302
265.302
265.302
265.302
265.302
265.302
265.302
265.302
265.302
265.302
265.302
265.302
265.302
265.302
265.302
265.302
265.302
265.302
265.302
265.302
265.302
265.302
265.302
265.302
265.302
265.302
265.302
265.302
265.302
265.302
265.302
265.302
265.302
265.302
265.302
265.302
265.302
265.302
265.302
265.302
265.302
265.302
265.302
265.302
265.302
265.302
265.302
265.302
265.302
265.302
265.302
265.302
265.302
265.302
265.302
265.302
265.302
265.302
265.302
265.302
265.302
265.302
265.302
265.302
265.302
265.302
265.302
265.302
265.302
265.302
265.302
265.302
265.302
265.302
265.302
265.302
265.302
265.302
265.302
265.302
265.302
265.302
265.302
265.302
265.302
265.302
265.302
265.302
265.302
265.302
265.302
265.302
265.302
265.302
265.302
265.302
265.302
265.302
265.302
265.302
265.302
265.302
265.302
265.302
265.302
265.302
265.302
265.302
265.302
265.302
265.302
265.302
265.302
265.302
265.302
265.302
265.302
265.302
265.302
265.302
265.302
265.302
265.302
265.302
265.302
265.302
265.302
265.302
265.302
265.302
265.302
265.302
265.302
265.302
265.302
265.302
265.302
265.302
265.302
265.302
265.302
265.302
265.302
265.302
265.302
265.302
265.302
265.302
265.302
265.302
265.302
265.302
265.302
265.302
265.302
265.302
265.302
265.302
265.302
265.302
265.302
265.302
265.302
265.302
265.302
265.302
265.302
265.302
265.302
265.302
265.302
265.302
265.302
265.302
265.302
265.302
265.302
265.302
265.302
265.302
265.302
265.302
265.302
265.302
265.302
265.302
265.302
265.302
265.302
265.302
265.302
265.302
265.302
265.302
265.302
265.302
265.302
265.302
265.302
265.302
265.302
265.302
265.302
265.302
265.302
265.302
265.302
265.302
265.302
265.302
265.302
265.302
265.302
265.302
265.302
265.302
265.302
265.302
265.302
265.302
265.302
265.302
265.302
265.302
265.302
265.302
265.302
265.302
265.302
265.302
265.302
265.302
265.302
265.302
265.302
265.302
265.302
265.302
265.302
265.302
265.302
265.302
265.302
265.302
265.302
265.302
265.302
265.302
265.302
265.302
265.302
265.302
265.302
265.302
265.302
265.302
265.302
265.302
265.302
265.302
265.302
265.302
265.302
265.302
265.302
265.302
265.302
265.302
265.302
265.302
265.302
265.302
265.302
265.302
265.302
265.302
265.302
265.302
265.302
265.302
265.302
265.302
265.302
265.302
265.302
265.302
265.302
265.302
265.302
265.302
265.302
265.302
265.302
265.302
265.302
265.302
265.302
265.302
265.302
265.302
265.302
265.302
265.302
265.302
265.302
265.302
265.302
265.302
265.302
265.302
265.302
265.302
265.302
265.302
265.302
265.302
265.302
265.302
265.302
265.302
265.302
265.302
265.302
265.302
265.302
265.302
265.302
265.302
265.302
265.302
265.302
265.302
265.302
265.302
265.302
265.302
265.302
265.302
265.302
265.302
265.302
265.302
265.302
265.302
265.302
265.302
265.302
265.302
265.302
265.302
265.302
265.302
265.302
265.302
265.302
265.302
265.302
265.302
265.302
265.302
265.302
265.302
265.302
265.302
265.302
265.302
265.302
265.302
265.302
265.302
265.302
265.302
265.302
265.302
265.302
265.302
265.302
265.302
265.302
265.302
265.302
265.302
265.302
265.302
265.302
265.302
265.302
265.302
265.302
265.302
265.302
265.302
265.302
265.302
265.302
265.302
265.302
265.302
265.302
265.302
265.302
265.302
265.302
265.302
265.302
265.302
265.302
265.302
265.302
265.302
265.302
265.302
265.302
265.302
265.302
265.302
265.302
265.302
265.302
265.302
265.302
265.302
265.302
265.302
265.302
265.302
265.302
265.302
265.302
265.302
265.302
265.302
265.302
265.302
265.302
265.302
265.302
265.302
265.302
265.302
265.302
265.302
265.302
265.302
265.302
265.302
265.302
265.302
265.302
265.302
265.302
265.302
265.302
265.302
265.302
265.302
265.302
265.302
265.302
265.302
265.302
265.302
265.302
265.302
265.302
265.302
265.302
265.302
265.302
265.302
265.302
265.302
265.302
265.302
265.302
265.302
265.302
265.302
265.302
265.302
265.302
265.302
265.302
265.302
265.302
265.302
265.302
265.302
265.302
265.302
265.302
265.302
265.302
265.302
265.302
265.302
265.302
265.302
265.302
265.302
265.302
265.302
265.302
265.302
265.302
265.302
265.302
265.302
265.302
265.302
265.302
265.302
265.302
265.302
265.302
265.302
265.302
265.302
265.302
265.302
265.302
265.302
265.302
265.302
265.302
265.302
265.302
265.302
265.302
265.302
265.302
265.302
265.302
265.302
265.302
265.302
265.302
265.302
265.302
265.302
265.302
265.302
265.302
265.302
265.302
265.302
265.302
265.302
265.302
265.302
265.302
265.302
265.302
265.302
265.302
265.302
265.302
265.302
265.302
265.302
265.302
265.302
265.302
265.302
265.302
265.302
265.302
265.302
265.302
265.302
265.302
265.302
265.302
265.302
265.302
265.302
265.302
265.302
265.302
265.302
265.302
265.302
265.302
265.302
265.302
265.302
265.302
265.302
265.302
265.302
265.302
265.302
265.302
265.302
265.302
265.302
265.302
265.302
265.302
265.302
265.302
265.302
265.302
265.302
265.302
265.302
265.302
265.302
265.302
265.302
265.302
265.302
265.302
265.302
265.302
265.302
265.302
265.302
265.302
265.302
265.302
265.302
265.302
265.302
265.302
265.302
265.302
265.302
265.302
265.302
265.302
265.302
265.302
265.302
265.302
265.302
265.302
265.302
265.302
265.302
265.302
265.302
265.302
265.302
265.302
265.302
265.302
265.302
265.302
265.302
265.302
265.302
265.302
265.302
265.302
265.302
265.302
265.302
265.302
265.302
265.302
265.302
265.302
265.302
265.302
265.302
265.302
265.302
265.302
265.302
265.302
265.302
265.302
265.302
265.302
265.302
265.302
265.302
265.302
265.302
265.302
265.302
265.302
265.302
265.302
265.302
265.302
265.302
265.302
265.302
265.302
265.302
265.302
265.302
265.302
265.302
265.302
265.302
265.302
265.302
265.302
265.302
265.302
265.302
265.302
265.302
265.302
265.302
265.302
265.302
265.302
265.302
265.302
265.302
265.302
265.302
265.302
265.302
265.302
265.302
265.302
265.302
265.302
265.302
265.302
265.302
265.302
265.302
265.302
265.302
265.302
265.302
265.302
265.302
265.302
265.302
265.302
265.302
265.302
265.302
265.302
265.302
265.302
265.302
265.302
265.302
265.302
265.302
265.302
265.302
265.302
265.302
265.302
265.302
265.302
265.302
265.302
265.302
265.302
265.302
265.302
265.302
265.302
265.302
265.302
265.302
265.302
265.302
265.302
265.302
265.302
265.302
265.302
265.302
265.302
265.302
265.302
265.302
265.302
265.302
265.302
265.302
265.302
265.302
265.302
265.302
265.302
265.302
265.302
265.302
265.302
265.302
265.302
265.302
265.302
265.302
265.302
265.302
265.302
265.302
265.302
265.302
265.302
265.302
265.302
265.302
265.302
265.302
265.302
265.302
265.302
265.302
265.302
265.302
265.302
265.302
265.302
265.302
265.302
265.302
265.302
265.302
265.302
265.302
265.302
265.302
265.302
265.302
265.302
265.302
265.302
265.302
265.302
265.302
265.302
265.302
265.302
265.302
265.302
265.302
265.302
265.302
265.302
265.302
265.302
265.302
265.302
265.302
265.302
265.302
265.302
265.302
265.302
265.302
265.302
265.302
265.302
265.302
265.302
265.302
265.302
265.302
265.302
265.302
265.302
265.302
265.302
265.302
265.302
265.302
265.302
265.302
265.302
265.302
265.302
265.302
265.302
265.302
265.302
265.302
265.302
265.302
265.302
265.302
265.302
265.302
265.302
265.302
265.302
265.302
265.302
265.302
265.302
265.302
265.302
265.302
265.302
265.302
265.302
265.302
265.302
265.302
265.302
265.302
265.302
265.302
265.302
265.302
265.302
265.302
265.302
265.302
265.302
265.302
265.302
265.302
265.302
265.302
265.302
265.302
265.302
265.302
265.302
265.302
265.302
265.302
265.302
265.302
265.302
265.302
265.302
265.302
265.302
265.302
265.302
265.302
265.302
265.302
265.302
265.302
265.302
265.302
265.302
265.302
265.302
265.302
265.302
265.302
265.302
265.302
265.302
265.302
265.302
265.302
265.302
265.302
265.302
265.302
265.302
265.302
265.302
265.302
265.302
265.302
265.302
265.302
265.302
265.302
265.302
265.302
265.302
265.302
265.302
265.302
265.302
265.302
265.302
265.302
265.302
265.302
265.302
265.302
265.302
265.302
265.302
265.302
265.302
265.302
265.302
265.302
265.302
265.302
265.302
265.302
265.302
265.302
265.302
265.302
265.302
265.302
265.302
265.302
265.302
265.302
265.302
265.302
265.302
265.302
265.302
265.302
265.302
265.302
265.302
265.302
265.302
265.302
265.302
265.302
265.302
265.302
265.302
265.302
265.302
265.302
265.302
265.302
265.302
265.302
265.302
265.302
265.302
265.302
265.302
265.302
265.302
265.302
265.302
265.302
265.302
265.302
265.302
265.302
265.302
265.302
265.302
265.302
265.302
265.302
265.302
265.302
265.302
265.302
265.302
265.302
265.302
265.302
265.302
265.302
265.302
265.302
265.302
265.302
265.302
265.302
265.302
265.302
265.302
265.302
265.302
265.302
265.302
265.302
265.302
265.302
265.302
265.302
265.302
265.302
265.302
265.302
265.302
265.302
265.302
265.302
265.302
265.302
265.302
265.302
265.302
265.302
265.302
265.302
265.302
265.302
265.302
265.302
265.302
265.302
265.302
265.302
265.302
265.302
265.302
265.302
265.302
265.302
265.302
265.302
265.302
265.302
265.302
265.302
265.302
265.302
265.302
265.302
265.302
265.302
265.302
265.302
265.302
265.302
265.302
265.302
265.302
265.302
265.302
265.302
265.302
265.302
265.302
265.302
265.302
265.302
265.302
265.302
265.302
265.302
265.302
265.302
265.302
265.302
265.302
265.302
265.302
265.302
265.302
265.302
265.302
265.302
265.302
265.302
265.302
265.302
265.302
265.302
265.302
265.302
265.302
265.302
265.302
265.302
265.302
265.302
265.302
265.302
265.302
265.302
265.302
265.302
265.302
265.302
265.302
265.302
265.302
265.302
265.302
265.302
265.302
265.302
265.302
265.302
265.302
265.302
265.302
265.302
265.302
265.302
265.302
265.302
265.302
265.302
265.302
265.302
265.302
265.302
265.302
265.302
265.302
265.302
265.302
265.302
265.302
265.302
265.302
265.302
265.302
265.302
265.302
265.302
265.302
265.302
265.302
265.302
265.302
265.302
265.302
265.302
265.302
265.302
265.302
265.302
265.302
265.302
265.302
265.302
265.302
265.302
265.302
265.302
265.302
265.302
265.302
265.302
265.302
265.302
265.302
265.302
265.302
265.302
265.302
265.302
265.302
265.302
265.302
265.302
265.302
265.302
265.302
265.302
265.302
265.302
265.302
265.302
265.302
265.302
265.302
265.302
265.302
265.302
265.302
265.302
265.302
265.302
265.302
265.302
265.302
265.302
265.302
265.302
265.302
265.302
265.302
265.302
265.302
265.302
265.302
265.302
265.302
265.302
265.302
265.302
265.302
265.302
265.302
265.302
265.302
265.302
265.302
265.302
265.302
265.302
265.302
265.302
265.302
265.302
265.302
265.302
265.302
265.302
265.302
265.302
265.302
265.302
265.302
265.302
265.302
265.302
265.302
265.302
265.302
265.302
265.302
265.302
265.302
265.302
265.302
265.302
265.302
265.302
265.302
265.302
265.302
265.302
265.302
265.302
265.302
265.302
265.302
265.302
265.302
265.302
265.302
265.302
265.302
265.302
265.302
265.302
265.302
265.302
265.302
265.302
265.302
265.302
265.302
265.302
265.302
265.302
265.302
265.302
265.302
265.302
265.302
265.302
265.302
265.302
265.302
265.302
265.302
265.302
265.302
265.302
265.302
265.302
265.302
265.302
265.302
265.302
265.302
265.302
265.302
265.302
265.302
265.302
265.302
265.302
265.302
265.302
265.302
265.302
265.302
265.302
265.302
265.302
265.302
265.302
265.302
265.302
265.302
265.302
265.302
265.302
265.302
265.302
265.302
265.302
265.302
265.302
265.302
265.302
265.302
265.302
265.302
265.302
265.302
265.302
265.302
265.302
265.302
265.302
265.302
265.302
265.302
265.302
265.302
265.302
265.302
265.302
265.302
265.302
265.302
265.302
265.302
265.302
265.302
265.302
265.302
265.302
265.302
265.302
265.302
265.302
265.302
265.302
265.302
265.302
265.302
265.302
265.302
265.302
265.302
265.302
265.302
265.302
265.302
265.302
265.302
265.302
265.302
265.302
265.302
265.302
265.302
265.302
265.302
265.302
265.302
265.302
265.302
265.302
265.302
265.302
265.302
265.302
265.302
265.302
265.302
265.302
265.302
265.302
265.302
265.302
265.302
265.302
265.302
265.302
265.302
265.302
265.302
265.302
265.302
265.302
265.302
265.302
265.302
265.302
265.302
265.302
265.302
265.302
265.302
265.302
265.302
265.302
265.302
265.302
265.302
265.302
265.302
265.302
265.302
265.302
265.302
265.302
265.302
265.302
265.302
265.302
265.302
265.302
265.302
265.302
265.302
265.302
265.302
265.302
265.302
265.302
265.302
265.302
265.302
265.302
265.302
265.302
265.302
265.302
265.302
265.302
265.302
265.302
265.302
265.302
265.302
265.302
265.302
265.302
265.302
265.302
265.302
265.302
265.302
265.302
265.302
265.302
265.302
265.302
265.302
265.302
265.302
265.302
265.302
265.302
265.302
265.302
265.302
265.302
265.302
265.302
265.302
265.302
265.302
265.302
265.302
265.302
265.302
265.302
265.302
265.302
265.302
265.302
265.302
265.302
265.302
265.302
265.302
265.302
265.302
265.302
265.302
265.302
265.302
265.302
265.302
265.302
265.302
265.302
265.302
265.302
265.302
265.302
265.302
265.302
265.302
265.302
265.302
265.302
265.302
265.302
265.302
265.302
265.302
265.302
265.302
265.302
265.302
265.302
265.302
265.302
265.302
265.302
265.302
265.302
265.302
265.302
265.302
265.302
265.302
265.302
265.302
265.302
265.302
265.302
265.302
265.302
265.302
265.302
265.302
265.302
265.302
265.302
265.302
265.302
265.302
265.302
265.302
265.302
265.302
265.302
265.302
265.302
265.302
265.302
265.302
265.302
265.302
265.302
265.302
265.302
265.302
265.302
265.302
265.302
265.302
265.302
265.302
265.302
265.302
265.302
265.302
265.302
265.302
265.302
265.302
265.302
265.302
265.302
265.302
265.302
265.302
265.302
265.302
265.302
265.302
265.302
265.302
265.302
265.302
265.302
265.302
265.302
265.302
265.302
265.302
265.302
265.302
265.302
265.302
265.302
265.302
265.302
265.302
265.302
265.302
265.302
265.302
265.302
265.302
265.302
265.302
265.302
265.302
265.302
265.302
265.302
265.302
265.302
265.302
265.302
265.302
265.302
265.302
265.302
265.302
265.302
265.302
265.302
265.302
265.302
265.302
265.302
265.302
265.302
265.302
265.302
265.302
265.302
265.302
265.302
265.302
265.302
265.302
265.302
265.302
265.302
265.302
265.302
265.302
265.302
265.302
265.302
265.302
265.302
265.302
265.302
265.302
265.302
265.302
265.302
265.302
265.302
265.302
265.302
265.302
265.302
265.302
265.302
265.302
265.302
265.302
265.302
265.302
265.302
265.302
265.302
265.302
265.302
265.302
265.302
265.302
265.302
265.302
265.302
265.302
265.302
265.302
265.302
265.302
265.302
265.302
265.302
265.302
265.302
265.302
265.302
265.302
265.302
265.302
265.302
265.302
265.302
265.302
265.302
265.302
265.302
265.302
265.302
265.302
265.302
265.302
265.302
265.302
265.302
265.302
265.302
265.302
265.302
265.302
265.302
265.302
265.302
265.302
265.302
265.302
265.302
265.302
265.302
265.302
265.302
265.302
265.302
265.302
265.302
265.302
265.302
265.302
265.302
265.302
265.302
265.302
265.302
265.302
265.302
265.302
265.302
265.302
265.302
265.302
265.302
265.302
265.302
265.302
265.302
265.302
265.302
265.302
265.302
265.302
265.302
265.302
265.302
265.302
265.302
265.302
265.302
265.302
265.302
265.302
265.302
265.302
265.302
265.302
265.302
265.302
265.302
265.302
265.302
265.302
265.302
265.302
265.302
265.302
265.302
265.302
265.302
265.302
265.302
265.302
265.302
265.302
265.302
265.302
265.302
265.302
265.302
265.302
265.302
265.302
265.302
265.302
265.302
265.302
265.302
265.302
265.302
265.302
265.302
265.302
265.302
265.302
265.302
265.302
265.302
265.302
265.302
265.302
265.302
265.302
265.302
265.302
265.302
265.302
265.302
265.302
265.302
265.302
265.302
265.302
265.302
265.302
265.302
265.302
265.302
265.302
265.302
265.302
265.302
265.302
265.302
265.302
265.302
265.302
265.302
265.302
265.302
265.302
265.302
265.302
265.302
265.302
265.302
265.302
265.302
265.302
265.302
265.302
265.302
265.302
265.302
265.302
265.302
265.302
265.302
265.302
265.302
265.302
265.302
265.302
265.302
265.302
265.302
265.302
265.302
265.302
265.302
265.302
265.302
265.302
265.302
265.302
265.302
265.302
265.302
265.302
265.302
265.302
265.302
265.302
265.302
265.302
265.302
265.302
265.302
265.302
265.302
265.302
265.302
265.302
265.302
265.302
265.302
265.302
265.302
265.302
265.302
265.302
265.302
265.302
265.302
265.302
265.302
265.302
265.302
265.302
265.302
265.302
265.302
265.302
265.302
265.302
265.302
265.302
265.302
265.302
265.302
265.302
265.302
265.302
265.302
265.302
265.302
265.302
265.302
265.302
265.302
265.302
265.302
265.302
265.302
265.302
265.302
265.302
265.302
265.302
265.302
265.302
265.302
265.302
265.302
265.302
265.302
265.302
265.302
265.302
265.302
265.302
265.302
265.302
265.302
265.302
265.302
265.302
265.302
265.302
265.302
265.302
265.302
265.302
265.302
265.302
265.302
265.302
265.302
265.302
265.302
265.302
265.302
265.302
265.302
265.302
265.302
265.302
265.302
265.302
265.302
265.302
265.302
265.302
265.302
265.302
265.302
265.302
265.302
265.302
265.302
265.302
265.302
265.302
265.302
265.302
265.302
265.302
265.302
265.302
265.302
265.302
265.302
265.302
265.302
265.302
265.302
265.302
265.302
265.302
265.302
265.302
265.302
265.302
265.302
265.302
265.302
265.302
265.302
265.302
265.302
265.302
265.302
265.302
265.302
265.302
265.302
265.302
265.302
265.302
265.302
265.302
265.302
265.302
265.302
265.302
265.302
265.302
265.302
265.302
265.302
265.302
265.302
265.302
265.302
265.302
265.302
265.302
265.302
265.302
265.302
265.302
265.302
265.302
265.302
265.302
265.302
265.302
265.302
265.302
265.302
265.302
265.302
265.302
265.302
265.302
265.302
265.302
265.302
265.302
265.302
265.302
265.302
265.302
265.302
265.302
265.302
265.302
265.302
265.302
265.302
265.302
265.302
265.302
265.302
265.302
265.302
265.302
265.302
265.302
265.302
265.302
265.302
265.302
265.302
265.302
265.302
265.302
265.302
265.302
265.302
265.302
265.302
265.302
265.302
265.302
265.302
265.302
265.302
265.302
265.302
265.302
265.302
265.302
265.302
265.302
265.302
265.302
265.302
265.302
265.302
265.302
265.302
265.302
265.302
265.302
265.302
265.302
265.302
265.302
265.302
265.302
265.302
265.302
265.302
265.302
265.302
265.302
265.302
265.302
265.302
265.302
265.302
265.302
265.302
265.302
265.302
265.302
265.302
265.302
265.302
265.302
265.302
265.302
265.302
265.302
265.302
265.302
265.302
265.302
265.302
265.302
265.302
265.302
265.302
265.302
265.302
265.302
265.302
265.302
265.302
265.302
265.302
265.302
265.302
265.302
265.302
265.302
265.302
265.302
265.302
265.302
265.302
265.302
265.302
265.302
265.302
265.302
265.302
265.302
265.302
265.302
265.302
265.302
265.302
265.302
265.302
265.302
265.302
265.302
265.302
265.302
265.302
265.302
265.302
265.302
265.302
265.302
265.302
265.302
265.302
265.302
265.302
265.302
265.302
265.302
265.302
265.302
265.302
265.302
265.302
265.302
265.302
265.302
265.302
265.302
265.302
265.302
265.302
265.302
265.302
265.302
265.302
265.302
265.302
265.302
265.302
265.302
265.302
265.302
265.302
265.302
265.302
265.302
265.302
265.302
265.302
265.302
265.302
265.302
265.302
265.302
265.302
265.302
265.302
265.302
265.302
265.302
265.302
265.302
265.302
265.302
265.302
265.302
265.302
265.302
265.302
265.302
265.302
265.302
265.302
265.302
265.302
265.302
265.302
265.302
265.302
265.302
265.302
265.302
265.302
265.302
265.302
265.302
265.302
265.302
265.302
265.302
265.302
265.302
265.302
265.302
265.302
265.302
265.302
265.302
265.302
265.302
265.302
265.302
265.302
265.302
265.302
265.302
265.302
265.302
265.302
265.302
265.302
265.302
265.302
265.302
265.302
265.302
265.302
265.302
265.302
265.302
265.302
265.302
265.302
265.302
265.302
265.302
265.302
265.302
265.302
265.302
265.302
265.302
265.302
265.302
265.302
265.302
265.302
265.302
265.302
265.302
265.302
265.302
265.302
265.302
265.302
265.302
265.302
265.302
265.302
265.302
265.302
265.302
265.302
265.302
265.302
265.302
265.302
265.302
265.302
265.302
265.302
265.302
265.302
265.302
265.302
265.302
265.302
265.302
265.302
265.302
265.302
265.302
265.302
265.302
265.302
265.302
265.302
265.302
265.302
265.302
265.302
265.302
265.302
265.302
265.302
265.302
265.302
265.302
265.302
265.302
265.302
265.302
265.302
265.302
265.302
265.302
265.302
265.302
265.302
265.302
265.302
265.302
265.302
265.302
265.302
265.302
265.302
265.302
265.302
265.302
265.302
265.302
265.302
265.302
265.302
265.302
265.302
265.302
265.302
265.302
265.302
265.302
265.302
265.302
265.302
265.302
265.302
265.302
265.302
265.302
265.302
265.302
265.302
265.302
265.302
265.302
265.302
265.302
265.302
265.302
265.302
265.302
265.302
265.302
265.302
265.302
265.302
265.302
265.302
265.302
265.302
265.302
265.302
265.302
265.302
265.302
265.302
265.302
265.302
265.302
265.302
265.302
265.302
265.302
265.302
265.302
265.302
265.302
265.302
265.302
265.302
265.302
265.302
265.302
265.302
265.302
265.302
265.302
265.302
265.302
265.302
265.302
265.302
265.302
265.302
265.302
265.302
265.302
265.302
265.302
265.302
265.302
265.302
265.302
265.302
265.302
265.302
265.302
265.302
265.302
265.302
265.302
265.302
265.302
265.302
265.302
265.302
265.302
265.302
265.302
265.302
265.302
265.302
265.302
265.302
265.302
265.302
265.302
265.302
265.302
265.302
265.302
265.302
265.302
265.302
265.302
265.302
265.302
265.302
265.302
265.302
265.302
265.302
265.302
265.302
265.302
265.302
265.302
265.302
265.302
265.302
265.302
265.302
265.302
265.302
265.302
265.302
265.302
265.302
265.302
265.302
265.302
265.302
265.302
265.302
265.302
265.302
265.302
265.302
265.302
265.302
265.302
265.302
265.302
265.302
265.302
265.302
265.302
265.302
265.302
265.302
265.302
265.302
265.302
265.302
265.302
265.302
265.302
265.302
265.302
265.302
265.302
265.302
265.302
265.302
265.302
265.302
265.302
265.302
265.302
265.302
265.302
265.302
265.302
265.302
265.302
265.302
265.302
265.302
265.302
265.302
265.302
265.302
265.302
265.302
265.302
265.302
265.302
265.302
265.302
265.302
265.302
265.302
265.302
265.302
265.302
265.302
265.302
265.302
265.302
265.302
265.302
265.302
265.302
265.302
265.302
265.302
265.302
265.302
265.302
265.302
265.302
265.302
265.302
265.302
265.302
265.302
265.302
265.302
265.302
265.302
265.302
265.302
265.302
265.302
265.302
265.302
265.302
265.302
265.302
265.302
265.302
265.302
265.302
265.302
265.302
265.302
265.302
265.302
265.302
265.302
265.302
265.302
265.302
265.302
265.302
265.302
265.302
265.302
265.302
265.302
265.302
265.302
265.302
265.302
265.302
265.302
265.302
265.302
265.302
265.302
265.302
265.302
265.302
265.302
265.302
265.302
265.302
265.302
265.302
265.302
265.302
265.302
265.302
265.302
265.302
265.302
265.302
265.302
265.302
265.302
265.302
265.302
265.302
265.302
265.302
265.302
265.302
265.302
265.302
265.302
265.302
265.302
265.302
265.302
265.302
265.302
265.302
265.302
265.302
265.302
265.302
265.302
265.302
265.302
265.302
265.302
265.302
265.302
265.302
265.302
265.302
265.302
265.302
265.302
265.302
265.302
265.302
265.302
265.302
265.302
265.302
265.302
265.302
265.302
265.302
265.302
265.302
265.302
265.302
265.302
265.302
265.302
265.302
265.302
265.302
265.302
265.302
265.302
265.302
265.302
265.302
265.302
265.302
265.302
265.302
265.302
265.302
265.302
265.302
265.302
265.302
265.302
265.302
265.302
265.302
265.302
265.302
265.302
265.302
265.302
265.302
265.302
265.302
265.302
265.302
265.302
265.302
265.302
265.302
265.302
265.302
265.302
265.302
265.302
265.302
265.302
265.302
265.302
265.302
265.302
265.302
265.302
265.302
265.302
265.302
265.302
265.302
265.302
265.302
265.302
265.302
265.302
265.302
265.302
265.302
265.302
265.302
265.302
265.302
265.302
265.302
265.302
265.302
265.302
265.302
265.302
265.302
265.302
265.302
265.302
265.302
265.302
265.302
265.302
265.302
265.302
265.302
265.302
265.302
265.302
265.302
265.302
265.302
265.302
265.302
265.302
265.302
265.302
265.302
265.302
265.302
265.302
265.302
265.302
265.302
265.302
265.302
265.302
265.302
265.302
265.302
265.302
265.302
265.302
265.302
265.302
265.302
265.302
265.302
265.302
265.302
265.302
265.302
265.302
265.302
265.302
265.302
265.302
265.302
265.302
265.302
265.302
265.302
265.302
265.302
265.302
265.302
265.302
265.302
265.302
265.302
265.302
265.302
265.302
265.302
265.302
265.302
265.302
265.302
265.302
265.302
265.302
265.302
265.302
265.302
265.302
265.302
265.302
265.302
265.302
265.302
265.302
265.302
265.302
265.302
265.302
265.302
265.302
265.302
265.302
265.302
265.302
265.302
265.302
265.302
265.302
265.302
265.302
265.302
265.302
265.302
265.302
265.302
265.302
265.302
265.302
265.302
265.302
265.302
265.302
265.302
265.302
265.302
265.302
265.302
265.302
265.302
265.302
265.302
265.302
265.302
265.302
265.302
265.302
265.302
265.302
265.302
265.302
265.302
265.302
265.302
265.302
265.302
265.302
265.302
265.302
265.302
265.302
265.302
265.302
265.302
265.302
265.302
265.302
265.302
265.302
265.302
265.302
265.302
265.302
265.302
265.302
265.302
265.302
265.302
265.302
265.302
265.302
265.302
265.302
265.302
265.302
265.302
265.302
265.302
265.302
265.302
265.302
265.302
265.302
265.302
265.302
265.302
265.302
265.302
265.302
265.302
265.302
265.302
265.302
265.302
265.302
265.302
265.302
265.302
265.302
265.302
265.302
265.302
265.302
265.302
265.302
265.302
265.302
265.302
265.302
265.302
265.302
265.302
265.302
265.302
265.302
265.302
265.302
265.302
265.302
265.302
265.302
265.302
265.302
265.302
265.302
265.302
265.302
265.302
265.302
265.302
265.302
265.302
265.302
265.302
265.302
265.302
265.302
265.302
265.302
265.302
265.302
265.302
265.302
265.302
265.302
265.302
265.302
265.302
265.302
265.302
265.302
265.302
265.302
265.302
265.302
265.302
265.302
265.302
265.302
265.302
265.302
265.302
265.302
265.302
265.302
265.302
265.302
265.302
265.302
265.302
265.302
265.302
265.302
265.302
265.302
265.302
265.302
265.302
265.302
265.302
265.302
265.302
265.302
265.302
265.302
265.302
265.302
265.302
265.302
265.302
265.302
265.302
265.302
265.302
265.302
265.302
265.302
265.302
265.302
265.302
265.302
265.302
265.302
265.302
265.302
265.302
265.302
265.302
265.302
265.302
265.302
265.302
265.302
265.302
265.302
265.302
265.302
265.302
265.302
265.302
265.302
265.302
265.302
265.302
265.302
265.302
265.302
265.302
265.302
265.302
265.302
265.302
265.302
265.302
265.302
265.302
265.302
265.302
265.302
265.302
265.302
265.302
265.302
265.302
265.302
265.302
265.302
265.302
265.302
265.302
265.302
265.302
265.302
265.302
265.302
265.302
265.302
265.302
265.302
265.302
265.302
265.302
265.302
265.302
265.302
265.302
265.302
265.302
265.302
265.302
265.302
265.302
265.302
265.302
265.302
265.302
265.302
265.302
265.302
265.302
265.302
265.302
265.302
265.302
265.302
265.302
265.302
265.302
265.302
265.302
265.302
265.302
265.302
265.302
265.302
265.302
265.302
265.302
265.302
265.302
265.302
265.302
265.302
265.302
265.302
265.302
265.302
265.302
265.302
265.302
265.302
265.302
265.302
265.302
265.302
265.302
265.302
265.302
265.302
265.302
265.302
265.302
265.302
265.302
265.302
265.302
265.302
265.302
265.302
265.302
265.302
265.302
265.302
265.302
265.302
265.302
265.302
265.302
265.302
265.302
265.302
265.302
265.302
265.302
265.302
265.302
265.302
265.302
265.302
265.302
265.302
265.302
265.302
265.302
265.302
265.302
265.302
265.302
265.302
265.302
265.302
265.302
265.302
265.302
265.302
265.302
265.302
265.302
265.302
265.302
265.302
265.302
265.302
265.302
265.302
265.302
265.302
265.302
265.302
265.302
265.302
265.302
265.302
265.302
265.302
265.302
265.302
265.302
265.302
265.302
265.302
265.302
265.302
265.302
265.302
265.302
265.302
265.302
265.302
265.302
265.302
265.302
265.302
265.302
265.302
265.302
265.302
265.302
265.302
265.302
265.302
265.302
265.302
265.302
265.302
265.302
265.302
265.302
265.302
265.302
265.302
265.302
265.302
265.302
265.302
265.302
265.302
265.302
265.302
265.302
265.302
265.302
265.302
265.302
265.302
265.302
265.302
265.302
265.302
265.302
265.302
265.302
265.302
265.302
265.302
265.302
265.302
265.302
265.302
265.302
265.302
265.302
265.302
265.302
265.302
265.302
265.302
265.302
265.302
265.302
265.302
265.302
265.302
265.302
265.302
265.302
265.302
265.302
265.302
265.302
265.302
265.302
265.302
265.302
265.302
265.302
265.302
265.302
265.302
265.302
265.302
265.302
265.302
265.302
265.302
265.302
265.302
265.302
265.302
265.302
265.302
265.302
265.302
265.302
265.302
265.302
265.302
265.302
265.302
265.302
265.302
265.302
265.302
265.302
265.302
265.302
265.302
265.302
265.302
265.302
265.302
265.302
265.302
265.302
265.302
265.302
265.302
265.302
265.302
265.302
265.302
265.302
265.302
265.302
265.302
265.302
265.302
265.302
265.302
265.302
265.302
265.302
265.302
265.302
265.302
265.302
265.302
265.302
265.302
265.302
265.302
265.302
265.302
265.302
265.302
265.302
265.302
265.302
265.302
265.302
265.302
265.302
265.302
265.302
265.302
265.302
265.302
265.302
265.302
265.302
265.302
265.302
265.302
265.302
265.302
265.302
265.302
265.302
265.302
265.302
265.302
265.302
265.302
265.302
265.302
265.302
265.302
265.302
265.302
265.302
265.302
265.302
265.302
265.302
265.302
265.302
265.302
265.302
265.302
265.302
265.302
265.302
265.302
265.302
265.302
265.302
265.302
265.302
265.302
265.302
265.302
265.302
265.302
265.302
265.302
265.302
265.302
265.302
265.302
265.302
265.302
265.302
265.302
265.302
265.302
265.302
265.302
265.302
265.302
265.302
265.302
265.302
265.302
265.302
265.302
265.302
265.302
265.302
265.302
265.302
265.302
265.302
265.302
265.302
265.302
265.302
265.302
265.302
265.302
265.302
265.302
265.302
265.302
265.302
265.302
265.302
265.302
265.302
265.302
265.302
265.302
265.302
265.302
265.302
265.302
265.302
265.302
265.302
265.302
265.302
265.302
265.302
265.302
265.302
265.302
265.302
265.302
265.302
265.302
265.302
265.302
265.302
265.302
265.302
265.302
265.302
265.302
265.302
265.302
265.302
265.302
265.302
265.302
265.302
265.302
265.302
265.302
265.302
265.302
265.302
265.302
265.302
265.302
265.302
265.302
265.302
265.302
265.302
265.302
265.302
265.302
265.302
265.302
265.302
265.302
265.302
265.302
265.302
265.302
265.302
265.302
265.302
265.302
265.302
265.302
265.302
265.302
265.302
265.302
265.302
265.302
265.302
265.302
265.302
265.302
265.302
265.302
265.302
265.302
265.302
265.302
265.302
265.302
265.302
265.302
265.302
265.302
265.302
265.302
265.302
265.302
265.302
265.302
265.302
265.302
265.302
265.302
265.302
265.302
265.302
265.302
265.302
265.302
265.302
265.302
265.302
265.302
265.302
265.302
265.302
265.302
265.302
265.302
265.302
265.302
265.302
265.302
265.302
265.302
265.302
265.302
265.302
265.302
265.302
265.302
265.302
265.302
265.302
265.302
265.302
265.302
265.302
265.302
265.302
265.302
265.302
265.302
265.302
265.302
265.302
265.302
265.302
265.302
265.302
265.302
265.302
265.302
265.302
265.302
265.302
265.302
265.302
265.302
265.302
265.302
265.302
265.302
265.302
265.302
265.302
265.302
265.302
265.302
265.302
265.302
265.302
265.302
265.302
265.302
265.302
265.302
265.302
265.302
265.302
265.302
265.302
265.302
265.302
265.302
265.302
265.302
265.302
265.302
265.302
265.302
265.302
265.302
265.302
265.302
265.302
265.302
265.302
265.302
265.302
265.302
265.302
265.302
265.302
265.302
265.302
265.302
265.302
265.302
265.302
265.302
265.302
265.302
265.302
265.302
265.302
265.302
265.302
265.302
265.302
265.302
265.302
265.302
265.302
265.302
265.302
265.302
265.302
265.302
265.302
265.302
265.302
265.302
265.302
265.302
265.302
265.302
265.302
265.302
265.302
265.302
265.302
265.302
265.302
265.302
265.302
265.302
265.302
265.302
265.302
265.302
265.302
265.302
265.302
265.302
265.302
265.302
265.302
265.302
265.302
265.302
265.302
265.302
265.302
265.302
265.302
265.302
265.302
265.302
265.302
265.302
265.302
265.302
265.302
265.302
265.302
265.302
265.302
265.302
265.302
265.302
265.302
265.302
265.302
265.302
265.302
265.302
265.302
265.302
265.302
265.302
265.302
265.302
265.302
265.302
265.302
265.302
265.302
265.302
265.302
265.302
265.302
265.302
265.302
265.302
265.302
265.302
265.302
265.302
265.302
265.302
265.302
265.302
265.302
265.302
265.302
265.302
265.302
265.302
265.302
265.302
265.302
265.302
265.302
265.302
265.302
265.302
265.302
265.302
265.302
265.302
265.302
265.302
265.302
265.302
265.302
265.302
265.302
265.302
265.302
265.302
265.302
265.302
265.302
265.302
265.302
265.302
265.302
265.302
265.302
265.302
265.302
265.302
265.302
265.302
265.302
265.302
265.302
265.302
265.302
265.302
265.302
265.302
265.302
265.302
265.302
265.302
265.302
265.302
265.302
265.302
265.302
265.302
265.302
265.302
265.302
265.302
265.302
265.302
265.302
265.302
265.302
265.302
265.302
265.302
265.302
265.302
265.302
265.302
265.302
265.302
265.302
265.302
265.302
265.302
265.302
265.302
265.302
265.302
265.302
265.302
265.302
265.302
265.302
265.302
265.302
265.302
265.302
265.302
265.302
265.302
265.302
265.302
265.302
265.302
265.302
265.302
265.302
265.302
265.302
265.302
265.302
265.302
265.302
265.302
265.302
265.302
265.302
265.302
265.302
265.302
265.302
265.302
265.302
265.302
265.302
265.302
265.302
265.302
265.302
265.302
265.302
265.302
265.302
265.302
265.302
265.302
265.302
265.302
265.302
265.302
265.302
265.302
265.302
265.302
265.302
265.302
265.302
265.302
265.302
265.302
265.302
265.302
265.302
265.302
265.302
265.302
265.302
265.302
265.302
265.302
265.302
265.302
265.302
265.302
265.302
265.302
265.302
265.302
265.302
265.302
265.302
265.302
265.302
265.302
265.302
265.302
265.302
265.302
265.302
265.302
265.302
265.302
265.302
265.302
265.302
265.302
265.302
265.302
265.302
265.302
265.302
265.302
265.302
265.302
265.302
265.302
265.302
265.302
265.302
265.302
265.302
265.302
265.302
265.302
265.302
265.302
265.302
265.302
265.302
265.302
265.302
265.302
265.302
265.302
265.302
265.302
265.302
265.302
265.302
265.302
265.302
265.302
265.302
265.302
265.302
265.302
265.302
265.302
265.302
265.302
265.302
265.302
265.302
265.302
265.302
265.302
265.302
265.302
265.302
265.302
265.302
265.302
265.302
265.302
265.302
265.302
265.302
265.302
265.302
265.302
265.302
265.302
265.302
265.302
265.302
265.302
265.302
265.302
265.302
265.302
265.302
265.302
265.302
265.302
265.302
265.302
265.302
265.302
265.302
265.302
265.302
265.302
265.302
265.302
265.302
265.302
265.302
265.302
265.302
265.302
265.302
265.302
265.302
265.302
265.302
265.302
265.302
265.302
265.302
265.302
265.302
265.302
265.302
265.302
265.302
265.302
265.302
265.302
265.302
265.302
265.302
265.302
265.302
265.302
265.302
265.302
265.302
265.302
265.302
265.302
265.302
265.302
265.302
265.302
265.302
265.302
265.302
265.302
265.302
265.302
265.302
265.302
265.302
265.302
265.302
265.302
265.302
265.302
265.302
265.302
265.302
265.302
265.302
265.302
265.302
265.302
265.302
265.302
265.302
265.302
265.302
265.302
265.302
265.302
265.302
265.302
265.302
265.302
265.302
265.302
265.302
265.302
265.302
265.302
265.302
265.302
265.302
265.302
265.302
265.302
265.302
265.302
265.302
265.302
265.302
265.302
265.302
265.302
265.302
265.302
265.302
265.302
265.302
265.302
265.302
265.302
265.302
265.302
265.302
265.302
265.302
265.302
265.302
265.302
265.302
265.302
265.302
265.302
265.302
265.302
265.302
265.302
265.302
265.302
265.302
265.302
265.302
265.302
265.302
265.302
265.302
265.302
265.302
265.302
265.302
265.302
265.302
265.302
265.302
265.302
265.302
265.302
265.302
265.302
265.302
265.302
265.302
265.302
265.302
265.302
265.302
265.302
265.302
265.302
265.302
265.302
265.302
265.302
265.302
265.302
265.302
265.302
265.302
265.302
265.302
265.302
265.302
265.302
265.302
265.302
265.302
265.302
265.302
265.302
265.302
265.302
265.302
265.302
265.302
265.302
265.302
265.302
265.302
265.302
265.302
265.302
265.302
265.302
265.302
265.302
265.302
265.302
265.302
265.302
265.302
265.302
265.302
265.302
265.302
265.302
265.302
265.302
265.302
265.302
265.302
265.302
265.302
265.302
265.302
265.302
265.302
265.302
265.302
265.302
265.302
265.302
265.302
265.302
265.302
265.302
265.302
265.302
265.302
265.302
265.302
265.302
265.302
265.302
265.302
265.302
265.302
265.302
265.302
265.302
265.302
265.302
265.302
265.302
265.302
265.302
265.302
265.302
265.302
265.302
265.302
265.302
265.302
265.302
265.302
265.302
265.302
265.302
265.302
265.302
265.302
265.302
265.302
265.302
265.302
265.302
265.302
265.302
265.302
265.302
265.302
265.302
265.302
265.302
265.302
265.302
265.302
265.302
265.302
265.302
265.302
265.302
265.302
265.302
265.302
265.302
265.302
265.302
265.302
265.302
265.302
265.302
265.302
265.302
265.302
265.302
265.302
265.302
265.302
265.302
265.302
265.302
265.302
265.302
265.302
265.302
265.302
265.302
265.302
265.302
265.302
265.302
265.302
265.302
265.302
265.302
265.302
265.302
265.302
265.302
265.302
265.302
265.302
265.302
265.302
265.302
265.302
265.302
265.302
265.302
265.302
265.302
265.302
265.302
265.302
265.302
265.302
265.302
265.302
265.302
265.302
265.302
265.302
265.302
265.302
265.302
265.302
265.302
265.302
265.302
265.302
265.302
265.302
265.302
265.302
265.302
265.302
265.302
265.302
265.302
265.302
265.302
265.302
265.302
265.302
265.302
265.302
265.302
265.302
265.302
265.302
265.302
265.302
265.302
265.302
265.302
265.302
265.302
265.302
265.302
265.302
265.302
265.302
265.302
265.302
265.302
265.302
265.302
265.302
265.302
265.302
265.302
265.302
265.302
265.302
265.302
265.302
265.302
265.302
265.302
265.302
265.302
265.302
265.302
265.302
265.302
265.302
265.302
265.302
265.302
265.302
265.302
265.302
265.302
265.302
265.302
265.302
265.302
265.302
265.302
265.302
265.302
265.302
265.302
265.302
265.302
265.302
265.302
265.302
265.302
265.302
265.302
265.302
265.302
265.302
265.302
265.302
265.302
265.302
265.302
265.302
265.302
265.302
265.302
265.302
265.302
265.302
265.302
265.302
265.302
265.302
265.302
265.302
265.302
265.302
265.302
265.302
265.302
265.302
265.302
265.302
265.302
265.302
265.302
265.302
265.302
265.302
265.302
265.302
265.302
265.302
265.302
265.302
265.302
265.302
265.302
265.302
265.302
265.302
265.302
265.302
265.302
265.302
265.302
265.302
265.302
265.302
265.302
265.302
265.302
265.302
265.302
265.302
265.302
265.302
265.302
265.302
265.302
265.302
265.302
265.302
265.302
265.302
265.302
265.302
265.302
265.302
265.302
265.302
265.302
265.302
265.302
265.302
265.302
265.302
265.302
265.302
265.302
265.302
265.302
265.302
265.302
265.302
265.302
265.302
265.302
265.302
265.302
265.302
265.302
265.302
265.302
265.302
265.302
265.302
265.302
265.302
265.302
265.302
265.302
265.302
265.302
265.302
265.302
265.302
265.302
265.302
265.302
265.302
265.302
265.302
265.302
265.302
265.302
265.302
265.302
265.302
265.302
265.302
265.302
265.302
265.302
265.302
265.302
265.302
265.302
265.302
265.302
265.302
265.302
265.302
265.302
265.302
265.302
265.302
265.302
265.302
265.302
265.302
265.302
265.302
265.302
265.302
265.302
265.302
265.302
265.302
265.302
265.302
265.302
265.302
265.302
265.302
265.302
265.302
265.302
265.302
265.302
265.302
265.302
265.302
265.302
265.302
265.302
265.302
265.302
265.302
265.302
265.302
265.302
265.302
265.302
265.302
265.302
265.302
265.302
265.302
265.302
265.302
265.302
265.302
265.302
265.302
265.302
265.302
265.302
265.302
265.302
265.302
265.302
265.302
265.302
265.302
265.302
265.302
265.302
265.302
265.302
265.302
265.302
265.302
265.302
265.302
265.302
265.302
265.302
265.302
265.302
265.302
265.302
265.302
265.302
265.302
265.302
265.302
265.302
265.302
265.302
265.302
265.302
265.302
265.302
265.302
265.302
265.302
265.302
265.302
265.302
265.302
265.302
265.302
265.302
265.302
265.302
265.302
265.302
265.302
265.302
265.302
265.302
265.302
265.302
265.302
265.302
265.302
265.302
265.302
265.302
265.302
265.302
265.302
265.302
265.302
265.302
265.302
265.302
265.302
265.302
265.302
265.302
265.302
265.302
265.302
265.302
265.302
265.302
265.302
265.302
265.302
265.302
265.302
265.302
265.302
265.302
265.302
265.302
265.302
265.302
265.302
265.302
265.302
265.302
265.302
265.302
265.302
265.302
265.302
265.302
265.302
265.302
265.302
265.302
265.302
265.302
265.302
265.302
265.302
265.302
265.302
265.302
265.302
265.302
265.302
265.302
265.302
265.302
265.302
265.302
265.302
265.302
265.302
265.302
265.302
265.302
265.302
265.302
265.302
265.302
265.302
265.302
265.302
265.302
265.302
265.302
265.302
265.302
265.302
265.302
265.302
265.302
265.302
265.302
265.302
265.302
265.302
265.302
265.302
265.302
265.302
265.302
265.302
265.302
265.302
265.302
265.302
265.302
265.302
265.302
265.302
265.302
265.302
265.302
265.302
265.302
265.302
265.302
265.302
265.302
265.302
265.302
265.302
265.302
265.302
265.302
265.302
265.302
265.302
265.302
265.302
265.302
265.302
265.302
265.302
265.302
265.302
265.302
265.302
265.302
265.302
265.302
265.302
265.302
265.302
265.302
265.302
265.302
265.302
265.302
265.302
265.302
265.302
265.302
265.302
265.302
265.302
265.302
265.302
265.302
265.302
265.302
265.302
265.302
265.302
265.302
265.302
265.302
265.302
265.302
265.302
265.302
265.302
265.302
265.302
265.302
265.302
265.302
265.302
265.302
265.302
265.302
265.302
265.302
265.302
265.302
265.302
265.302
265.302
265.302
265.302
265.302
265.302
265.302
265.302
265.302
265.302
265.302
265.302
265.302
265.302
265.302
265.302
265.302
265.302
265.302
265.302
265.302
265.302
265.302
265.302
265.302
265.302
265.302
265.302
265.302
265.302
265.302
265.302
265.302
265.302
265.302
265.302
265.302
265.302
265.302
265.302
265.302
265.302
265.302
265.302
265.302
265.302
265.302
265.302
265.302
265.302
265.302
265.302
265.302
265.302
265.302
265.302
265.302
265.302
265.302
265.302
265.302
265.302
265.302
265.302
265.302
265.302
265.302
265.302
265.302
265.302
265.302
265.302
265.302
265.302
265.302
265.302
265.302
265.302
265.302
265.302
265.302
265.302
265.302
265.302
265.302
265.302
265.302
265.302
265.302
265.302
265.302
265.302
265.302
265.302
265.302
265.302
265.302
265.302
265.302
265.302
265.302
265.302
265.302
265.302
265.302
265.302
265.302
265.302
265.302
265.302
265.302
265.302
265.302
265.302
265.302
265.302
265.302
265.302
265.302
265.302
265.302
265.302
265.302
265.302
265.302
265.302
265.302
265.302
265.302
265.302
265.302
265.302
265.302
265.302
265.302
265.302
265.302
265.302
265.302
265.302
265.302
265.302
265.302
265.302
265.302
265.302
265.302
265.302
265.302
265.302
265.302
265.302
265.302
265.302
265.302
265.302
265.302
265.302
265.302
265.302
265.302
265.302
265.302
265.302
265.302
265.302
265.302
265.302
265.302
265.302
265.302
265.302
265.302
265.302
265.302
265.302
265.302
265.302
265.302
265.302
265.302
265.302
265.302
265.302
265.302
265.302
265.302
265.302
265.302
265.302
265.302
265.302
265.302
265.302
265.302
265.302
265.302
265.302
265.302
265.302
265.302
265.302
265.302
265.302
265.302
265.302
265.302
265.302
265.302
265.302
265.302
265.302
265.302
265.302
265.302
265.302
265.302
265.302
265.302
265.302
265.302
265.302
265.302
265.302
265.302
265.302
265.302
265.302
265.302
265.302
265.302
265.302
265.302
265.302
265.302
265.302
265.302
265.302
265.302
265.302
265.302
265.302
265.302
265.302
265.302
265.302
265.302
265.302
265.302
265.302
265.302
265.302
265.302
265.302
265.302
265.302
265.302
265.302
265.302
265.302
265.302
265.302
265.302
265.302
265.302
265.302
265.302
265.302
265.302
265.302
265.302
265.302
265.302
265.302
265.302
265.302
265.302
265.302
265.302
265.302
265.302
265.302
265.302
265.302
265.302
265.302
265.302
265.302
265.302
265.302
265.302
265.302
265.302
265.302
265.302
265.302
265.302
265.302
265.302
265.302
265.302
265.302
265.302
265.302
265.302
265.302
265.302
265.302
265.302
265.302
265.302
265.302
265.302
265.302
265.302
265.302
265.302
265.302
265.302
265.302
265.302
265.302
265.302
265.302
265.302
265.302
265.302
265.302
265.302
265.302
265.302
265.302
265.302
265.302
265.302
265.302
265.302
265.302
265.302
265.302
265.302
265.302
265.302
265.302
265.302
265.302
265.302
265.302
265.302
265.302
265.302
265.302
265.302
265.302
265.302
265.302
265.302
265.302
265.302
265.302
265.302
265.302
265.302
265.302
265.302
265.302
265.302
265.302
265.302
265.302
265.302
265.302
265.302
265.302
265.302
265.302
265.302
265.302
265.302
265.302
265.302
265.302
265.302
265.302
265.302
265.302
265.302
265.302
265.302
265.302
265.302
265.302
265.302
265.302
265.302
265.302
265.302
265.302
265.302
265.302
265.302
265.302
265.302
265.302
265.302
265.302
265.302
265.302
265.302
265.302
265.302
265.302
265.302
265.302
265.302
265.302
265.302
265.302
265.302
265.302
265.302
265.302
265.302
265.302
265.302
265.302
265.302
265.302
265.302
265.302
265.302
265.302
265.302
265.302
265.302
265.302
265.302
265.302
265.302
265.302
265.302
265.302
265.302
265.302
265.302
265.302
265.302
265.302
265.302
265.302
265.302
265.302
265.302
265.302
265.302
265.302
265.302
265.302
265.302
265.302
265.302
265.302
265.302
265.302
265.302
265.302
265.302
265.302
265.302
265.302
265.302
265.302
265.302
265.302
265.302
265.302
265.302
265.302
265.302
265.302
265.302
265.302
265.302
265.302
265.302
265.302
265.302
265.302
265.302
265.302
265.302
265.302
265.302
265.302
265.302
265.302
265.302
265.302
265.302
265.302
265.302
265.302
265.302
265.302
265.302
265.302
265.302
265.302
265.302
265.302
265.302
265.302
265.302
265.302
265.302
265.302
265.302
265.302
265.302
265.302
265.302
265.302
265.302
265.302
265.302
265.302
265.302
265.302
265.302
265.302
265.302
265.302
265.302
265.302
265.302
265.302
265.302
265.302
265.302
265.302
265.302
265.302
265.302
265.302
265.302
265.302
265.302
265.302
265.302
265.302
265.302
265.302
265.302
265.302
265.302
265.302
265.302
265.302
265.302
265.302
265.302
265.302
265.302
265.302
265.302
265.302
265.302
265.302
265.302
265.302
265.302
265.302
265.302
265.302
265.302
265.302
265.302
265.302
265.302
265.302
265.302
265.302
265.302
265.302
265.302
265.302
265.302
265.302
265.302
265.302
265.302
265.302
265.302
265.302
265.302
265.302
265.302
265.302
265.302
265.302
265.302
265.302
265.302
265.302
265.302
265.302
265.302
265.302
265.302
265.302
265.302
265.302
265.302
265.302
265.302
265.302
265.302
265.302
265.302
265.302
265.302
265.302
265.302
265.302
265.302
265.302
265.302
265.302
265.302
265.302
265.302
265.302
265.302
265.302
265.302
265.302
265.302
265.302
265.302
265.302
265.302
265.302
265.302
265.302
265.302
265.302
265.302
265.302
265.302
265.302
265.302
265.302
265.302
265.302
265.302
265.302
265.302
265.302
265.302
265.302
265.302
265.302
265.302
265.302
265.302
265.302
265.302
265.302
265.302
265.302
265.302
265.302
265.302
265.302
265.302
265.302
265.302
265.302
265.302
265.302
265.302
265.302
265.302
265.302
265.302
265.302
265.302
265.302
265.302
265.302
265.302
265.302
265.302
265.302
265.302
265.302
265.302
265.302
265.302
265.302
265.302
265.302
265.302
265.302
265.302
265.302
265.302
265.302
265.302
265.302
265.302
265.302
265.302
265.302
265.302
265.302
265.302
265.302
265.302
265.302
265.302
265.302
265.302
265.302
265.302
265.302
265.302
265.302
265.302
265.302
265.302
265.302
265.302
265.302
265.302
265.302
265.302
265.302
265.302
265.302
265.302
265.302
265.302
265.302
265.302
265.302
265.302
265.302
265.302
265.302
265.302
265.302
265.302
265.302
265.302
265.302
265.302
265.302
265.302
265.302
265.302
265.302
265.302
265.302
265.302
265.302
265.302
265.302
265.302
265.302
265.302
265.302
265.302
265.302
265.302
265.302
265.302
265.302
265.302
265.302
265.302
265.302
265.302
265.302
265.302
265.302
265.302
265.302
265.302
265.302
265.302
265.302
265.302
265.302
265.302
265.302
265.302
265.302
265.302
265.302
265.302
265.302
265.302
265.302
265.302
265.302
265.302
265.302
265.302
265.302
265.302
265.302
265.302
265.302
265.302
265.302
265.302
265.302
265.302
265.302
265.302
265.302
265.302
265.302
265.302
265.302
265.302
265.302
265.302
265.302
265.302
265.302
265.302
265.302
265.302
265.302
265.302
265.302
265.302
265.302
265.302
265.302
265.302
265.302
265.302
265.302
265.302
265.302
265.302
265.302
265.302
265.302
265.302
265.302
265.302
265.302
265.302
265.302
265.302
265.302
265.302
265.302
265.302
265.302
265.302
265.302
265.302
265.302
265.302
265.302
265.302
265.302
265.302
265.302
265.302
265.302
265.302
265.302
265.302
265.302
265.302
265.302
265.302
265.302
265.302
265.302
265.302
265.302
265.302
265.302
265.302
265.302
265.302
265.302
265.302
265.302
265.302
265.302
265.302
265.302
265.302
265.302
265.302
265.302
265.302
265.302
265.302
265.302
265.302
265.302
265.302
265.302
265.302
265.302
265.302
265.302
265.302
265.302
265.302
265.302
265.302
265.302
265.302
265.302
265.302
265.302
265.302
265.302
265.302
265.302
265.302
265.302
265.302
265.302
265.302
265.302
265.302
265.302
265.302
265.302
265.302
265.302
265.302
265.302
265.302
265.302
265.302
265.302
265.302
265.302
265.302
265.302
265.302
265.302
265.302
265.302
265.302
265.302
265.302
265.302
265.302
265.302
265.302
265.302
265.302
265.302
265.302
265.302
265.302
265.302
265.302
265.302
265.302
265.302
265.302
265.302
265.302
265.302
265.302
265.302
265.302
265.302
265.302
265.302
265.302
265.302
265.302
265.302
265.302
265.302
265.302
265.302
265.302
265.302
265.302
265.302
265.302
265.302
265.302
265.302
265.302
265.302
265.302
265.302
265.302
265.302
265.302
265.302
265.302
265.302
265.302
265.302
265.302
265.302
265.302
265.302
265.302
265.302
265.302
265.302
265.302
265.302
265.302
265.302
265.302
265.302
265.302
265.302
265.302
265.302
265.302
265.302
265.302
265.302
265.302
265.302
265.302
265.302
265.302
265.302
265.302
265.302
265.302
265.302
265.302
265.302
265.302
265.302
265.302
265.302
265.302
265.302
265.302
265.302
265.302
265.302
265.302
265.302
265.302
265.302
265.302
265.302
265.302
265.302
265.302
265.302
265.302
265.302
265.302
265.302
265.302
265.302
265.302
265.302
265.302
265.302
265.302
265.302
265.302
265.302
265.302
265.302
265.302
265.302
265.302
265.302
265.302
265.302
265.302
265.302
265.302
265.302
265.302
265.302
265.302
265.302
265.302
265.302
265.302
265.302
265.302
265.302
265.302
265.302
265.302
265.302
265.302
265.302
265.302
265.302
265.302
265.302
265.302
265.302
265.302
265.302
265.302
265.302
265.302
265.302
265.302
265.302
265.302
265.302
265.302
265.302
265.302
265.302
265.302
265.302
265.302
265.302
265.302
265.302
265.302
265.302
265.302
265.302
265.302
265.302
265.302
265.302
265.302
265.302
265.302
265.302
265.302
265.302
265.302
265.302
265.302
265.302
265.302
265.302
265.302
265.302
265.302
265.302
265.302
265.302
265.302
265.302
265.302
265.302
265.302
265.302
265.302
265.302
265.302
265.302
265.302
265.302
265.302
265.302
265.302
265.302
265.302
265.302
265.302
265.302
265.302
265.302
265.302
265.302
265.302
265.302
265.302
265.302
265.302
265.302
265.302
265.302
265.302
265.302
265.302
265.302
265.302
265.302
265.302
265.302
265.302
265.302
265.302
265.302
265.302
265.302
265.302
265.302
265.302
265.302
265.302
265.302
265.302
265.302
265.302
265.302
265.302
265.302
265.302
265.302
265.302
265.302
265.302
265.302
265.302
265.302
265.302
265.302
265.302
265.302
265.302
265.302
265.302
265.302
265.302
265.302
265.302
265.302
265.302
265.302
265.302
265.302
265.302
265.302
265.302
265.302
265.302
265.302
265.302
265.302
265.302
265.302
265.302
265.302
265.302
265.302
265.302
265.302
265.302
265.302
265.302
265.302
265.302
265.302
265.302
265.302
265.302
265.302
265.302
265.302
265.302
265.302
265.302
265.302
265.302
265.302
265.302
265.302
265.302
265.302
265.302
265.302
265.302
265.302
265.302
265.302
265.302
265.302
265.302
265.302
265.302
265.302
265.302
265.302
265.302
265.302
265.302
265.302
265.302
265.302
265.302
265.302
265.302
265.302
265.302
265.302
265.302
265.302
265.302
265.302
265.302
265.302
265.302
265.302
265.302
265.302
265.302
265.302
265.302
265.302
265.302
265.302
265.302
265.302
265.302
265.302
265.302
265.302
265.302
265.302
265.302
265.302
265.302
265.302
265.302
265.302
265.302
265.302
265.302
265.302
265.302
265.302
265.302
265.302
265.302
265.302
265.302
265.302
265.302
265.302
265.302
265.302
265.302
265.302
265.302
265.302
265.302
265.302
265.302
265.302
265.302
265.302
265.302
265.302
265.302
265.302
265.302
265.302
265.302
265.302
265.302
265.302
265.302
265.302
265.302
265.302
265.302
265.302
265.302
265.302
265.302
265.302
265.302
265.302
265.302
265.302
265.302
265.302
265.302
265.302
265.302
265.302
265.302
265.302
265.302
265.302
265.302
265.302
265.302
265.302
265.302
265.302
265.302
265.302
265.302
265.302
265.302
265.302
265.302
265.302
265.302
265.302
265.302
265.302
265.302
265.302
265.302
265.302
265.302
265.302
265.302
265.302
265.302
265.302
265.302
265.302
265.302
265.302
265.302
265.302
265.302
265.302
265.302
265.302
265.302
265.302
265.302
265.302
265.302
265.302
265.302
265.302
265.302
265.302
265.302
265.302
265.302
265.302
265.302
265.302
265.302
265.302
265.302
265.302
265.302
265.302
265.302
265.302
265.302
265.302
265.302
265.302
265.302
265.302
265.302
265.302
265.302
265.302
265.302
265.302
265.302
265.302
265.302
265.302
265.302
265.302
265.302
265.302
265.302
265.302
265.302
265.302
265.302
265.302
265.302
265.302
265.302
265.302
265.302
265.302
265.302
265.302
265.302
265.302
265.302
265.302
265.302
265.302
265.302
265.302
265.302
265.302
265.302
265.302
265.302
265.302
265.302
265.302
265.302
265.302
265.302
265.302
265.302
265.302
265.302
265.302
265.302
265.302
265.302
265.302
265.302
265.302
265.302
265.302
265.302
265.302
265.302
265.302
265.302
265.302
265.302
265.302
265.302
265.302
265.302
265.302
265.302
265.302
265.302
265.302
265.302
265.302
265.302
265.302
265.302
265.302
265.302
265.302
265.302
265.302
265.302
265.302
265.302
265.302
265.302
265.302
265.302
265.302
265.302
265.302
265.302
265.302
265.302
265.302
265.302
265.302
265.302
265.302
265.302
265.302
265.302
265.302
265.302
265.302
265.302
265.302
265.302
265.302
265.302
265.302
265.302
265.302
265.302
265.302
265.302
265.302
265.302
265.302
265.302
265.302
265.302
265.302
265.302
265.302
265.302
265.302
265.302
265.302
265.302
265.302
265.302
265.302
265.302
265.302
265.302
265.302
265.302
265.302
265.302
265.302
265.302
265.302
265.302
265.302
265.302
265.302
265.302
265.302
265.302
265.302
265.302
265.302
265.302
265.302
265.302
265.302
265.302
265.302
265.302
265.302
265.302
265.302
265.302
265.302
265.302
265.302
265.302
265.302
265.302
265.302
265.302
265.302
265.302
265.302
265.302
265.302
265.302
265.302
265.302
265.302
265.302
265.302
265.302
265.302
265.302
265.302
265.302
265.302
265.302
265.302
265.302
265.302
265.302
265.302
265.302
265.302
265.302
265.302
265.302
265.302
265.302
265.302
265.302
265.302
265.302
265.302
265.302
265.302
265.302
265.302
265.302
265.302
265.302
265.302
265.302
265.302
265.302
265.302
265.302
265.302
265.302
265.302
265.302
265.302
265.302
265.302
265.302
265.302
265.302
265.302
265.302
265.302
265.302
265.302
265.302
265.302
265.302
265.302
265.302
265.302
265.302
265.302
265.302
265.302
265.302
265.302
265.302
265.302
265.302
265.302
265.302
265.302
265.302
265.302
265.302
265.302
265.302
265.302
265.302
265.302
265.302
265.302
265.302
265.302
265.302
265.302
265.302
265.302
265.302
265.302
265.302
265.302
265.302
265.302
265.302
265.302
265.302
265.302
265.302
265.302
265.302
265.302
265.302
265.302
265.302
265.302
265.302
265.302
265.302
265.302
265.302
265.302
265.302
265.302
265.302
265.302
265.302
265.302
265.302
265.302
265.302
265.302
265.302
265.302
265.302
265.302
265.302
265.302
265.302
265.302
265.302
265.302
265.302
265.302
265.302
265.302
265.302
265.302
265.302
265.302
265.302
265.302
265.302
265.302
265.302
265.302
265.302
265.302
265.302
265.302
265.302
265.302
265.302
265.302
265.302
265.302
265.302
265.302
265.302
265.302
265.302
265.302
265.302
265.302
265.302
265.302
265.302
265.302
265.302
265.302
265.302
265.302
265.302
265.302
265.302
265.302
265.302
265.302
265.302
265.302
265.302
265.302
265.302
265.302
265.302
265.302
265.302
265.302
265.302
265.302
265.302
265.302
265.302
265.302
265.302
265.302
265.302
265.302
265.302
265.302
265.302
265.302
265.302
265.302
265.302
265.302
265.302
265.302
265.302
265.302
265.302
265.302
265.302
265.302
265.302
265.302
265.302
265.302
265.302
265.302
265.302
265.302
265.302
265.302
265.302
265.302
265.302
265.302
265.302
265.302
265.302
265.302
265.302
265.302
265.302
265.302
265.302
265.302
265.302
265.302
265.302
265.302
265.302
265.302
265.302
265.302
265.302
265.302
265.302
265.302
265.302
265.302
265.302
265.302
265.302
