60062.2
53104.6
47288.8
43520.3
38535.5
34882.2
32531.7
29711.9
27444.8
24148.7
22881.5
21068.1
19350
17597.5
16598.7
15128.5
13989.2
12603.9
11984.1
11030.2
10050.9
9246.34
8368.92
7778.92
7165.86
6560.5
6198.38
5754.88
5266.78
4722.56
4356.86
4126.76
3830.76
3512.44
3303.22
2977.02
2774.74
2552.42
2399.68
2212.02
2105.94
1904.36
1738.9
1619.12
1500.18
1396.12
1289.26
1214.6
1143.14
1049.86
975.5
888.12
819.78
770.78
716.62
676.06
630.04
576.88
519.74
481.54
447.28
422.22
386.5
360.32
335.72
310.48
290.78
269.32
250.76
236.66
215.34
200.34
188.92
176.2
163.28
154.68
142.44
134.52
125.68
116.06
108.8
100.68
92.48
84.96
79.2
73.36
68.08
63.94
60.8
57
53.68
50.18
47.26
45.02
42.36
40.18
37.7
34.82
33.14
31.26
