1.51016
80.9264
78.2939
76.4718
73.5014
72.2422
71.2202
69.5289
67.6462
65.5711
64.616
63.0167
61.2739
59.8027
58.7014
57.6164
56.4997
55.5032
54.8589
53.5899
52.7677
51.7458
50.8227
50.028
48.7288
47.3517
46.8744
46.0802
44.8781
43.7898
42.9621
41.8776
40.7853
40.0365
39.3
38.9907
38.2027
37.8534
37.3058
36.6065
35.6931
35.0011
34.4056
33.5237
32.9206
32.5242
32.1547
31.4676
30.7371
30.2211
29.8854
29.4799
28.7718
28.3848
27.7405
27.1893
26.945
26.5876
26.1877
25.4763
25.0674
24.6743
24.1927
23.775
23.1684
22.9879
22.6897
22.3345
21.9815
21.6273
21.3516
21.1162
20.8062
20.4396
20.1585
19.8133
19.5468
19.2522
19.014
18.5346
18.2874
18.1108
17.7108
17.4334
17.2479
16.9418
16.812
16.5375
16.356
16.2106
16.074
15.903
15.7112
15.4378
15.2449
15.0455
14.9195
14.8109
14.6154
14.4754
14.3348
14.1872
14.0322
13.8604
13.7867
13.6731
13.5838
13.4373
13.3103
13.202
13.0698
12.9865
12.8826
12.7901
12.7061
12.5857
12.4708
12.3759
12.3072
12.209
12.1453
12.063
11.9772
11.8357
11.7577
11.6497
11.5598
11.5019
11.3968
11.3112
11.2264
11.151
11.1029
11.0125
10.9473
10.8626
10.7683
10.7096
10.6375
10.5528
10.5071
10.4345
10.3424
10.2774
10.2083
10.1383
10.0885
10.0377
10.0022
9.95687
9.88163
9.83996
9.80304
9.74653
9.6807
9.6362
9.60001
9.5299
9.46188
9.42768
9.35614
9.31057
9.27303
9.23272
9.17912
9.13024
9.08458
9.05074
9.02411
8.99419
8.96783
8.93881
8.89039
8.85047
8.82873
8.79681
8.75636
8.71855
8.6684
8.63271
8.61393
8.56699
8.53925
8.50245
8.4747
8.44845
8.41412
8.38129
8.35811
8.32699
8.30028
8.27785
8.23739
8.20672
8.183
8.15216
8.12383
8.10369
8.08061
8.05155
8.02307
8.00008
7.98035
7.96155
7.92291
7.89826
7.8701
7.85947
7.84119
7.81987
7.78958
7.75918
7.7411
7.71925
7.69725
7.67343
7.65951
7.63428
7.62012
7.5962
7.57473
7.55708
7.5351
7.51043
7.49409
7.48166
7.45777
7.44318
7.42823
7.40789
7.39352
7.37965
7.36569
7.35405
7.339
7.32097
7.30994
7.29791
7.27885
7.25837
7.24486
7.23239
7.21761
7.20568
7.19377
7.18122
7.16759
7.15651
7.13886
7.12906
7.11004
7.10055
7.08957
7.08092
7.06898
7.05585
7.03591
7.02299
7.009
6.99458
6.98201
6.97474
6.96539
6.95684
6.948
6.93199
6.92255
6.90709
6.89909
6.8858
6.87628
6.8672
6.85748
6.85032
6.83691
6.82902
6.81771
6.80918
6.79933
6.79127
6.78122
6.7689
6.76288
6.75687
6.74849
6.74115
6.73088
6.72117
6.71005
6.70184
6.6921
6.68326
6.67718
6.67199
6.66116
6.65236
6.64526
6.64129
6.63406
6.62859
6.62257
6.61202
6.60632
6.60014
6.59603
6.58721
6.58097
6.57202
6.56247
6.55719
6.54626
6.53842
6.53278
6.5242
6.52111
6.51286
6.50798
6.50275
6.49541
6.48697
6.48118
6.47505
6.46871
6.46282
6.45702
6.44759
6.44156
6.43684
6.43127
6.4228
6.41626
6.40894
6.40441
6.40081
6.39404
6.38961
6.38381
6.37739
6.36884
6.36437
6.36063
6.35466
6.34968
6.34318
6.33506
6.33044
6.32486
6.31999
6.31446
6.30842
6.30403
6.29781
6.29364
6.2879
6.28321
6.27975
6.27573
6.27051
6.26514
6.25991
6.25402
6.24858
6.24266
6.23886
6.23275
6.22468
6.21955
6.2141
6.20892
6.20337
6.19836
6.19214
6.18743
6.17977
6.17399
6.17013
6.16097
6.15887
6.15322
6.14871
6.14517
6.14161
6.1316
6.12789
6.12424
6.11989
6.11628
6.10983
6.10383
6.09938
6.09232
6.08941
6.08637
6.08145
6.07751
6.07397
6.06673
6.06357
6.06032
6.05672
6.05315
6.04975
6.04638
6.04226
6.04032
6.03612
6.02944
6.02551
6.02026
6.01456
6.01165
6.00944
6.00353
6.00155
5.99769
5.9924
5.98796
5.98473
5.98142
5.97779
5.97303
5.96906
5.96523
5.96215
5.95694
5.95388
5.95214
5.94868
5.94339
5.94078
5.93691
5.93311
5.93033
5.92753
5.92466
5.92229
5.91786
5.91427
5.9104
5.90599
5.9027
5.90018
5.8965
5.89346
5.88963
5.88523
5.88272
5.87975
5.87555
5.87261
5.871
5.86785
5.86491
5.86203
5.85964
5.85677
5.85415
5.85244
5.85021
5.84761
5.8438
5.84006
5.83713
5.83331
5.8316
5.82986
5.82728
5.82486
5.82315
5.82048
5.81701
5.81353
5.81181
5.80769
5.8042
5.80155
5.79918
5.79578
5.79278
5.78912
5.78723
5.78444
5.78161
5.77983
5.77713
5.7739
5.77074
5.76808
5.76552
5.76244
5.75913
5.7567
5.75489
5.75243
5.75088
5.74623
5.74421
5.74255
5.7396
5.73565
5.73303
5.73084
5.72956
5.72707
5.72543
5.72343
5.72198
5.71935
5.71721
5.71508
5.71279
5.70896
5.70651
5.70421
5.70116
5.69866
5.69656
5.69453
5.69202
5.68991
5.68815
5.68504
5.68377
5.68201
5.68006
5.67788
5.67523
5.67241
5.66937
5.66739
5.66495
5.66142
5.65885
5.65641
5.6536
5.65024
5.64734
5.64469
5.64204
5.64028
5.63885
5.63689
5.63423
5.63258
5.63077
5.62751
5.62471
5.62143
5.61983
5.61709
5.61578
5.61354
5.61109
5.60941
5.60752
5.60606
5.6044
5.60237
5.60085
5.59943
5.59693
5.59529
5.59276
5.59129
5.58984
5.5891
5.58751
5.58582
5.58372
5.58263
5.58061
5.57906
5.57763
5.57557
5.57362
5.57112
5.56914
5.56604
5.56494
5.56326
5.56111
5.55911
5.55737
5.55456
5.55328
5.55103
5.54911
5.54706
5.54499
5.54271
5.54072
5.53873
5.53601
5.5348
5.53281
5.53122
5.52994
5.52866
5.52684
5.52512
5.52298
5.52203
5.52075
5.51892
5.51803
5.51673
5.51372
5.51167
5.51092
5.50883
5.5081
5.50677
5.50418
5.50275
5.50114
5.49988
5.49796
5.4959
5.49467
5.49258
5.4907
5.48932
5.48779
5.48596
5.48446
5.48215
5.48099
5.47969
5.47811
5.47648
5.47495
5.47337
5.47161
5.46959
5.46812
5.46688
5.46544
5.46431
5.4612
5.4599
5.45836
5.45696
5.4555
5.45429
5.45238
5.45039
5.44843
5.44706
5.44581
5.44399
5.44315
5.44125
5.43962
5.43819
5.43723
5.43555
5.43358
5.43294
5.43182
5.42975
5.42911
5.4272
5.42588
5.42435
5.42296
5.4214
5.42026
5.4185
5.41752
5.41658
5.41566
5.41428
5.41335
5.412
5.41095
5.40979
5.40797
5.40703
5.40592
5.40364
5.40254
5.40084
5.39904
5.39746
5.39663
5.3949
5.39319
5.39156
5.39036
5.38885
5.38741
5.38574
5.38423
5.38274
5.38075
5.37922
5.37799
5.37692
5.3752
5.37442
5.37353
5.37248
5.37138
5.37032
5.36873
5.36801
5.36729
5.36626
5.365
5.36363
5.36301
5.36229
5.36133
5.36056
5.3597
5.35866
5.35771
5.35666
5.35573
5.35435
5.35306
5.35137
5.34865
5.34697
5.34557
5.34414
5.34267
5.34131
5.34039
5.33915
5.33758
5.33613
5.33471
5.33366
5.33239
5.33177
5.33096
5.32966
5.32816
5.32757
5.32636
5.32513
5.32414
5.32334
5.32179
5.32074
5.31977
5.31853
5.31745
5.31666
5.31578
5.31467
5.31355
5.31217
5.31088
5.3097
5.30857
5.30765
5.30705
5.30641
5.30504
5.30389
5.30325
5.30263
5.30201
5.30042
5.29937
5.29808
5.29738
5.2962
5.29525
5.29448
5.29366
5.2922
5.29112
5.28973
5.28883
5.28794
5.28733
5.28654
5.28549
5.28442
5.28284
5.28135
5.28046
5.2798
5.27868
5.27776
5.27694
5.27578
5.2748
5.27361
5.27238
5.27129
5.27002
5.26892
5.26716
5.26625
5.26546
5.26472
5.26377
5.26314
5.26167
5.26086
5.25984
5.25899
5.25848
5.25764
5.25697
5.25604
5.25469
5.25356
5.25236
5.25082
5.24952
5.24866
5.24778
5.24671
5.24601
5.24484
5.24431
5.24338
5.24246
5.24196
5.24095
5.23968
5.23901
5.23791
5.23689
5.23573
5.23466
5.23348
5.23249
5.23103
5.22944
5.22858
5.22772
5.22671
5.22611
5.22529
5.22454
5.2237
5.22279
5.22209
5.2207
5.21999
5.21922
5.21873
5.2178
5.21651
5.21583
5.21464
5.21397
5.21287
5.21171
5.21084
5.21003
5.20916
5.20873
5.20825
5.20759
5.20671
5.20585
5.20492
5.20434
5.2033
5.2026
5.20177
5.20063
5.19979
5.19904
5.19833
5.19768
5.19688
5.19577
5.19473
5.19399
5.1933
5.19267
5.19109
5.19033
5.18937
5.18893
5.18778
5.18709
5.18637
5.1851
5.18411
5.18305
5.18176
5.18112
5.18043
5.1793
5.17806
5.17708
5.17625
5.17574
5.17483
5.17424
5.17366
5.17315
5.17244
5.17177
5.17106
5.1701
5.16954
5.16887
5.16837
5.16776
5.16707
5.16675
5.16574
5.16516
5.16402
5.16316
5.16249
5.16184
5.16132
5.16048
5.15975
5.15866
5.15815
5.15722
5.15677
5.15592
5.15527
5.15456
5.15356
5.15289
5.1524
5.15162
5.15091
5.14995
5.14946
5.14891
5.14829
5.14727
5.14666
5.14624
5.1453
5.14477
5.14436
5.14338
5.14279
5.14205
5.14125
5.1407
5.14011
5.13973
5.13903
5.13827
5.13754
5.13705
5.13648
5.13563
5.13518
5.13461
5.13415
5.13377
5.13336
5.13275
5.13224
5.1317
5.1314
5.1308
5.13028
5.1298
5.12928
5.1287
5.12813
5.12754
5.12713
5.12662
5.12636
5.12587
5.1253
5.12462
5.124
5.12294
5.12244
5.12171
5.12085
5.12049
5.12012
5.11944
5.11909
5.11856
5.11805
5.1178
5.11694
5.1164
5.11596
5.11544
5.115
5.11448
5.11391
5.11346
5.11286
5.11247
5.11204
5.11162
5.11128
5.11087
5.11051
5.10995
5.10932
5.10898
5.10847
5.10814
5.10776
5.10737
5.10692
5.10644
5.10607
5.10567
5.10521
5.10481
5.10449
5.10426
5.10395
5.10333
5.10277
5.10253
5.10218
5.10193
5.1014
5.10094
5.10028
5.09998
5.09969
5.09941
5.09899
5.09845
5.09795
5.0974
5.09687
5.09663
5.09627
5.09588
5.0957
5.0955
5.09508
5.09465
5.09423
5.09381
5.09341
5.09288
5.09267
5.09228
5.09175
5.09115
5.09074
5.09038
5.0899
5.08962
5.08927
5.08894
5.0886
5.08813
5.0877
5.08722
5.08689
5.08666
5.08602
5.08561
5.08521
5.08485
5.08453
5.08412
5.08375
5.08335
5.0831
5.08281
5.08253
5.08225
5.08188
5.08141
5.0811
5.08069
5.08031
5.07989
5.07938
5.07863
5.07802
5.07729
5.07695
5.0765
5.07604
5.07565
5.07505
5.07448
5.07403
5.07346
5.07316
5.07264
5.07184
5.07158
5.07112
5.07044
5.07008
5.0698
5.06946
5.06901
5.06868
5.06846
5.06802
5.06757
5.06726
5.067
5.06661
5.06635
5.06588
5.06538
5.06498
5.06466
5.06444
5.06399
5.06368
5.0634
5.06317
5.06291
5.06261
5.06234
5.06203
5.06179
5.0613
5.06112
5.0609
5.06057
5.06024
5.0601
5.05989
5.05954
5.05923
5.05898
5.0587
5.05846
5.05824
5.05805
5.05787
5.05756
5.05738
5.05714
5.05689
5.05646
5.05616
5.05589
5.05528
5.05503
5.05464
5.05425
5.05396
5.05361
5.05335
5.05297
5.05276
5.05244
5.05212
5.05192
5.05161
5.05134
5.05119
5.05078
5.05046
5.05016
5.04978
5.0496
5.0493
5.04904
5.04875
5.0483
5.04789
5.04769
5.04738
5.04699
5.04677
5.04638
5.04606
5.04583
5.04543
5.04491
5.04446
5.04367
5.04333
5.04317
5.04279
5.04244
5.04217
5.04188
5.04169
5.04135
5.04075
5.04045
5.04017
5.0399
5.03971
5.03941
5.03908
5.03877
5.0384
5.0383
5.038
5.03772
5.03741
5.03695
5.03669
5.0363
5.03583
5.03556
5.03514
5.03483
5.03443
5.03396
5.03347
5.03316
5.03286
5.03258
5.03215
5.03166
5.03133
5.03093
5.03046
5.02996
5.02946
5.02919
5.02863
5.0283
5.02799
5.02761
5.02725
5.02683
5.0263
5.02599
5.02562
5.02534
5.02504
5.02483
5.02447
5.02409
5.02372
5.02338
5.02314
5.02294
5.02269
5.02241
5.022
5.02171
5.02159
5.02131
5.02107
5.02089
5.02067
5.0204
5.02016
5.01996
5.01978
5.01961
5.01924
5.01906
5.01888
5.01865
5.01841
5.01822
5.01803
5.01777
5.0176
5.01738
5.01704
5.01672
5.0164
5.01621
5.01597
5.01578
5.01563
5.01537
5.01511
5.01488
5.01465
5.01436
5.01411
5.01388
5.01363
5.01345
5.01314
5.01296
5.0128
5.01253
5.01224
5.01201
5.01177
5.01138
5.01114
5.0109
5.01062
5.01034
5.00992
5.00939
5.00917
5.00888
5.0086
5.00833
5.00771
5.00715
5.00686
5.00656
5.00627
5.00607
5.00572
5.00536
5.00497
5.00455
5.00405
5.00383
5.0036
5.00317
5.00305
5.00288
5.00261
5.00246
5.00213
5.00191
5.00171
5.00145
5.00108
5.0009
5.00068
5.00053
5.00031
5.00004
4.99977
4.99934
4.99914
4.99858
4.99832
4.99811
4.9979
4.99753
4.99724
4.99674
4.99648
4.99621
4.99585
4.99564
4.99541
4.99506
4.99489
4.99452
4.99426
4.99392
4.99357
4.99337
4.99319
4.99289
4.9926
4.9924
4.99212
4.99185
4.99149
4.99129
4.99111
4.99085
4.99059
4.99037
4.99003
4.98978
4.98958
4.98934
4.98902
4.98876
4.98859
4.9883
4.98806
4.98776
4.98749
4.98725
4.98701
4.98674
4.98621
4.98588
4.98554
4.98513
4.9846
4.98419
4.98385
4.98358
4.98327
4.98291
4.98263
4.98216
4.98168
4.98117
4.98081
4.98034
4.98001
4.97938
4.97904
4.97836
4.97797
4.97771
4.97742
4.977
4.97667
4.97641
4.97609
4.97577
4.97547
4.97518
4.97465
4.97432
4.97371
4.97353
4.97306
4.97275
4.97227
4.97194
4.97156
4.97136
4.9711
4.97065
4.97016
4.96986
4.96927
4.96907
4.96885
4.96837
4.96792
4.9675
4.9671
4.96668
4.96625
4.96598
4.96567
4.96541
4.9651
4.96486
4.96451
4.96419
4.96391
4.96369
4.96344
4.96316
4.96294
4.96276
4.96245
4.96218
4.96197
4.96175
4.96138
4.96114
4.9607
4.96046
4.96016
4.95988
4.95961
4.95938
4.95914
4.95881
4.9585
4.95823
4.95804
4.95782
4.95749
4.95729
4.95703
4.95677
4.95637
4.9561
4.95587
4.95555
4.95521
4.95491
4.95453
4.95419
4.95365
4.95331
4.95295
4.95265
4.95219
4.95182
4.95156
4.95131
4.95078
4.95048
4.95013
4.94967
4.94922
4.94883
4.9485
4.94808
4.94783
4.94732
4.94687
4.94655
4.94608
4.94564
4.9453
4.94488
4.94454
4.94413
4.94388
4.94312
4.94287
4.94244
4.94182
4.94153
4.94127
4.94087
4.94061
4.94031
4.9399
4.93954
4.93924
4.93898
4.93847
4.93823
4.93773
4.93736
4.93696
4.93635
4.93599
4.9355
4.93485
4.93463
4.93433
4.93397
4.93343
4.93294
4.93263
4.93224
4.93171
4.93126
4.93071
4.93037
4.93009
4.92987
4.92964
4.92927
4.92894
4.92868
4.92824
4.92797
4.92759
4.9273
4.927
4.92662
4.92641
4.92609
4.92572
4.92548
4.92507
4.92476
4.9245
4.92409
4.92382
4.92357
4.92335
4.92312
4.92291
4.92254
4.92224
4.92198
4.92154
4.92124
4.92101
4.92066
4.9203
4.91999
4.9196
4.91942
4.91901
4.91864
4.91831
4.91799
4.91778
4.91756
4.91721
4.91697
4.91658
4.91626
4.91596
4.91555
4.91517
4.9149
4.91463
4.91439
4.91411
4.91389
4.91357
4.91318
4.91299
4.91269
4.91237
4.91219
4.91198
4.91162
4.91141
4.91104
4.9105
4.91014
4.90984
4.90955
4.90919
4.90873
4.90844
4.90823
4.90793
4.90757
4.90727
4.9071
4.90676
4.90637
4.90614
4.90589
4.90577
4.90538
4.90509
4.90474
4.90449
4.90409
4.9037
4.90337
4.9028
4.90257
4.90231
4.90213
4.90186
4.90155
4.90124
4.90084
4.90032
4.89984
4.89962
4.8993
4.89918
4.89884
4.89866
4.89843
4.89817
4.89786
4.89758
4.89724
4.89672
4.89627
4.89609
4.89586
4.89561
4.89528
4.8949
4.89469
4.8944
4.89419
4.89401
4.89383
4.89363
4.89338
4.89311
4.89296
4.89278
4.89259
4.89247
4.8922
4.8919
4.89164
4.89145
4.89113
4.89085
4.8907
4.89035
4.88998
4.88965
4.88929
4.88893
4.88869
4.88831
4.88774
4.88744
4.8867
4.88629
4.88601
4.88549
4.8852
4.88469
4.88439
4.8839
4.88351
4.88319
4.88277
4.88251
4.88171
4.88134
4.88121
4.88077
4.88061
4.8804
4.88019
4.87979
4.87918
4.87895
4.87841
4.8782
4.87799
4.87781
4.87729
4.87691
4.87651
4.8762
4.87558
4.87539
4.87517
4.87424
4.87366
4.87346
4.87317
4.87291
4.87248
4.87224
4.87175
4.87145
4.87128
4.87095
4.87054
4.87035
4.8701
4.8698
4.86949
4.8693
4.86911
4.86876
4.86846
4.86818
4.86788
4.86761
4.86739
4.86689
4.86671
4.86634
4.86614
4.86578
4.86558
4.86513
4.86481
4.86451
4.86423
4.86385
4.86354
4.86315
4.86259
4.86233
4.86208
4.86184
4.8614
4.86123
4.86101
4.86087
4.86062
4.86052
4.86035
4.86011
4.85963
4.85938
4.85909
4.8588
4.85838
4.85813
4.85784
4.85758
4.85731
4.85698
4.85672
4.85645
4.85583
4.85566
4.8552
4.85493
4.85446
4.85396
4.85382
4.85358
4.85334
4.85301
4.85281
4.85255
4.85225
4.85187
4.85164
4.85109
4.85079
4.85042
4.84992
4.84972
4.84903
4.84881
4.84866
4.84827
4.84787
4.84763
4.84722
4.84682
4.84657
4.84628
4.84612
4.84571
4.84524
4.84501
4.84482
4.8446
4.84417
4.84365
4.84343
4.84328
4.84306
4.84272
4.84249
4.8422
4.84195
4.84172
4.84145
4.84122
4.84112
4.84077
4.84053
4.84035
4.84016
4.83984
4.83962
4.8395
4.83917
4.83886
4.83867
4.83843
4.83833
4.83815
4.83787
4.83759
4.83725
4.8371
4.83664
4.83638
4.83602
4.83587
4.8356
4.83531
4.83506
4.83473
4.83447
4.83431
4.83403
4.83387
4.83365
4.83331
4.8331
4.83287
4.83257
4.83238
4.83205
4.83182
4.83148
4.83107
4.83078
4.83032
4.83002
4.82992
4.8297
4.8294
4.82925
4.82905
4.82883
4.82852
4.82831
4.82803
4.82779
4.82733
4.82693
4.82672
4.82632
4.82602
4.82566
4.82538
4.82526
4.82507
4.82466
4.82412
4.82336
4.82296
4.82275
4.82218
4.82201
4.82176
4.82144
4.82122
4.82099
4.82077
4.82054
4.82031
4.82017
4.8201
4.81987
4.81947
4.81919
4.81907
4.81893
4.81846
4.81821
4.81782
4.81756
4.81701
4.81664
4.81642
4.81617
4.81573
4.81545
4.81514
4.8149
4.81455
4.81421
4.81399
4.81375
4.81357
4.81331
4.81305
4.81281
4.81264
4.81242
4.81214
4.8118
4.81149
4.81126
4.81095
4.81075
4.81048
4.81037
4.81018
4.80974
4.80946
4.8092
4.80883
4.80839
4.80786
4.80746
4.80709
4.80678
4.80632
4.80595
4.80562
4.80529
4.80501
4.8047
4.80439
4.80395
4.80333
4.803
4.80286
4.80259
4.80231
4.80195
4.80173
4.80159
4.80132
4.80113
4.80082
4.80066
4.80031
4.80008
4.79987
4.79964
4.7994
4.79922
4.7989
4.79841
4.79771
4.79735
4.79717
4.79694
4.79656
4.79627
4.79568
4.79541
4.79495
4.79469
4.79451
4.7942
4.79402
4.79374
4.79341
4.79302
4.79267
4.79243
4.79213
4.79191
4.7914
4.79108
4.7908
4.79049
4.79022
4.78968
4.78942
4.78927
4.7891
4.78892
4.78866
4.78838
4.78819
4.7878
4.78735
4.78681
4.78641
4.78596
4.78528
4.78501
4.78432
4.78381
4.78345
4.78264
4.78222
4.7818
4.78157
4.78112
4.78079
4.78057
4.7803
4.78006
4.77969
4.77903
4.7786
4.77836
4.77804
4.77752
4.77741
4.77715
4.77693
4.77664
4.77642
4.77618
4.77592
4.77569
4.7754
4.77511
4.77482
4.77447
4.7743
4.77382
4.77353
4.77336
4.77284
4.77273
4.77255
4.77228
4.77196
4.77171
4.77158
4.77123
4.77101
4.77082
4.77063
4.77045
4.77013
4.76986
4.76956
4.76924
4.76885
4.76863
4.7684
4.76814
4.76786
4.76755
4.76721
4.7668
4.76648
4.7661
4.76585
4.76548
4.76524
4.76489
4.76443
4.76409
4.76394
4.7637
4.76334
4.7632
4.7629
4.76261
4.7622
4.76192
4.76161
4.76137
4.7611
4.76078
4.76038
4.76009
4.75981
4.75965
4.7593
4.75884
4.75842
4.75818
4.75797
4.75764
4.75736
4.75711
4.75677
4.75633
4.75598
4.7557
4.75546
4.75512
4.75478
4.75438
4.75396
4.75379
4.75343
4.75323
4.75291
4.75273
4.75249
4.75218
4.75195
4.75171
4.75152
4.75126
4.75105
4.75083
4.75056
4.75036
4.75014
4.74992
4.74974
4.74948
4.74917
4.74888
4.74852
4.74826
4.74803
4.74766
4.74735
4.74707
4.74689
4.74671
4.7464
4.7461
4.74589
4.74567
4.74548
4.74519
4.745
4.7447
4.7444
4.74412
4.74391
4.74369
4.7435
4.74315
4.74294
4.74283
4.74251
4.74213
4.74186
4.74163
4.74137
4.74121
4.74099
4.74076
4.74062
4.74027
4.73997
4.73966
4.73948
4.73916
4.73881
4.73847
4.73832
4.73816
4.73794
4.73764
4.73744
4.7372
4.73694
4.73669
4.73642
4.73598
4.73579
4.73555
4.73524
4.73503
4.73478
4.73457
4.73428
4.73406
4.73378
4.73363
4.73339
4.73324
4.73308
4.73287
4.73268
4.7324
4.73219
4.732
4.73188
4.7316
4.73133
4.73095
4.73063
4.73039
4.73011
4.72984
4.72959
4.72935
4.72907
4.72885
4.72858
4.72827
4.72803
4.72783
4.72763
4.72712
4.72685
4.72666
4.72634
4.72615
4.72593
4.72563
4.7255
4.7251
4.72475
4.72444
4.72407
4.72374
4.72346
4.72321
4.72281
4.7227
4.72237
4.72209
4.7217
4.72147
4.72121
4.72091
4.7207
4.72024
4.71996
4.71945
4.71911
4.71883
4.71859
4.71783
4.71756
4.71699
4.71661
4.7163
4.71608
4.7156
4.7152
4.71501
4.71467
4.71445
4.71427
4.71411
4.71358
4.71324
4.71298
4.71273
4.71246
4.71211
4.71177
4.71138
4.71115
4.71096
4.71052
4.71033
4.70994
4.70959
4.70937
4.70908
4.70884
4.70856
4.70832
4.70797
4.70757
4.70725
4.70697
4.70666
4.70626
4.70587
4.70563
4.70521
4.70506
4.70476
4.70417
4.70398
4.70345
4.70316
4.70284
4.70231
4.70193
4.70154
4.70103
4.70079
4.70031
4.69984
4.6994
4.69915
4.69886
4.69843
4.69802
4.69757
4.69736
4.69683
4.69638
4.69604
4.6958
4.69543
4.69516
4.69474
4.69425
4.69406
4.69373
4.69359
4.69304
4.69279
4.69259
4.69238
4.69209
4.69157
4.6912
4.69087
4.69041
4.68998
4.68977
4.68948
4.6893
4.68903
4.68854
4.6882
4.68812
4.6878
4.68746
4.68707
4.68662
4.68627
4.68595
4.68542
4.68513
4.6848
4.68406
4.68338
4.68311
4.68279
4.68253
4.68207
4.68175
4.68145
4.68097
4.68065
4.68022
4.67973
4.67936
4.67905
4.67876
4.67844
4.67824
4.67796
4.67777
4.67738
4.67724
4.67697
4.67675
4.67637
4.67618
4.67595
4.67573
4.67545
4.67502
4.67465
4.67417
4.67367
4.67331
4.67312
4.67279
4.67256
4.67213
4.67179
4.67139
4.67118
4.67048
4.67014
4.66938
4.66922
4.66894
4.66832
4.66781
4.6675
4.66713
4.66626
4.66602
4.66573
4.66542
4.66508
4.66485
4.66458
4.66387
4.66372
4.66352
4.66323
4.66307
4.66279
4.66247
4.66203
4.66167
4.66144
4.6612
4.66097
4.66084
4.6605
4.66025
4.66001
4.65971
4.65912
4.65888
4.65856
4.65836
4.65802
4.65763
4.65737
4.65706
4.65663
4.65652
4.65629
4.65608
4.65559
4.6554
4.65527
4.65512
4.65491
4.65471
4.65451
4.65417
4.65384
4.65366
4.65341
4.65318
4.65287
4.65262
4.65238
4.65224
4.65211
4.65184
4.65168
4.65144
4.65123
4.65108
4.65088
4.65067
4.65043
4.65024
4.6501
4.64996
4.6498
4.64958
4.6495
4.64932
4.64919
4.64907
4.64889
4.64866
4.64847
4.64828
4.6481
4.64798
4.64767
4.64741
4.64725
4.64696
4.64672
4.64657
4.64644
4.64626
4.64606
4.64581
4.64566
4.6454
4.64523
4.6451
4.64495
4.64482
4.64457
4.64443
4.64424
4.64401
4.64377
4.64359
4.64339
4.64322
4.64307
4.64293
4.64262
4.64245
4.6422
4.64203
4.64195
4.64179
4.64165
4.64141
4.64124
4.64109
4.64084
4.64064
4.64044
4.64025
4.64008
4.63985
4.63975
4.63956
4.63928
4.63914
4.63896
4.63873
4.63856
4.6384
4.63819
4.63795
4.63768
4.63751
4.63729
4.63702
4.63683
4.63654
4.63632
4.63611
4.63594
4.63561
4.63545
4.63511
4.63489
4.63465
4.63453
4.63431
4.63408
4.63387
4.63373
4.63365
4.63342
4.63314
4.63305
4.63281
4.63257
4.63241
4.63222
4.63192
4.63177
4.63162
4.63137
4.6312
4.63103
4.63076
4.63056
4.63028
4.63011
4.63003
4.62983
4.62963
4.62942
4.62924
4.62886
4.62868
4.62843
4.62814
4.62792
4.62781
4.62757
4.6274
4.62721
4.62706
4.62689
4.62661
4.62637
4.62617
4.62578
4.62556
4.62526
4.62499
4.6248
4.62435
4.62413
4.62377
4.62344
4.62304
4.62282
4.6226
4.62216
4.62163
4.62147
4.62126
4.62115
4.62087
4.62069
4.62045
4.62015
4.61986
4.61972
4.61947
4.61922
4.61899
4.61862
4.61844
4.61817
4.61797
4.61786
4.61767
4.61748
4.6172
4.61698
4.61666
4.61647
4.61613
4.61589
4.61557
4.61534
4.61504
4.61445
4.61428
4.61399
4.61376
4.61344
4.61322
4.613
4.61284
4.6126
4.61237
4.61227
4.61202
4.61173
4.61142
4.61101
4.61077
4.61054
4.61034
4.61017
4.60995
4.6095
4.60935
4.60903
4.60878
4.60859
4.60839
4.60821
4.60794
4.60763
4.60733
4.60719
4.60705
4.60689
4.60663
4.60625
4.6061
4.60567
4.60536
4.60482
4.60466
4.60452
4.60418
4.60398
4.60377
4.6036
4.60346
4.60303
4.60281
4.60253
4.60229
4.60218
4.60192
4.60179
4.60158
4.60112
4.60085
4.60068
4.60042
4.60012
4.59993
4.59966
4.59931
4.59912
4.59889
4.59863
4.59847
4.59802
4.5978
4.59771
4.59754
4.59724
4.59694
4.59658
4.59628
4.59599
4.59582
4.59561
4.59525
4.59471
4.59456
4.59393
4.59309
4.59291
4.5928
4.59263
4.59209
4.592
4.59173
4.59151
4.59127
4.59087
4.59065
4.59045
4.59016
4.58966
4.58955
4.58928
4.58903
4.58866
4.58854
4.58799
4.58781
4.58689
4.58668
4.58592
4.58492
4.58477
4.58469
4.58453
4.58429
4.58411
4.58403
4.58381
4.58354
4.5834
4.58319
4.58292
4.58282
4.58248
4.58222
4.58197
4.58175
4.58161
4.5815
4.58125
4.58107
4.58074
4.58045
4.58019
4.57964
4.57946
4.57933
4.57915
4.57899
4.57866
4.57828
4.57806
4.57785
4.57761
4.57747
4.57728
4.57685
4.57673
4.57648
4.57616
4.57601
4.57585
4.57576
4.57539
4.57519
4.57496
4.57464
4.57439
4.5742
4.57388
4.57366
4.57354
4.5734
4.57325
4.57311
4.57297
4.57291
4.57282
4.5727
4.57247
4.57231
4.57213
4.57202
4.57183
4.57169
4.57153
4.57141
4.57124
4.5711
4.57096
4.5708
4.57071
4.57049
4.57031
4.57023
4.57003
4.56974
4.56961
4.56953
4.56939
4.5692
4.56912
4.56894
4.56874
4.5686
4.56844
4.56833
4.56821
4.5681
4.56795
4.56778
4.56764
4.56751
4.56737
4.56721
4.56708
4.56697
4.56684
4.56666
4.56649
4.56621
4.56603
4.56581
4.5656
4.56536
4.56522
4.56502
4.56491
4.56471
4.5646
4.56432
4.56418
4.56405
4.56386
4.56373
4.56351
4.56334
4.56319
4.56302
4.56287
4.56268
4.5626
4.56252
4.56237
4.56218
4.56209
4.56193
4.56178
4.56163
4.56143
4.56125
4.56108
4.56088
4.56057
4.56034
4.56012
4.55998
4.55982
4.5596
4.55948
4.55939
4.55916
4.55887
4.55872
4.55849
4.55822
4.55811
4.55801
4.55795
4.55781
4.5576
4.55739
4.55725
4.55713
4.55697
4.55674
4.55655
4.5564
4.55625
4.55603
4.55594
4.55572
4.55562
4.55547
4.55533
4.55517
4.55506
4.55489
4.55475
4.55448
4.55438
4.55427
4.55411
4.55392
4.55378
4.55368
4.55358
4.55339
4.55324
4.55303
4.5529
4.5528
4.55266
4.55248
4.55235
4.55224
4.55218
4.552
4.55189
4.55179
4.55163
4.55152
4.55138
4.5512
4.55102
4.55092
4.55068
4.55056
4.55029
4.5502
4.55009
4.54983
4.54973
4.54955
4.54946
4.54927
4.54905
4.54883
4.54871
4.54855
4.54838
4.54814
4.54796
4.54785
4.54776
4.54742
4.54724
4.54714
4.54704
4.54686
4.54668
4.54656
4.54636
4.54616
4.54596
4.54583
4.54559
4.54533
4.54499
4.54489
4.5443
4.54415
4.54395
4.54361
4.54329
4.54313
4.54281
4.54267
4.54252
4.54221
4.54193
4.5417
4.54135
4.5411
4.54102
4.54067
4.54053
4.54011
4.53965
4.53944
4.53909
4.53875
4.53854
4.53817
4.53787
4.53751
4.53721
4.53701
4.53622
4.53603
4.53567
4.53545
4.5354
4.53502
4.53466
4.5345
4.53423
4.53332
4.53313
4.53252
4.53238
4.53225
4.5319
4.53152
4.53116
4.53098
4.53076
4.53052
4.52994
4.52973
4.52946
4.52928
4.52906
4.52886
4.52839
4.52817
4.52772
4.52746
4.52716
4.52702
4.52671
4.52653
4.52606
4.52565
4.52535
4.52483
4.52412
4.52395
4.52373
4.52348
4.52309
4.52289
4.52255
4.52203
4.52191
4.52139
4.52117
4.52104
4.52083
4.5206
4.52021
4.52
4.5194
4.51883
4.51851
4.51806
4.51736
4.51723
4.51706
4.51656
4.51637
4.51596
4.51575
4.51551
4.51509
4.51473
4.51448
4.51425
4.51405
4.51351
4.51329
4.5131
4.51267
4.51224
4.51169
4.51153
4.51138
4.51116
4.5109
4.51061
4.5104
4.51007
4.50991
4.50963
4.50922
4.50884
4.50853
4.50814
4.50787
4.50757
4.50737
4.50683
4.50669
4.50646
4.50599
4.50582
4.50551
4.50528
4.50502
4.50482
4.50469
4.50453
4.50392
4.50374
4.50345
4.50329
4.50307
4.5029
4.50272
4.50253
4.50229
4.502
4.50161
4.50121
4.50112
4.50092
4.50065
4.50046
4.50018
4.49983
4.4996
4.49919
4.49873
4.4984
4.49788
4.49766
4.49753
4.49718
4.49699
4.49667
4.49631
4.49612
4.49562
4.49509
4.49428
4.49417
4.49391
4.49366
4.49333
4.49306
4.49281
4.49241
4.49217
4.49184
4.49126
4.49113
4.4909
4.49052
4.49034
4.49001
4.48982
4.48914
4.48842
4.48804
4.48761
4.48737
4.48686
4.48634
4.48584
4.48526
4.48493
4.48482
4.48455
4.4841
4.48397
4.48382
4.48347
4.483
4.4824
4.48195
4.4817
4.48121
4.48092
4.48048
4.48025
4.47977
4.47943
4.4791
4.47852
4.47801
4.47771
4.4773
4.47658
4.4758
4.47535
4.47503
4.47438
4.47408
4.47386
4.47352
4.47311
4.47254
4.47189
4.47175
4.47109
4.4706
4.46962
4.4692
4.4688
4.46806
4.46773
4.46739
4.46695
4.46647
4.46592
4.46536
4.46515
4.46479
4.46331
4.4627
4.46245
4.46212
4.46194
4.46123
4.45966
4.45952
4.45907
4.4579
4.45772
4.45754
4.45731
4.45713
4.45688
4.45644
4.45577
4.45525
4.45412
4.45364
4.45352
4.45315
4.45263
4.45246
4.45193
4.45148
4.4512
4.45092
4.44972
4.44951
4.44896
4.44849
4.44722
4.44538
4.44521
4.44506
4.44483
4.44461
4.44446
4.44373
4.44353
4.44319
4.44302
4.44201
4.44187
4.4415
4.44136
4.44108
4.44062
4.43999
4.43962
4.43883
4.43855
4.43779
4.43757
4.43722
4.43656
4.43632
4.43547
4.43507
4.43451
4.43397
4.43303
4.4312
4.43072
4.43013
4.42956
4.42877
4.42848
4.42771
4.42752
4.42719
4.4266
4.42516
4.42494
4.42458
4.42351
4.42316
4.42278
4.42252
4.42146
4.42125
4.42081
4.42061
4.41991
4.41957
4.41896
4.41857
4.41806
4.41725
4.41706
4.4163
4.41604
4.41563
4.41526
4.41439
4.41401
4.41377
4.41337
4.41307
4.41267
4.41211
4.41175
4.41119
4.41087
4.41014
4.40958
4.40903
4.40874
4.40777
4.40699
4.40672
4.40634
4.4057
4.40537
4.40505
4.40419
4.40391
4.40357
4.40317
4.40284
4.40207
4.4018
4.40123
4.40077
4.4005
4.40024
4.3998
4.39957
4.39932
4.39888
4.39854
4.39832
4.39797
4.39762
4.39726
4.39696
4.3965
4.39621
4.39588
4.39563
4.39542
4.395
4.39477
4.3947
4.39459
4.39423
4.39401
4.39375
4.39335
4.39313
4.39279
4.39255
4.39233
4.39217
4.39186
4.39158
4.39142
4.39119
4.39097
4.39075
4.39051
4.39038
4.39014
4.38995
4.38966
4.38946
4.38915
4.3888
4.38862
4.38831
4.38805
4.38778
4.38737
4.38712
4.38682
4.38671
4.38645
4.38613
4.38596
4.38569
4.38557
4.38538
4.38517
4.38486
4.38464
4.38432
4.38397
4.38377
4.38343
4.38315
4.38274
4.38242
4.38213
4.38187
4.38165
4.38134
4.38082
4.38051
4.38034
4.38005
4.37973
4.37942
4.37902
4.37888
4.37859
4.37814
4.37787
4.37744
4.37703
4.37676
4.37641
4.37603
4.37574
4.37542
4.37486
4.37472
4.37451
4.37424
4.37394
4.37363
4.37341
4.37295
4.37279
4.37253
4.37189
4.37125
4.371
4.37062
4.36999
4.36983
4.36956
4.36907
4.36855
4.36831
4.3681
4.36773
4.36749
4.36729
4.36669
4.36642
4.36589
4.36548
4.36529
4.36491
4.36448
4.36437
4.36407
4.36373
4.36339
4.3632
4.36286
4.3625
4.36228
4.36198
4.36164
4.36145
4.3612
4.36101
4.36076
4.36052
4.3603
4.36006
4.35969
4.3595
4.35933
4.35909
4.35894
4.35866
4.35836
4.35823
4.35784
4.35752
4.35724
4.35701
4.3568
4.35637
4.35608
4.35597
4.35578
4.35547
4.35526
4.35497
4.35467
4.35438
4.35418
4.35398
4.3538
4.35362
4.35333
4.35315
4.35293
4.35273
4.35255
4.35234
4.35215
4.35199
4.35172
4.35145
4.35123
4.35099
4.3507
4.35032
4.35012
4.34992
4.34968
4.34935
4.34918
4.34895
4.34867
4.34842
4.34819
4.34781
4.34764
4.34747
4.34728
4.34702
4.34669
4.3465
4.34636
4.34614
4.34583
4.34568
4.34547
4.34533
4.34504
4.3449
4.34458
4.34441
4.34421
4.34406
4.3438
4.3435
4.34329
4.34308
4.34274
4.34257
4.342
4.34166
4.3413
4.34084
4.34064
4.34041
4.34013
4.33992
4.33969
4.33945
4.33902
4.3386
4.33846
4.33817
4.33778
4.33757
4.33735
4.33693
4.33661
4.33649
4.33634
4.33608
4.33588
4.3356
4.33534
4.33509
4.33493
4.33461
4.33443
4.33418
4.33393
4.33367
4.33341
4.33325
4.33288
4.33265
4.33226
4.33208
4.3318
4.33152
4.33138
4.33111
4.33087
4.33062
4.33024
4.33004
4.32996
4.32987
4.32972
4.32962
4.32943
4.32914
4.32889
4.32871
4.32845
4.32829
4.32793
4.32778
4.32758
4.3274
4.32723
4.32709
4.32684
4.32667
4.32641
4.32623
4.32583
4.32552
4.32529
4.32516
4.32497
4.32483
4.32467
4.32452
4.32437
4.32421
4.32399
4.32383
4.32363
4.32342
4.32311
4.32294
4.32271
4.32243
4.32225
4.32203
4.32182
4.3217
4.32152
4.32134
4.32119
4.32099
4.32071
4.32047
4.32035
4.32013
4.31984
4.31962
4.31942
4.31928
4.31909
4.31898
4.31878
4.31865
4.3185
4.31815
4.31784
4.31771
4.31751
4.31733
4.31714
4.31687
4.31667
4.31643
4.31621
4.31592
4.31571
4.31549
4.31531
4.31511
4.31482
4.31467
4.31449
4.31433
4.31409
4.3139
4.31374
4.31351
4.31324
4.31296
4.31276
4.31264
4.31245
4.31219
4.31206
4.31187
4.31171
4.31157
4.31147
4.3113
4.31114
4.31095
4.3107
4.31053
4.31039
4.31016
4.30989
4.3098
4.30968
4.30942
4.30917
4.30897
4.3087
4.30849
4.30823
4.30813
4.30775
4.30758
4.30738
4.30713
4.30697
4.30668
4.30654
4.30621
4.30598
4.30586
4.30564
4.30551
4.30532
4.30508
4.3049
4.30455
4.30436
4.30401
4.30378
4.30335
4.30313
4.30303
4.30277
4.30261
4.30231
4.30199
4.30187
4.30174
4.30142
4.30121
4.30058
4.30036
4.30012
4.29968
4.29944
4.2993
4.29913
4.29897
4.29884
4.2988
4.29865
4.29854
4.2985
4.29835
4.29822
4.29802
4.29787
4.29774
4.29761
4.2974
4.29729
4.29716
4.29707
4.29684
4.29662
4.29651
4.2963
4.29617
4.29599
4.29584
4.29579
4.29553
4.2954
4.29511
4.29493
4.29464
4.29453
4.2944
4.29415
4.29395
4.29382
4.29357
4.29348
4.29312
4.29304
4.2928
4.29264
4.29255
4.2924
4.29228
4.29213
4.29187
4.2916
4.29149
4.29122
4.29114
4.29101
4.29085
4.29075
4.29061
4.29051
4.29031
4.29009
4.28992
4.28974
4.28957
4.28945
4.28934
4.28921
4.289
4.28888
4.28872
4.28861
4.28851
4.28831
4.28791
4.28749
4.28724
4.28715
4.28686
4.28661
4.28626
4.28611
4.28569
4.28539
4.28482
4.28442
4.28422
4.28397
4.28367
4.28353
4.28318
4.28291
4.28278
4.28268
4.28248
4.28209
4.28198
4.28183
4.28166
4.28109
4.28087
4.28035
4.28025
4.27994
4.27968
4.27955
4.27934
4.27917
4.27901
4.27889
4.27868
4.27841
4.27808
4.27793
4.27778
4.27767
4.27741
4.27718
4.27703
4.27686
4.27673
4.27655
4.27642
4.27626
4.27607
4.27581
4.27553
4.27511
4.27496
4.27462
4.27447
4.27419
4.27395
4.27365
4.27357
4.27344
4.27322
4.27299
4.27268
4.27247
4.27214
4.27208
4.27179
4.27162
4.27138
4.27121
4.27096
4.27083
4.27054
4.27029
4.26991
4.26954
4.26934
4.26907
4.26893
4.26855
4.26833
4.26811
4.26792
4.26768
4.26756
4.26725
4.26699
4.26676
4.26643
4.26616
4.26588
4.26567
4.26542
4.26524
4.26514
4.26495
4.26475
4.26459
4.26441
4.26431
4.26409
4.26391
4.26364
4.26349
4.26334
4.26319
4.26306
4.26295
4.26268
4.26253
4.26235
4.26217
4.26199
4.26174
4.2616
4.2614
4.26117
4.26096
4.26083
4.26063
4.26047
4.26031
4.26014
4.2599
4.25969
4.25953
4.25933
4.25919
4.25903
4.25886
4.25871
4.25851
4.2583
4.25811
4.25794
4.25774
4.25755
4.25739
4.25704
4.25684
4.25669
4.25643
4.25619
4.25601
4.25577
4.2556
4.25524
4.25509
4.25485
4.25462
4.25427
4.254
4.25369
4.25333
4.25307
4.25269
4.25229
4.2518
4.25152
4.25131
4.2508
4.25036
4.25008
4.24986
4.24968
4.24942
4.2491
4.24882
4.24862
4.24839
4.24813
4.24768
4.24746
4.24726
4.24708
4.24673
4.24647
4.24609
4.24584
4.24561
4.24527
4.24509
4.24466
4.24448
4.24407
4.24381
4.24367
4.24342
4.24313
4.24297
4.24259
4.24231
4.24199
4.24181
4.24157
4.24123
4.2409
4.24065
4.2405
4.24032
4.24018
4.24003
4.23985
4.23964
4.2395
4.23928
4.23915
4.23897
4.23882
4.23863
4.23846
4.2383
4.23815
4.23789
4.23772
4.23749
4.23727
4.23715
4.23695
4.23676
4.23658
4.23644
4.23627
4.23614
4.23595
4.23581
4.23562
4.23549
4.23531
4.23514
4.23489
4.23466
4.23452
4.23426
4.23417
4.23404
4.23394
4.23376
4.23355
4.23341
4.23318
4.23303
4.23274
4.23255
4.23237
4.23219
4.23206
4.23189
4.23174
4.23154
4.23139
4.23129
4.23118
4.23102
4.23078
4.23061
4.23042
4.23023
4.2301
4.22992
4.22977
4.22959
4.2294
4.22916
4.22898
4.22878
4.22853
4.22834
4.22805
4.22786
4.22772
4.2276
4.2272
4.22701
4.22683
4.22663
4.22644
4.22619
4.22597
4.22566
4.22529
4.2251
4.22495
4.22465
4.22429
4.2241
4.22375
4.22345
4.22309
4.22279
4.22262
4.22234
4.22209
4.22179
4.22152
4.22122
4.22098
4.2207
4.22045
4.22017
4.21994
4.21965
4.21937
4.21907
4.21872
4.21852
4.2183
4.21813
4.2179
4.21769
4.21752
4.21722
4.21703
4.21687
4.21675
4.21657
4.2162
4.21603
4.21588
4.21576
4.2155
4.21532
4.21514
4.21502
4.21482
4.21459
4.21443
4.21415
4.21391
4.21382
4.21354
4.21326
4.21309
4.21289
4.21261
4.21243
4.21226
4.21207
4.21186
4.21174
4.21153
4.21133
4.21094
4.21078
4.21067
4.21038
4.21027
4.2101
4.2098
4.2096
4.20938
4.20909
4.2089
4.20864
4.20842
4.20826
4.20792
4.2076
4.2074
4.20719
4.20685
4.20665
4.20635
4.20604
4.20578
4.20543
4.20514
4.20469
4.20451
4.20423
4.20395
4.2038
4.20358
4.20329
4.20314
4.20302
4.20276
4.20246
4.20219
4.20187
4.20153
4.20112
4.20095
4.20061
4.20042
4.20012
4.1999
4.19961
4.19947
4.19929
4.19894
4.19869
4.19844
4.19817
4.19805
4.19777
4.19745
4.19739
4.19719
4.19702
4.19684
4.19677
4.19664
4.19632
4.19618
4.19604
4.19584
4.19563
4.19533
4.1951
4.19492
4.1946
4.19442
4.19422
4.19407
4.19385
4.19369
4.19359
4.19345
4.19322
4.19308
4.19289
4.1928
4.19261
4.19231
4.19216
4.19192
4.19174
4.19152
4.19134
4.19124
4.19103
4.19082
4.1907
4.19038
4.19022
4.18999
4.1898
4.18964
4.18952
4.18936
4.18917
4.18905
4.18887
4.18864
4.18853
4.18841
4.18828
4.18804
4.18788
4.18778
4.18768
4.18757
4.18741
4.18732
4.18721
4.18696
4.18681
4.18671
4.18659
4.18641
4.18618
4.18611
4.18598
4.18581
4.18566
4.1855
4.18537
4.18517
4.18504
4.18489
4.18468
4.1845
4.18435
4.18416
4.18394
4.1838
4.18358
4.18339
4.18328
4.18307
4.18288
4.18263
4.18247
4.18235
4.18218
4.18203
4.18172
4.18152
4.18143
4.18124
4.18109
4.18085
4.18072
4.18064
4.18051
4.18042
4.1803
4.18006
4.17986
4.17972
4.17952
4.17938
4.17915
4.17895
4.17877
4.17857
4.17842
4.17831
4.17811
4.17792
4.17778
4.17763
4.17743
4.17726
4.17713
4.17697
4.17687
4.17673
4.17658
4.17651
4.17636
4.17624
4.17609
4.17592
4.17582
4.17567
4.17552
4.1754
4.17532
4.17514
4.17497
4.17484
4.17468
4.17458
4.17446
4.17435
4.17422
4.17399
4.1739
4.17372
4.17357
4.17343
4.17325
4.17311
4.17299
4.17283
4.17261
4.17243
4.1723
4.1721
4.17194
4.17176
4.17153
4.17134
4.1711
4.17083
4.17067
4.17046
4.1703
4.17021
4.17002
4.16987
4.16974
4.16959
4.16942
4.16931
4.1691
4.16887
4.16867
4.16848
4.16836
4.16816
4.16798
4.16781
4.16766
4.16754
4.16739
4.16715
4.16681
4.16654
4.16635
4.16622
4.16604
4.16589
4.16568
4.16549
4.16538
4.16521
4.1651
4.16489
4.1648
4.16458
4.16438
4.16422
4.16405
4.16387
4.16374
4.16359
4.16339
4.16326
4.16308
4.16297
4.16281
4.16269
4.16252
4.16237
4.16225
4.1621
4.16198
4.1618
4.16162
4.16144
4.16123
4.16112
4.16087
4.16076
4.16055
4.16045
4.16027
4.16011
4.15987
4.15973
4.15956
4.15938
4.15914
4.15903
4.15884
4.15858
4.15842
4.15822
4.15798
4.15786
4.15767
4.15751
4.15728
4.15712
4.1569
4.15678
4.15653
4.15625
4.15608
4.15588
4.15574
4.15554
4.1554
4.1553
4.15506
4.15485
4.15457
4.15428
4.15411
4.1538
4.15358
4.15327
4.15295
4.15283
4.15263
4.15238
4.15213
4.15183
4.15161
4.15143
4.15126
4.15101
4.15083
4.1505
4.14998
4.14975
4.1495
4.14933
4.14911
4.14897
4.14868
4.14843
4.14831
4.14809
4.14781
4.1476
4.14742
4.14727
4.1471
4.14692
4.14676
4.14651
4.14633
4.14615
4.14598
4.14574
4.14557
4.14535
4.14515
4.14497
4.1448
4.1445
4.14431
4.14408
4.14394
4.14377
4.1436
4.14339
4.1432
4.14311
4.14288
4.14274
4.14259
4.14248
4.14227
4.1421
4.14191
4.14176
4.14156
4.14137
4.14112
4.14096
4.14077
4.14055
4.14036
4.14026
4.13996
4.13982
4.1396
4.13944
4.13922
4.13891
4.13875
4.13855
4.13834
4.13811
4.13786
4.13765
4.13743
4.13719
4.13705
4.13682
4.13657
4.13617
4.13589
4.1357
4.13549
4.13513
4.13491
4.13473
4.13441
4.13418
4.13396
4.13378
4.13338
4.13308
4.13261
4.13234
4.13211
4.13187
4.13166
4.13141
4.13112
4.13097
4.13082
4.13062
4.13049
4.13022
4.12991
4.12968
4.12951
4.12936
4.12913
4.12891
4.12868
4.12846
4.12829
4.12809
4.12783
4.1276
4.12744
4.12721
4.12696
4.12682
4.12647
4.12636
4.12609
4.12573
4.1254
4.12514
4.12494
4.12483
4.12463
4.12431
4.12389
4.12368
4.12339
4.12312
4.12285
4.12257
4.12221
4.12198
4.12179
4.12164
4.12141
4.12116
4.1208
4.12051
4.12016
4.11986
4.11972
4.11953
4.11933
4.11908
4.11883
4.11857
4.11833
4.11808
4.11791
4.11774
4.11764
4.11728
4.11712
4.11689
4.1167
4.11654
4.1163
4.11596
4.11572
4.11557
4.11534
4.11515
4.11497
4.11481
4.11468
4.11449
4.11434
4.11413
4.11403
4.11385
4.11362
4.1135
4.11331
4.11309
4.11297
4.11283
4.11273
4.11253
4.11235
4.1122
4.11199
4.11178
4.11152
4.11137
4.11115
4.11104
4.11082
4.11066
4.11052
4.1103
4.11023
4.11008
4.10989
4.10973
4.1095
4.10941
4.10931
4.10917
4.10894
4.10877
4.10858
4.10835
4.10816
4.10777
4.10754
4.10738
4.10714
4.10693
4.10678
4.1064
4.10614
4.1059
4.10562
4.1054
4.10514
4.10485
4.10451
4.10432
4.10418
4.10398
4.10365
4.10349
4.10311
4.1028
4.10258
4.10222
4.10188
4.10177
4.10144
4.10119
4.10086
4.10054
4.10023
4.09994
4.09981
4.09939
4.09905
4.09872
4.09857
4.0982
4.09785
4.09766
4.09723
4.09701
4.09675
4.09649
4.09602
4.09563
4.09514
4.09495
4.09477
4.09456
4.09418
4.09393
4.09356
4.09333
4.09314
4.09293
4.09252
4.09227
4.09211
4.0918
4.09157
4.09134
4.09113
4.09084
4.09055
4.09037
4.0901
4.08991
4.08972
4.08957
4.08927
4.089
4.08866
4.08826
4.08791
4.08768
4.08736
4.08718
4.08653
4.08625
4.0861
4.08591
4.08558
4.08536
4.08512
4.08486
4.08472
4.08446
4.08424
4.08396
4.08366
4.08348
4.08319
4.083
4.08278
4.08249
4.08215
4.08191
4.08179
4.08157
4.0814
4.08124
4.08098
4.08085
4.08054
4.08033
4.08011
4.07992
4.07969
4.07947
4.0793
4.07911
4.07871
4.07847
4.07826
4.07802
4.07784
4.07765
4.07741
4.07718
4.07677
4.0765
4.07627
4.07604
4.07584
4.0755
4.0753
4.0752
4.07498
4.07476
4.07453
4.07434
4.07418
4.07398
4.07374
4.07345
4.0733
4.07289
4.07278
4.07252
4.07231
4.07212
4.07198
4.07176
4.07157
4.07142
4.07121
4.07101
4.07075
4.07061
4.07042
4.07014
4.07002
4.06982
4.06974
4.06961
4.06953
4.06917
4.06903
4.06868
4.06796
4.06781
4.06737
4.06704
4.06691
4.0667
4.06656
4.06618
4.06591
4.06549
4.06516
4.06493
4.06474
4.06446
4.06423
4.06394
4.06362
4.06338
4.06322
4.06302
4.06264
4.06236
4.06202
4.06182
4.06164
4.06116
4.06098
4.06053
4.06031
4.06013
4.05984
4.05955
4.05907
4.0588
4.05855
4.05824
4.05802
4.05775
4.05745
4.05704
4.05677
4.05647
4.05613
4.05577
4.05539
4.05504
4.05476
4.05449
4.05418
4.05406
4.05383
4.05337
4.05303
4.05293
4.0526
4.05221
4.05192
4.0517
4.05141
4.05111
4.0509
4.05074
4.05063
4.05042
4.0501
4.04997
4.04976
4.04953
4.04929
4.04919
4.04897
4.04871
4.04846
4.04823
4.04778
4.0476
4.04742
4.04712
4.04699
4.04679
4.04658
4.04647
4.04617
4.04604
4.04578
4.04556
4.04536
4.04516
4.04497
4.04482
4.04452
4.0444
4.04424
4.04403
4.04372
4.04353
4.04327
4.04296
4.04272
4.04247
4.04227
4.0421
4.04186
4.04164
4.04145
4.0413
4.0411
4.04085
4.04065
4.0404
4.04026
4.04014
4.03992
4.03975
4.03961
4.03934
4.03913
4.03891
4.03871
4.03855
4.03834
4.03796
4.03779
4.03755
4.03735
4.03713
4.0369
4.03672
4.03639
4.03597
4.03563
4.03522
4.03508
4.03476
4.03445
4.03426
4.03401
4.03361
4.03342
4.03312
4.03273
4.0325
4.03204
4.03189
4.03176
4.03125
4.03095
4.03066
4.03036
4.03007
4.02984
4.02957
4.02939
4.02906
4.0288
4.0286
4.02794
4.02765
4.02724
4.02632
4.02613
4.02567
4.02516
4.02455
4.02428
4.02384
4.02338
4.02274
4.02257
4.02218
4.02185
4.02144
4.02103
4.02068
4.02038
4.01987
4.01936
4.01904
4.01854
4.01822
4.01792
4.01721
4.017
