1513.96
94798.2
84037.1
74775.7
68469.8
60464.3
56675.7
52315.2
47979.1
46554.7
43916.5
41686.2
39321.5
38153
36969.2
36000.5
35067.1
33889.4
33154
31023.4
30342.8
29327.3
28687.8
27988
27492.6
26996.6
26383.4
25435.8
24755.4
24309.4
23878.1
23348.7
22723.1
22305.3
21844.4
21165.1
20660.5
19715.5
19270.3
18949.8
18450.3
17834.3
17241.4
16466.1
16009.3
15618.8
15384.8
14963.5
14564.1
14263.5
13846.1
13458.2
13150.7
12750.5
12550.6
12161.1
11940.1
11627.5
11349.2
11105.5
10699.1
10428.9
10265.4
10114.6
9602.67
9304.65
9026.66
8833.12
8630.54
8390.15
8230.43
8086.8
7998.37
7796.77
7512.53
7338.75
7251.07
7045.57
6867.64
6700.95
6606.52
6497.66
6310.04
6209.42
6050.54
5925.79
5738.48
5625.52
5553.48
5373.44
5331.6
5214.84
5050.84
4921.16
4760.96
4693.92
4600.04
4522.3
4435.88
4359.82
4284.79
4149.82
4123.31
4074.35
4005.91
3927.89
3850.73
3752.71
3661.51
3605.89
3557.27
3518.19
3493.97
3413.93
3379.74
3294.77
3225.83
3176.93
3143.09
3103.06
3061.72
3031.05
2975.72
2938.81
2891.4
2863.27
2832.32
2795.27
2776.27
2729.64
2683.98
2647.08
2609.54
2571.88
2507.91
2482.71
2419.28
2391.38
2356.93
2333.2
2305.61
2272.17
2250.89
2230.65
2210.23
2188.14
2157.76
2130.55
2112.7
2093.99
2069.48
2055.13
2025.31
2008.88
1989.99
1953.55
1931.5
1914.69
1888.61
1870.06
1852.31
1832.69
1804.46
1789.12
1774.99
1746.36
1727.99
1706.43
1686.31
1667.45
1653.08
1635.62
1619.86
1597.76
1571.9
1555.8
1540.55
1522.06
1503.87
1479.83
1457.46
1440.43
1424.24
1406.78
1386.9
1369.27
1347.17
1327.79
1308.98
1294.06
1279.52
1262.88
1246.96
1231.21
1212.95
1197.28
1179.91
1166.5
1153.01
1137.9
1122.4
1107.75
1091.77
1076.84
1062.96
1045.84
1036.64
1024.17
1011.83
995.804
986.153
974.247
960.968
948.8
936.876
929.623
920.675
908.585
894.219
882.789
871.737
860.172
849.602
836.636
824.445
816.29
805.223
796.496
789.562
781.62
773.868
764.579
754.44
745.625
737.185
726.399
718.326
708.561
701.65
693.135
684.66
676.212
666.644
656.052
648.761
637.941
630.388
621.843
614.119
605.2
594.516
588.893
578.532
571.379
561.229
554.72
547.09
540.463
533.035
526.399
518.486
511.834
504.713
497.725
491.434
483.263
476.548
468.012
462.327
454.204
445.816
441.615
437.038
431.318
425.742
418.329
411.171
405.793
401.914
397.128
393.009
387.11
381.89
378.843
373.649
368.919
362.936
356.896
352.019
347.643
344.801
338.512
335.257
331.654
326.897
322.661
319.065
315.726
312.422
307.871
304.621
300.797
296.731
293.985
290.213
287.133
283.38
279.861
277.293
273.607
270.522
266.854
262.957
259.621
255.236
252.625
249.464
245.752
242.192
239.393
236.01
232.611
229.889
226.655
224.324
220.942
216.705
212.777
209.243
206.361
203.351
200.017
197.514
195.749
192.96
190.754
187.982
185.746
183.417
181.147
178.476
175.423
173.474
171.778
169.301
167.743
165.584
164.149
161.487
158.95
156.535
154.496
152.419
150.316
148.139
146.154
143.719
141.654
139.391
137.657
135.437
132.895
131.303
129.428
126.88
124.532
122.925
121.356
119.94
118.979
117.548
116.409
114.903
113.123
111.74
110.114
108.77
107.166
105.937
104.222
102.879
101.564
100.694
99.345
98.0473
96.5423
95.3941
94.4405
93.4083
92.4981
91.1608
89.8643
88.8617
86.9832
85.9381
84.4297
83.3916
82.4293
81.2649
80.3966
79.1298
78.0027
77.0865
76.3158
75.6013
74.5809
73.7117
72.8776
72.1931
71.4584
70.8179
70.1657
69.6619
68.9301
68.1692
67.3808
66.4485
65.8221
65.0765
64.2983
63.686
63.2401
62.5987
61.838
61.1897
60.4922
59.7833
59.0864
58.6136
58.0586
57.4825
57.0324
56.5119
55.8607
55.4564
54.6155
53.7711
53.2329
52.8146
52.0367
51.5058
50.6099
49.9441
49.4291
48.9028
48.3785
47.7208
47.1926
46.6852
46.2702
45.6578
45.2298
44.6615
44.2373
43.4152
43.0011
42.6086
42.1636
41.4323
40.8567
40.4553
39.8703
39.4107
39.007
38.5958
38.0807
37.6434
37.1945
36.6581
36.1572
35.772
35.1433
34.5805
33.9047
33.522
33.0658
32.6948
32.3586
31.8037
31.4672
31.0254
30.6174
30.3004
29.8936
29.4061
29.102
28.7339
28.2386
27.9003
27.5635
27.0226
26.717
26.4114
25.9515
25.485
25.0574
24.6186
24.1334
23.7556
23.5075
23.2184
22.9918
22.6343
22.3722
22.1196
21.8503
21.5647
21.2081
20.9933
20.7238
20.4036
20.0712
19.9058
19.7304
19.4471
19.248
19.0941
18.9407
18.7543
18.5314
18.3371
18.118
17.8422
17.5959
17.2501
17.0242
16.8159
16.6552
16.4188
16.298
16.0867
15.8343
15.6448
15.402
15.2515
15.036
14.7957
14.5578
14.2928
14.1424
13.9841
13.837
13.6427
13.4457
13.3034
13.2001
12.9913
12.854
12.7092
12.5839
12.4088
12.249
12.1561
11.9823
11.7838
11.6814
11.4952
11.3698
11.2458
11.1332
11.0297
10.8896
10.7102
10.5717
10.453
10.3307
10.2586
10.1186
9.99025
9.89624
9.80851
9.69234
9.61586
9.52958
9.44912
9.36713
9.27736
9.19372
9.08002
9.00636
8.92839
8.85445
8.78954
8.72486
8.65432
8.59793
8.53399
8.46271
8.37139
8.29044
8.22115
8.14888
8.06907
7.99082
7.92018
7.83709
7.74503
7.65723
7.5822
7.52622
7.4344
7.37054
7.2991
7.24625
7.17592
7.12009
7.04364
6.98126
6.89523
6.83994
6.75904
6.68649
6.61864
6.54498
6.49279
6.41151
6.32365
6.26056
6.18629
6.05693
5.95294
5.87525
5.82135
5.7855
5.73192
5.66892
5.62008
5.56066
5.515
5.44937
5.40537
5.35141
5.30793
5.2581
5.18737
5.13638
5.05402
5.00093
4.95303
4.90598
4.85997
4.82469
4.77769
4.72341
4.66267
4.58587
4.50276
4.45727
4.3879
4.35275
4.30352
4.22282
4.14136
4.10477
4.05963
3.99678
3.93164
3.87974
3.83731
3.79638
3.70098
3.64515
3.59805
3.55281
3.49785
3.44341
3.38425
3.35638
3.27454
3.24213
3.20935
3.16435
3.11852
3.09114
3.06163
3.02786
2.9803
2.95202
2.87331
2.83169
2.78487
2.75285
2.73074
2.71482
2.69684
2.66605
2.63487
2.61317
2.56317
2.54563
2.48652
2.43236
2.39247
2.35639
2.33891
2.29192
2.25696
2.2331
2.21004
2.17776
2.15308
2.12834
2.09195
2.07231
2.04581
2.02558
2.01178
1.97744
1.95902
1.93678
1.91402
1.89486
1.87724
1.86127
1.83467
1.81822
1.80236
1.7744
1.76067
1.73622
1.72271
1.70695
1.67519
1.65045
1.63146
1.61328
1.59863
1.58806
1.5699
1.55302
1.53649
1.51226
1.48504
1.47463
1.4612
1.44442
1.42668
1.41096
1.38788
1.37684
1.36358
1.34879
1.33143
1.31936
1.31121
1.29552
1.27696
1.2625
1.24986
1.23811
1.22456
1.20977
1.19984
1.18964
1.1703
1.15678
1.14971
1.13161
1.12304
1.10635
1.09323
1.0798
1.06668
1.05721
1.04803
1.03949
1.02727
1.01948
1.00905
0.997242
0.984613
0.970848
0.960047
0.951103
0.945529
0.936492
0.925259
0.910934
0.903358
0.896169
0.891373
0.883993
0.876453
0.869992
0.864126
0.852377
0.843541
0.836841
0.826576
0.81724
0.812997
0.802666
0.789856
0.781927
0.775224
0.76539
0.758422
0.748984
0.740195
0.73344
0.725028
0.715921
0.711308
0.706432
0.701223
0.693696
0.688518
0.669358
0.655244
0.649863
0.635417
0.625245
0.621111
0.614975
0.607721
0.599123
0.592849
0.586155
0.583142
0.577924
0.573497
0.5656
0.56088
0.553116
0.549365
0.534426
0.52949
0.518584
0.51265
0.506943
0.502583
0.497495
0.488163
0.482967
0.477641
0.474044
0.469148
0.465335
0.461066
0.458402
0.451592
0.449406
0.444254
0.439438
0.435542
0.432359
0.426632
0.423334
0.418098
0.413201
0.409263
0.404472
0.396054
0.393287
0.385824
0.381786
0.375708
0.367647
0.36216
0.358377
0.354177
0.351747
0.346468
0.339042
0.330343
0.328515
0.326601
0.324233
0.318163
0.31598
0.31379
0.310074
0.306709
0.304832
0.302301
0.300333
0.297257
0.292231
0.288232
0.286286
0.28101
0.275241
0.270481
0.266972
0.262203
0.260721
0.252101
0.249593
0.246706
0.24224
0.240677
0.239107
0.236717
0.234179
0.232734
0.231157
0.230059
0.229202
0.227084
0.225282
0.223684
0.22191
0.219124
0.217723
0.214918
0.210942
0.209251
0.207522
0.205234
0.203683
0.202533
0.200853
0.199275
0.197983
0.196379
0.192565
0.190479
0.189253
0.186955
0.185624
0.183672
0.182217
0.180103
0.179209
0.177693
0.176529
0.17204
0.170283
0.168957
0.167594
0.163583
0.160174
0.156691
0.147132
0.146461
0.13841
0.135117
0.134123
0.127929
0.127118
0.125903
0.124099
0.123364
0.122909
0.121311
0.119446
0.118743
0.117947
0.11727
0.116507
0.115794
0.114671
0.112852
0.11226
0.111558
0.109718
0.108798
0.107565
0.106238
0.105218
0.104444
0.102983
0.102282
0.101465
0.10062
0.0999269
0.0989084
0.0974639
0.0961801
0.094945
0.0930742
0.0923638
0.0913656
0.0891031
0.0885433
0.0873518
0.0850997
0.083928
0.0827924
0.0823289
0.0819381
0.0810573
0.0801748
0.0783853
0.0773772
0.076454
0.0735311
0.0715086
0.070826
0.0702857
0.0697788
0.0686387
0.0675496
0.0667085
0.0656551
0.0650292
0.0637212
0.0633395
0.0623629
0.0616889
0.0607374
0.0602033
0.0598297
0.0593593
0.0583687
0.0577697
0.0572754
0.056182
0.0552629
0.0545795
0.0534732
0.0523251
0.0517933
0.0510297
0.0503336
0.0495157
0.048984
0.0477883
0.0470352
0.0460849
0.045593
0.045304
0.0449325
0.0446325
0.0443464
0.0437717
0.0431718
0.0425767
0.0415697
0.0412188
0.0407768
0.0401258
0.0395973
0.039087
0.0382337
0.0376129
0.0372985
0.0370873
0.0366044
0.0360725
0.0356202
0.035119
0.0344567
0.0339212
0.0335042
0.0330669
0.0324953
0.0320211
0.0313577
0.0309863
0.0301695
0.0296373
0.0292752
0.0286883
0.02817
0.0279391
0.0274924
0.027183
0.0267681
0.0265944
0.0264204
0.026118
0.0256676
0.0254914
0.025276
0.0250174
0.0247048
0.0244606
0.0241611
0.0239447
0.0236777
0.0234327
0.0231471
0.0229166
0.0227677
0.0225083
0.0223297
0.0220163
0.0216149
0.0213411
0.0211018
0.0208837
0.0206103
0.020341
0.0201114
0.0197886
0.0195319
0.0193183
0.0192063
0.0190098
0.018745
0.0186182
0.0184618
0.0181495
0.0180359
0.0176928
0.0174735
0.0173098
0.0171611
0.016968
0.0168269
0.0167017
0.016587
0.016427
0.0161641
0.016016
0.0158307
0.0156445
0.0154122
0.0152545
0.0151707
0.0150099
0.0148962
0.0146781
0.0145472
0.0143643
0.0142614
0.0141301
0.0139014
0.0137557
0.0136737
0.0134453
0.0132299
0.0131409
0.0130178
0.012888
0.0127228
0.0124878
0.0123904
0.0123012
0.0120759
0.011973
0.0117982
0.0114665
0.0113527
0.0111228
0.0110365
0.0108774
0.010815
0.0107683
0.010616
0.0105327
0.0104094
0.0103261
0.0102499
0.010148
0.0100651
0.00996098
0.00988779
0.00971783
0.00956189
0.00932008
0.00927676
0.00909165
0.00889773
0.00874123
0.00850978
0.00838378
0.00833172
0.00810354
0.00801284
0.00795988
0.00788796
0.00784084
0.00774506
0.00761735
0.00750548
0.00745731
0.00721882
0.00708762
0.00687587
0.00667795
0.00660695
0.00619557
0.00611937
0.00607682
0.00600063
0.00585048
0.00576182
0.00562173
0.00558607
0.00555524
0.00544121
0.00537734
0.00530103
0.00518281
0.00511288
0.00498381
0.00492015
0.00479846
0.00472617
0.00462312
0.00453185
0.00442614
0.0043366
0.0042043
0.00413836
0.00410553
0.00403938
0.00398499
0.00393263
0.00387949
0.00384472
0.00378717
0.00375923
0.00369275
0.00362996
0.00356998
0.00350647
0.00346905
0.00340689
0.00328821
0.00323768
0.00319597
0.00313824
0.0030757
0.00303799
0.00299215
0.00294156
0.00285328
0.00282349
0.00279018
0.00274028
0.00271412
0.00269905
0.00263893
0.00260518
0.00259091
0.00256876
0.00251549
0.00249186
0.0024469
0.00239008
0.00230758
0.00227275
0.00223962
0.00217617
0.00213612
0.00211501
0.00208777
0.00206613
0.00204613
0.00202318
0.00199757
0.00198498
0.00196901
0.00195447
0.0019209
0.00189438
0.00186888
0.00185059
0.00182855
0.00180457
0.00177693
0.00176205
0.0017406
0.00171553
0.00170107
0.00166332
0.00163318
0.00161711
0.00159438
0.00155996
0.00153496
0.00151413
0.00150402
0.00148012
0.00146601
0.00144428
0.00141835
0.00140049
0.00138088
0.0013443
0.00132855
0.00131819
0.00129346
0.00126848
0.00125275
0.00124334
0.00122774
0.00121791
0.00119428
0.00117621
0.00116543
0.00114836
0.00113804
0.0011173
0.0010969
0.00108351
0.00106968
0.00105401
0.00104709
0.0010352
0.00102507
0.00101312
0.00100176
0.000989658
0.000977942
0.000963785
0.000945679
0.000936648
0.000924615
0.000913727
0.000900239
0.000886036
0.00087808
0.000868526
0.000861561
0.000851631
0.000835185
0.000824241
0.00081221
0.000801086
0.000795749
0.000784129
0.000777288
0.000773208
0.000764556
0.000760434
0.000747299
0.000738752
0.00072951
0.000719568
0.000711342
0.000703552
0.000697841
0.000689119
0.00068235
0.000674862
0.000667434
0.000659431
0.000651192
0.00064132
0.000635839
0.000631047
0.000625664
0.00061846
0.000614365
0.000607094
0.000593366
0.000587445
0.000577118
0.000570487
0.000563504
0.000556789
0.000546952
0.000537019
0.00053204
0.000521073
0.000515412
0.000509102
0.000501311
0.000496364
0.000492572
0.000485664
0.00048118
0.000477117
0.000471422
0.000464525
0.000458791
0.000455305
0.000450578
0.000443611
0.00043941
0.000433948
0.000431319
0.000427239
0.000424095
0.000420084
0.000417376
0.000413223
0.000407369
0.000402298
0.000397959
0.000395079
0.000390541
0.000383091
0.000379289
0.000372176
0.000368088
0.000363766
0.000358125
0.000353982
0.000349647
0.000344862
0.000340115
0.00033605
0.000330464
0.000325231
0.000322389
0.00031908
0.00031639
0.000314381
0.000309548
0.000306554
0.000303038
0.000299151
0.000296495
0.000294047
0.000290327
0.000286563
0.00028346
0.000280897
0.000278048
0.000274918
0.000272391
0.000271251
0.000268726
0.000265412
0.000261723
0.000259225
0.000255718
0.000253635
0.000251206
0.000248457
0.000245568
0.000243056
0.00024
0.000236514
0.00023532
0.000233306
0.000231454
0.000229226
0.00022736
0.000224856
0.000222999
0.000221716
0.000219466
0.000217523
0.00021454
0.00021145
0.000209041
0.000207742
0.000205361
0.000203523
0.00020171
0.000199973
0.000198204
0.000196945
0.000194756
0.000193429
0.000191432
0.000187841
0.000185131
0.000182912
0.000180543
0.000178507
0.000176121
0.000173663
0.000172518
0.00017006
0.000167375
0.000165804
0.00016407
0.000162302
0.000161407
0.000160143
0.000159242
0.000157456
0.000156864
0.000154702
0.000152635
0.000150485
0.000149398
0.000147897
0.000146761
0.000145186
0.000144004
0.000141532
0.000139443
0.000137729
0.000135733
0.000135061
0.000133662
0.00013237
0.000131236
0.000129281
0.000128382
0.000127645
0.000125922
0.000123969
0.000121285
0.000119412
0.000117644
0.000116556
0.000115213
0.000113756
0.00011128
0.000109335
0.000107673
0.00010649
0.00010432
0.000103041
0.000101987
0.000100228
9.87133e-05
9.72925e-05
9.62295e-05
9.54428e-05
9.41551e-05
9.25773e-05
9.11681e-05
8.95821e-05
8.80676e-05
8.63118e-05
8.49281e-05
8.34996e-05
8.28181e-05
8.11817e-05
7.99482e-05
7.93108e-05
7.86481e-05
7.7603e-05
7.69e-05
7.55798e-05
7.47337e-05
7.34983e-05
7.21307e-05
7.06195e-05
6.90755e-05
6.83713e-05
6.73051e-05
6.5853e-05
6.46132e-05
6.42737e-05
6.31296e-05
6.17898e-05
6.11558e-05
5.94375e-05
5.85467e-05
5.80097e-05
5.67649e-05
5.61477e-05
5.58074e-05
5.53801e-05
5.42814e-05
5.40301e-05
5.32161e-05
5.2594e-05
5.15811e-05
5.09945e-05
5.05399e-05
4.97446e-05
4.93388e-05
4.8352e-05
4.77931e-05
4.70068e-05
4.65224e-05
4.61256e-05
4.54431e-05
4.47756e-05
4.44226e-05
4.37837e-05
4.26391e-05
4.20433e-05
4.17062e-05
4.12784e-05
4.09347e-05
4.04833e-05
3.99109e-05
3.9422e-05
3.88112e-05
3.82626e-05
3.79752e-05
3.76478e-05
3.73473e-05
3.69523e-05
3.66614e-05
3.62959e-05
3.59917e-05
3.57362e-05
3.53036e-05
3.49189e-05
3.44922e-05
3.4082e-05
3.38173e-05
3.33504e-05
3.31697e-05
3.29878e-05
3.24304e-05
3.22e-05
3.1642e-05
3.10156e-05
3.03989e-05
2.96317e-05
2.9118e-05
2.86933e-05
2.82555e-05
2.7842e-05
2.75424e-05
2.69804e-05
2.64065e-05
2.61979e-05
2.55105e-05
2.51407e-05
2.49657e-05
2.47492e-05
2.45829e-05
2.39919e-05
2.37256e-05
2.33634e-05
2.32357e-05
2.30855e-05
2.28161e-05
2.24601e-05
2.23006e-05
2.20996e-05
2.16241e-05
2.14011e-05
2.12958e-05
2.11282e-05
2.09634e-05
2.07934e-05
2.06512e-05
2.03367e-05
2.01785e-05
1.9983e-05
1.97064e-05
1.95305e-05
1.92995e-05
1.91723e-05
1.89231e-05
1.8758e-05
1.85958e-05
1.83412e-05
1.80834e-05
1.79547e-05
1.77927e-05
1.76433e-05
1.73107e-05
1.71354e-05
1.69877e-05
1.68212e-05
1.65227e-05
1.61659e-05
1.59999e-05
1.58986e-05
1.58236e-05
1.56895e-05
1.55732e-05
1.53451e-05
1.51783e-05
1.50019e-05
1.48619e-05
1.47375e-05
1.45798e-05
1.4474e-05
1.42804e-05
1.4168e-05
1.40538e-05
1.3873e-05
1.36875e-05
1.35586e-05
1.33977e-05
1.32317e-05
1.31029e-05
1.28635e-05
1.27408e-05
1.25556e-05
1.24202e-05
1.22724e-05
1.21313e-05
1.1953e-05
1.17982e-05
1.17196e-05
1.16363e-05
1.14326e-05
1.12552e-05
1.10883e-05
1.0908e-05
1.0725e-05
1.0618e-05
1.05114e-05
1.03943e-05
1.02724e-05
1.01889e-05
1.00455e-05
9.95932e-06
9.8048e-06
9.66819e-06
9.58082e-06
9.51405e-06
9.40002e-06
9.28237e-06
9.17631e-06
9.06772e-06
8.9515e-06
8.88862e-06
8.78771e-06
8.67672e-06
8.58031e-06
8.42872e-06
8.34753e-06
8.24182e-06
8.13136e-06
8.02654e-06
7.94767e-06
7.859e-06
7.79765e-06
7.65153e-06
7.56165e-06
7.48773e-06
7.36325e-06
7.28729e-06
7.13242e-06
6.99164e-06
6.94791e-06
6.83189e-06
6.75099e-06
6.67477e-06
6.57172e-06
6.48664e-06
6.40314e-06
6.2986e-06
6.25913e-06
6.1826e-06
6.07764e-06
6.04203e-06
5.93306e-06
5.86599e-06
5.81899e-06
5.76211e-06
5.68963e-06
5.63119e-06
5.56397e-06
5.50123e-06
5.45746e-06
5.41546e-06
5.34868e-06
5.31653e-06
5.24408e-06
5.18771e-06
5.15227e-06
5.08244e-06
4.99642e-06
4.9684e-06
4.89415e-06
4.8332e-06
4.74659e-06
4.63694e-06
4.59395e-06
4.55461e-06
4.45335e-06
4.37298e-06
4.33989e-06
4.28492e-06
4.25335e-06
4.20849e-06
4.15373e-06
4.11557e-06
4.0865e-06
4.04309e-06
3.98169e-06
3.94206e-06
3.91517e-06
3.87654e-06
3.83733e-06
3.79521e-06
3.75392e-06
3.71579e-06
3.66131e-06
3.61292e-06
3.57295e-06
3.49665e-06
3.43329e-06
3.40446e-06
3.34587e-06
3.29644e-06
3.2732e-06
3.23855e-06
3.1975e-06
3.16056e-06
3.13006e-06
3.10659e-06
3.06759e-06
3.03972e-06
2.99618e-06
2.96851e-06
2.94312e-06
2.92754e-06
2.904e-06
2.87234e-06
2.84152e-06
2.81182e-06
2.79415e-06
2.7556e-06
2.70748e-06
2.66447e-06
2.64301e-06
2.61499e-06
2.58461e-06
2.56846e-06
2.51582e-06
2.48962e-06
2.45719e-06
2.43536e-06
2.40839e-06
2.38332e-06
2.31832e-06
2.27354e-06
2.25298e-06
2.22496e-06
2.19145e-06
2.15211e-06
2.13279e-06
2.11732e-06
2.0972e-06
2.07821e-06
2.05506e-06
2.0257e-06
1.96503e-06
1.9516e-06
1.92413e-06
1.89121e-06
1.88076e-06
1.86192e-06
1.82052e-06
1.79986e-06
1.77528e-06
1.75947e-06
1.74927e-06
1.73208e-06
1.704e-06
1.68732e-06
1.67141e-06
1.66027e-06
1.64251e-06
1.63293e-06
1.62441e-06
1.61173e-06
1.59133e-06
1.5766e-06
1.56109e-06
1.53923e-06
1.52581e-06
1.49396e-06
1.46952e-06
1.41931e-06
1.40501e-06
1.39486e-06
1.37009e-06
1.35883e-06
1.34437e-06
1.31766e-06
1.29661e-06
1.28223e-06
1.27233e-06
1.26026e-06
1.25341e-06
1.24232e-06
1.23532e-06
1.21842e-06
1.20456e-06
1.19137e-06
1.17602e-06
1.15699e-06
1.14239e-06
1.13118e-06
1.11508e-06
1.10556e-06
1.0949e-06
1.07851e-06
1.07309e-06
1.0633e-06
1.05511e-06
1.04578e-06
1.03129e-06
1.02186e-06
1.01204e-06
1.00095e-06
9.91618e-07
9.76097e-07
9.64764e-07
9.59113e-07
9.31585e-07
9.17836e-07
9.05041e-07
8.93881e-07
8.89493e-07
8.81411e-07
8.74246e-07
8.63044e-07
8.53132e-07
8.45873e-07
8.40348e-07
8.34518e-07
8.28202e-07
8.19215e-07
8.08569e-07
8.01404e-07
7.95601e-07
7.90132e-07
7.84939e-07
7.74984e-07
7.65396e-07
7.61461e-07
7.57362e-07
7.5323e-07
7.47084e-07
7.42607e-07
7.38802e-07
7.28803e-07
7.22892e-07
7.20367e-07
7.15777e-07
7.09021e-07
7.04279e-07
7.00852e-07
6.95289e-07
6.91804e-07
6.85864e-07
6.82385e-07
6.77796e-07
6.73609e-07
6.66655e-07
6.60972e-07
6.56979e-07
6.51693e-07
6.46257e-07
6.39168e-07
6.33099e-07
6.26302e-07
6.12746e-07
6.08094e-07
5.97332e-07
5.93107e-07
5.86453e-07
5.82256e-07
5.78283e-07
5.73474e-07
5.68266e-07
5.64925e-07
5.62078e-07
5.59706e-07
5.54723e-07
5.48498e-07
5.4392e-07
5.36445e-07
5.26148e-07
5.22838e-07
5.1335e-07
5.09576e-07
5.03021e-07
4.98227e-07
4.90343e-07
4.87715e-07
4.80941e-07
4.74351e-07
4.63961e-07
4.5831e-07
4.54116e-07
4.43614e-07
4.39961e-07
4.34432e-07
4.2991e-07
4.24401e-07
4.21123e-07
4.1738e-07
4.152e-07
4.07086e-07
4.0415e-07
3.99252e-07
3.97103e-07
3.9228e-07
3.80297e-07
3.75878e-07
3.70996e-07
3.65821e-07
3.6346e-07
3.59889e-07
3.5426e-07
3.50415e-07
3.45519e-07
3.43635e-07
3.41163e-07
3.34838e-07
3.25711e-07
3.2111e-07
3.15491e-07
3.04088e-07
2.99735e-07
2.96854e-07
2.93025e-07
2.9035e-07
2.83833e-07
2.82506e-07
2.77079e-07
2.71797e-07
2.66223e-07
2.63763e-07
2.60613e-07
2.54786e-07
2.50822e-07
2.41545e-07
2.39194e-07
2.37273e-07
2.32536e-07
2.28878e-07
2.26743e-07
2.2527e-07
2.19288e-07
2.13688e-07
2.02177e-07
2.00928e-07
1.9927e-07
1.96186e-07
1.94871e-07
1.92978e-07
1.89515e-07
1.8815e-07
1.86716e-07
1.85002e-07
1.82116e-07
1.79508e-07
1.77524e-07
1.75801e-07
1.7378e-07
1.69391e-07
1.67412e-07
1.66331e-07
1.64139e-07
1.62549e-07
1.58716e-07
1.56717e-07
1.55848e-07
1.54247e-07
1.53555e-07
1.53095e-07
1.51514e-07
1.48708e-07
1.46385e-07
1.43917e-07
1.42926e-07
1.40975e-07
1.38772e-07
1.37141e-07
1.34846e-07
1.32706e-07
1.29117e-07
1.26251e-07
1.25353e-07
1.23561e-07
1.22435e-07
1.21753e-07
1.19537e-07
1.17783e-07
1.16772e-07
1.15054e-07
1.14098e-07
1.12601e-07
1.11593e-07
1.10233e-07
1.08602e-07
1.07436e-07
1.06147e-07
1.05439e-07
1.04999e-07
1.03521e-07
1.01805e-07
9.98505e-08
9.90005e-08
9.81936e-08
9.75247e-08
9.6547e-08
9.51867e-08
9.43318e-08
9.28029e-08
9.20919e-08
9.14107e-08
9.01358e-08
8.93542e-08
8.82552e-08
8.76763e-08
8.67442e-08
8.58779e-08
8.49835e-08
8.43028e-08
8.34189e-08
8.245e-08
8.13508e-08
8.0287e-08
7.92087e-08
7.84098e-08
7.75487e-08
7.70559e-08
7.57957e-08
7.4603e-08
7.41494e-08
7.34718e-08
7.26973e-08
7.20249e-08
7.12619e-08
7.06412e-08
7.03e-08
6.95747e-08
6.89322e-08
6.85708e-08
6.80747e-08
6.71944e-08
6.64187e-08
6.5685e-08
6.5196e-08
6.4586e-08
6.3463e-08
6.22923e-08
6.16669e-08
6.08e-08
6.01684e-08
5.99006e-08
5.91483e-08
5.85196e-08
5.73781e-08
5.66972e-08
5.59581e-08
5.54246e-08
5.49474e-08
5.44869e-08
5.36312e-08
5.28541e-08
5.23922e-08
5.1605e-08
5.04973e-08
4.99877e-08
4.94591e-08
4.87679e-08
4.75154e-08
4.72343e-08
4.6922e-08
4.6462e-08
4.59604e-08
4.5003e-08
4.47019e-08
4.41884e-08
4.36981e-08
4.3202e-08
4.2809e-08
4.22959e-08
4.16709e-08
4.1043e-08
4.01646e-08
3.96893e-08
3.90897e-08
3.82886e-08
3.80184e-08
3.72404e-08
3.65717e-08
3.6174e-08
3.56509e-08
3.5343e-08
3.49337e-08
3.45913e-08
3.44233e-08
3.41806e-08
3.37838e-08
3.34721e-08
3.308e-08
3.2808e-08
3.25129e-08
3.19396e-08
3.12906e-08
3.07359e-08
3.04034e-08
3.0142e-08
2.9631e-08
2.92002e-08
2.86824e-08
2.78164e-08
2.75456e-08
2.72347e-08
2.67133e-08
2.62712e-08
2.61478e-08
2.57841e-08
2.56066e-08
2.53485e-08
2.49478e-08
2.47732e-08
2.46056e-08
2.43948e-08
2.39886e-08
2.38793e-08
2.3666e-08
2.33327e-08
2.28375e-08
2.26078e-08
2.24942e-08
2.22076e-08
2.20951e-08
2.19233e-08
2.17325e-08
2.15472e-08
2.13664e-08
2.12519e-08
2.11021e-08
2.09881e-08
2.08301e-08
2.06573e-08
2.05599e-08
2.03318e-08
2.02052e-08
2.01009e-08
1.98433e-08
1.97633e-08
1.94874e-08
1.94125e-08
1.92325e-08
1.90602e-08
1.88782e-08
1.87101e-08
1.84488e-08
1.81784e-08
1.7976e-08
1.76424e-08
1.741e-08
1.71412e-08
1.70105e-08
1.68464e-08
1.6624e-08
1.64299e-08
1.62429e-08
1.60033e-08
1.5863e-08
1.57437e-08
1.55599e-08
1.53669e-08
1.52347e-08
1.50583e-08
1.49128e-08
1.47918e-08
1.46187e-08
1.44726e-08
1.4371e-08
1.41966e-08
1.40501e-08
1.37789e-08
1.36776e-08
1.35788e-08
1.33797e-08
1.32269e-08
1.30807e-08
1.29455e-08
1.28226e-08
1.26889e-08
1.25677e-08
1.23922e-08
1.2212e-08
1.21688e-08
1.19419e-08
1.16987e-08
1.15991e-08
1.15309e-08
1.13899e-08
1.13207e-08
1.11466e-08
1.10402e-08
1.09217e-08
1.07718e-08
1.05292e-08
1.02836e-08
1.01829e-08
1.00556e-08
9.69363e-09
9.59338e-09
9.53276e-09
9.43095e-09
9.29628e-09
8.97072e-09
8.82256e-09
8.41387e-09
8.19452e-09
8.0158e-09
7.96541e-09
7.8788e-09
7.67838e-09
7.58385e-09
7.52602e-09
7.46315e-09
7.30055e-09
7.24365e-09
7.10355e-09
6.9636e-09
6.8826e-09
6.83134e-09
6.74244e-09
6.67574e-09
6.62487e-09
6.56706e-09
6.46308e-09
6.37722e-09
6.2811e-09
6.19067e-09
6.11173e-09
6.05708e-09
5.99925e-09
5.96169e-09
5.8836e-09
5.77246e-09
5.72025e-09
5.59241e-09
5.53915e-09
5.46812e-09
5.42006e-09
5.35894e-09
5.27719e-09
5.22989e-09
5.17115e-09
5.12816e-09
5.05583e-09
4.97157e-09
4.88818e-09
4.77054e-09
4.68749e-09
4.61412e-09
4.49638e-09
4.44734e-09
4.39794e-09
4.31066e-09
4.25893e-09
4.22245e-09
4.18589e-09
4.1503e-09
4.09643e-09
4.03067e-09
3.98681e-09
3.92769e-09
3.90529e-09
3.85079e-09
3.79036e-09
3.76417e-09
3.71854e-09
3.69253e-09
3.64775e-09
3.58115e-09
3.51864e-09
3.49071e-09
3.46235e-09
3.4257e-09
3.39872e-09
3.38241e-09
3.33267e-09
3.31806e-09
3.28822e-09
3.26352e-09
3.22777e-09
3.1306e-09
3.065e-09
3.00813e-09
2.9424e-09
2.87644e-09
2.84412e-09
2.81197e-09
2.77587e-09
2.74589e-09
2.71716e-09
2.65632e-09
2.6283e-09
2.61539e-09
2.5817e-09
2.50061e-09
2.46724e-09
2.43932e-09
2.40505e-09
2.36326e-09
2.34473e-09
2.30928e-09
2.26133e-09
2.23969e-09
2.17659e-09
2.14965e-09
2.13159e-09
2.11818e-09
2.0769e-09
2.0553e-09
2.04324e-09
2.02416e-09
1.99741e-09
1.98088e-09
1.96534e-09
1.92886e-09
1.90152e-09
1.86027e-09
1.81602e-09
1.79196e-09
1.77535e-09
1.7491e-09
1.73066e-09
1.71046e-09
1.6861e-09
1.65899e-09
1.63236e-09
1.61472e-09
1.56402e-09
1.55806e-09
1.53472e-09
1.52955e-09
1.52273e-09
1.51619e-09
1.4884e-09
1.47168e-09
1.45534e-09
1.43801e-09
1.42637e-09
1.40988e-09
1.40102e-09
1.38571e-09
1.37774e-09
1.36155e-09
1.34198e-09
1.31067e-09
1.2995e-09
1.27641e-09
1.26015e-09
1.244e-09
1.23391e-09
1.21628e-09
1.19434e-09
1.17828e-09
1.16838e-09
1.1434e-09
1.13577e-09
1.12822e-09
1.10466e-09
1.08884e-09
1.08075e-09
1.06234e-09
1.0404e-09
1.02802e-09
1.00227e-09
9.7808e-10
9.63401e-10
9.49154e-10
9.37101e-10
9.18695e-10
9.07601e-10
8.90185e-10
8.72398e-10
8.53577e-10
8.28735e-10
8.02749e-10
7.8871e-10
7.82602e-10
7.75747e-10
7.60985e-10
7.52394e-10
7.43272e-10
7.38427e-10
7.29532e-10
7.22176e-10
7.16548e-10
7.10195e-10
7.01258e-10
6.86657e-10
6.81813e-10
6.68073e-10
6.62716e-10
6.56546e-10
6.50899e-10
6.44807e-10
6.37686e-10
6.31417e-10
6.27693e-10
6.21032e-10
6.13525e-10
6.10554e-10
6.0722e-10
6.01877e-10
5.97501e-10
5.91492e-10
5.83339e-10
5.77655e-10
5.72419e-10
5.67554e-10
5.62968e-10
5.55051e-10
5.46878e-10
5.37715e-10
5.31912e-10
5.26134e-10
5.19855e-10
5.17041e-10
5.1183e-10
5.05905e-10
5.0223e-10
4.97252e-10
4.88361e-10
4.83556e-10
4.77977e-10
4.75852e-10
4.71668e-10
4.67407e-10
4.62225e-10
4.59491e-10
4.54176e-10
4.47366e-10
4.42934e-10
4.35948e-10
4.33297e-10
4.29963e-10
4.26685e-10
4.23961e-10
4.20758e-10
4.17827e-10
4.13895e-10
4.1042e-10
4.06983e-10
4.04635e-10
4.0178e-10
3.97006e-10
3.89251e-10
3.85537e-10
3.81838e-10
3.75317e-10
3.72513e-10
3.69668e-10
3.68134e-10
3.64538e-10
3.63406e-10
3.5834e-10
3.56482e-10
3.52722e-10
3.47545e-10
3.45753e-10
3.43367e-10
3.40231e-10
3.37511e-10
3.33412e-10
3.29159e-10
3.24859e-10
3.18466e-10
3.1124e-10
3.08514e-10
3.0544e-10
3.02869e-10
3.00025e-10
2.97985e-10
2.95073e-10
2.9214e-10
2.90225e-10
2.8656e-10
2.83282e-10
2.80166e-10
2.76517e-10
2.73369e-10
2.7018e-10
2.67759e-10
2.6512e-10
2.62839e-10
2.60697e-10
2.55784e-10
2.53095e-10
2.49973e-10
2.4652e-10
2.43359e-10
2.39203e-10
2.37456e-10
2.34035e-10
2.2935e-10
2.26237e-10
2.22719e-10
2.21664e-10
2.18486e-10
2.16677e-10
2.14529e-10
2.1128e-10
2.07568e-10
2.05294e-10
2.0294e-10
2.00683e-10
1.96361e-10
1.92654e-10
1.90564e-10
1.87897e-10
1.85807e-10
1.84222e-10
1.79993e-10
1.77737e-10
1.7515e-10
1.73346e-10
1.71348e-10
1.66539e-10
1.6443e-10
1.60456e-10
1.57222e-10
1.53984e-10
1.51157e-10
1.46727e-10
1.45399e-10
1.42872e-10
1.41618e-10
1.38494e-10
1.36764e-10
1.34438e-10
1.3191e-10
1.30275e-10
1.26079e-10
1.22774e-10
1.21386e-10
1.18099e-10
1.16781e-10
1.15924e-10
1.14906e-10
1.13066e-10
1.11322e-10
1.10356e-10
1.09354e-10
1.0798e-10
1.06739e-10
1.05672e-10
1.04312e-10
1.02892e-10
1.01677e-10
1.00572e-10
9.99509e-11
9.87835e-11
9.74054e-11
9.65877e-11
9.53077e-11
9.47091e-11
9.32707e-11
9.22265e-11
9.09271e-11
8.99196e-11
8.8742e-11
8.79617e-11
8.72464e-11
8.66891e-11
8.59449e-11
8.54156e-11
8.4666e-11
8.38905e-11
8.35417e-11
8.29398e-11
8.17651e-11
8.1058e-11
8.0031e-11
7.9147e-11
7.68679e-11
7.61392e-11
7.48056e-11
7.34029e-11
7.24487e-11
7.19267e-11
7.14321e-11
7.05042e-11
6.99866e-11
6.91411e-11
6.81415e-11
6.7664e-11
6.69403e-11
6.62319e-11
6.52718e-11
6.46662e-11
6.37369e-11
6.29539e-11
6.19913e-11
6.13285e-11
6.0627e-11
6.00579e-11
5.96722e-11
5.9102e-11
5.79163e-11
5.69703e-11
5.6343e-11
5.58802e-11
5.51368e-11
5.39754e-11
5.31138e-11
5.28041e-11
5.19483e-11
5.05853e-11
4.97179e-11
4.93129e-11
4.82315e-11
4.70772e-11
4.66168e-11
4.61156e-11
4.58047e-11
4.55069e-11
4.51777e-11
4.45451e-11
4.43881e-11
4.39524e-11
4.33449e-11
4.31539e-11
4.28604e-11
4.25442e-11
4.19987e-11
4.14718e-11
4.10575e-11
4.06389e-11
4.00772e-11
3.90014e-11
3.84089e-11
3.76802e-11
3.68227e-11
3.66505e-11
3.61193e-11
3.58169e-11
3.48029e-11
3.42422e-11
3.38744e-11
3.37376e-11
3.31825e-11
3.28866e-11
3.25931e-11
3.24637e-11
3.2225e-11
3.19334e-11
3.16275e-11
3.12379e-11
3.08972e-11
3.06641e-11
3.00245e-11
2.96733e-11
2.91834e-11
2.89227e-11
2.88491e-11
2.83846e-11
2.80612e-11
2.77018e-11
2.75285e-11
2.7275e-11
2.69635e-11
2.62407e-11
2.59394e-11
2.5678e-11
2.54532e-11
2.52318e-11
2.49788e-11
2.44671e-11
2.43685e-11
2.41403e-11
2.38683e-11
2.36314e-11
2.35188e-11
2.32226e-11
2.30733e-11
2.29272e-11
2.26551e-11
2.25203e-11
2.22656e-11
2.21165e-11
2.19588e-11
2.17007e-11
2.15113e-11
2.13136e-11
2.10336e-11
2.07338e-11
2.03813e-11
2.03177e-11
2.00222e-11
1.983e-11
1.96623e-11
1.93537e-11
1.89848e-11
1.8652e-11
1.84884e-11
1.81314e-11
1.80238e-11
1.7549e-11
1.73731e-11
1.70468e-11
1.67239e-11
1.64082e-11
1.61484e-11
1.59241e-11
1.56797e-11
1.547e-11
1.52038e-11
1.50762e-11
1.50077e-11
1.48868e-11
1.46009e-11
1.43489e-11
1.42239e-11
1.41081e-11
1.39551e-11
1.37226e-11
1.35069e-11
1.31128e-11
1.29017e-11
1.26052e-11
1.25423e-11
1.22896e-11
1.21694e-11
1.2047e-11
1.18333e-11
1.17708e-11
1.14774e-11
1.13663e-11
1.11885e-11
1.10345e-11
1.09635e-11
1.07753e-11
1.06326e-11
1.04788e-11
1.03491e-11
1.03083e-11
1.00993e-11
9.75984e-12
9.62103e-12
9.31458e-12
9.02449e-12
8.96343e-12
8.92291e-12
8.8618e-12
8.74595e-12
8.66039e-12
8.44964e-12
8.36844e-12
8.24719e-12
8.21676e-12
8.15779e-12
7.89061e-12
7.75723e-12
7.6969e-12
7.62814e-12
7.5821e-12
7.46083e-12
7.41022e-12
7.37524e-12
7.31915e-12
7.28573e-12
7.14402e-12
7.07999e-12
7.02552e-12
6.96883e-12
6.88513e-12
6.82051e-12
6.74894e-12
6.68508e-12
6.54938e-12
6.45113e-12
6.343e-12
6.25072e-12
6.1758e-12
6.09551e-12
6.035e-12
5.99257e-12
5.88468e-12
5.81493e-12
5.774e-12
5.733e-12
5.61346e-12
5.44764e-12
5.36107e-12
5.30972e-12
5.21587e-12
5.13946e-12
4.9778e-12
4.86539e-12
4.76789e-12
4.74163e-12
4.71823e-12
4.68014e-12
4.56132e-12
4.47687e-12
4.43633e-12
4.33845e-12
4.28114e-12
4.24465e-12
4.16225e-12
4.0473e-12
3.95537e-12
3.929e-12
3.88822e-12
3.6747e-12
3.51491e-12
3.4824e-12
3.41967e-12
3.29874e-12
3.27802e-12
3.17415e-12
3.1491e-12
3.12545e-12
3.09684e-12
3.06985e-12
3.03998e-12
2.99242e-12
2.9102e-12
2.87374e-12
2.76987e-12
2.7463e-12
2.73215e-12
2.70387e-12
2.67573e-12
2.63896e-12
2.59393e-12
2.55951e-12
2.53287e-12
2.50379e-12
2.48068e-12
2.46957e-12
2.39839e-12
2.38715e-12
2.36347e-12
2.33435e-12
2.31922e-12
2.28107e-12
2.24729e-12
2.23207e-12
2.21529e-12
2.19981e-12
2.18696e-12
2.17143e-12
2.15812e-12
2.14183e-12
2.12825e-12
2.10484e-12
2.08469e-12
2.06653e-12
2.04773e-12
2.0293e-12
1.99527e-12
1.97789e-12
1.9602e-12
1.94527e-12
1.92918e-12
1.90672e-12
1.88342e-12
1.86859e-12
1.84562e-12
1.83241e-12
1.80181e-12
1.78455e-12
1.77543e-12
1.76442e-12
1.74285e-12
1.7367e-12
1.72006e-12
1.70466e-12
1.68667e-12
1.66537e-12
1.64669e-12
1.63205e-12
1.62724e-12
1.60218e-12
1.57661e-12
1.56555e-12
1.55724e-12
1.55091e-12
1.5467e-12
1.53751e-12
1.52089e-12
1.49763e-12
1.4786e-12
1.466e-12
1.44151e-12
1.41396e-12
1.40265e-12
1.38253e-12
1.36449e-12
1.35314e-12
1.32807e-12
1.30438e-12
1.29515e-12
1.28636e-12
1.27585e-12
1.24984e-12
1.23531e-12
1.21419e-12
1.1963e-12
1.18443e-12
1.16957e-12
1.14998e-12
1.13149e-12
1.12455e-12
1.10779e-12
1.10224e-12
1.09316e-12
1.0892e-12
1.08516e-12
1.07334e-12
1.06606e-12
1.05676e-12
1.04726e-12
1.02784e-12
1.02159e-12
1.01792e-12
1.00599e-12
9.95273e-13
9.87169e-13
9.80408e-13
9.69463e-13
9.55834e-13
9.4429e-13
9.24814e-13
9.07987e-13
8.95254e-13
8.78695e-13
8.67868e-13
8.56498e-13
8.44547e-13
8.34897e-13
8.26609e-13
8.20945e-13
8.15798e-13
8.02396e-13
7.8949e-13
7.85384e-13
7.52399e-13
7.38395e-13
7.28147e-13
7.12848e-13
7.06706e-13
7.00678e-13
6.92731e-13
6.87799e-13
6.78953e-13
6.6746e-13
6.6483e-13
6.58366e-13
6.53629e-13
6.42862e-13
6.35728e-13
6.28231e-13
6.24644e-13
6.15086e-13
6.11765e-13
6.05844e-13
5.97153e-13
5.86761e-13
5.78975e-13
5.75212e-13
5.69558e-13
5.62375e-13
5.56034e-13
5.48109e-13
5.3833e-13
5.32664e-13
5.28881e-13
5.21214e-13
5.16175e-13
5.11347e-13
5.0738e-13
5.04983e-13
5.00826e-13
4.9782e-13
4.92357e-13
4.89185e-13
4.86106e-13
4.79454e-13
4.77381e-13
4.7461e-13
4.67201e-13
4.63138e-13
4.58162e-13
4.53907e-13
4.51532e-13
4.47289e-13
4.40628e-13
4.34626e-13
4.25686e-13
4.16916e-13
4.14978e-13
4.08898e-13
4.05926e-13
4.04352e-13
3.98318e-13
3.94108e-13
3.88945e-13
3.83862e-13
3.78956e-13
3.75694e-13
3.66725e-13
3.64897e-13
3.57e-13
3.49672e-13
3.45455e-13
3.4301e-13
3.38722e-13
3.33814e-13
3.29764e-13
3.25678e-13
3.17931e-13
3.1484e-13
3.02994e-13
2.94807e-13
2.91338e-13
2.88293e-13
2.82263e-13
2.79167e-13
2.7452e-13
2.69194e-13
2.67318e-13
2.61878e-13
2.57516e-13
2.5186e-13
2.49505e-13
2.46855e-13
2.44241e-13
2.37198e-13
2.34404e-13
2.31921e-13
2.25417e-13
2.23012e-13
2.16218e-13
2.14889e-13
2.13531e-13
2.11366e-13
2.10882e-13
2.09118e-13
2.07604e-13
2.03969e-13
2.00558e-13
1.98141e-13
1.93967e-13
1.89376e-13
1.87836e-13
1.84805e-13
1.79749e-13
1.77563e-13
1.75934e-13
1.69971e-13
1.68332e-13
1.66783e-13
1.62551e-13
1.59362e-13
1.57561e-13
1.5426e-13
1.53269e-13
1.51064e-13
1.47099e-13
1.44919e-13
1.43744e-13
1.40488e-13
1.38668e-13
1.37386e-13
1.3462e-13
1.31653e-13
1.31072e-13
1.29567e-13
1.27643e-13
1.25435e-13
1.24569e-13
1.23414e-13
1.22195e-13
1.1936e-13
1.17534e-13
1.14978e-13
1.13888e-13
1.11939e-13
1.09065e-13
1.07684e-13
1.06459e-13
1.01953e-13
1.01459e-13
1.00014e-13
9.89978e-14
9.82576e-14
9.73417e-14
9.59308e-14
9.54605e-14
9.31823e-14
9.25828e-14
9.09432e-14
9.04963e-14
8.93237e-14
8.84407e-14
8.78833e-14
8.72061e-14
8.54948e-14
8.4043e-14
8.29655e-14
8.24451e-14
8.16984e-14
8.10177e-14
8.05217e-14
7.88738e-14
7.59278e-14
7.35385e-14
7.22476e-14
7.05921e-14
7.02567e-14
6.87434e-14
6.80627e-14
6.76086e-14
6.72032e-14
6.66634e-14
6.5967e-14
6.49945e-14
6.41184e-14
6.38012e-14
6.30825e-14
6.25467e-14
6.11466e-14
6.09647e-14
6.06597e-14
6.04578e-14
5.94383e-14
5.88136e-14
5.78836e-14
5.70944e-14
5.64867e-14
5.55154e-14
5.43948e-14
5.35413e-14
5.29278e-14
5.16029e-14
5.12709e-14
5.08541e-14
5.01045e-14
4.91327e-14
4.85508e-14
4.74558e-14
4.62823e-14
4.6094e-14
4.586e-14
4.46735e-14
4.423e-14
4.38474e-14
4.30837e-14
4.23638e-14
4.19849e-14
4.12917e-14
4.10539e-14
3.98001e-14
3.92853e-14
3.84566e-14
3.80861e-14
3.77381e-14
3.72905e-14
3.70707e-14
3.64518e-14
3.63187e-14
3.58821e-14
3.52816e-14
3.49732e-14
3.47333e-14
3.44029e-14
3.37392e-14
3.335e-14
3.30365e-14
3.25188e-14
3.19777e-14
3.14503e-14
3.10441e-14
3.06654e-14
3.02667e-14
2.99584e-14
2.95338e-14
2.9054e-14
2.86567e-14
2.83629e-14
2.80229e-14
2.77733e-14
2.76e-14
2.73025e-14
2.68867e-14
2.65552e-14
2.59687e-14
2.54915e-14
2.49823e-14
2.4599e-14
2.42538e-14
2.38613e-14
2.34961e-14
2.30865e-14
2.29363e-14
2.26364e-14
2.2327e-14
2.19371e-14
2.16989e-14
2.1447e-14
2.12455e-14
2.10222e-14
2.05498e-14
2.03102e-14
2.00455e-14
1.9615e-14
1.91687e-14
1.85894e-14
1.83579e-14
1.81146e-14
1.77178e-14
1.74043e-14
1.70625e-14
1.68375e-14
1.66622e-14
1.64841e-14
1.62631e-14
1.61003e-14
1.57845e-14
1.56533e-14
1.56005e-14
1.55115e-14
1.53323e-14
1.50417e-14
1.48847e-14
1.46626e-14
1.44575e-14
1.41163e-14
1.39458e-14
1.37732e-14
1.35716e-14
1.3436e-14
1.33084e-14
1.31928e-14
1.30614e-14
1.29491e-14
1.2813e-14
1.26512e-14
1.25082e-14
1.23372e-14
1.222e-14
1.20088e-14
1.19451e-14
1.18123e-14
1.17399e-14
1.16012e-14
1.14748e-14
1.13255e-14
1.12714e-14
1.10949e-14
1.09588e-14
1.08184e-14
1.07549e-14
1.06638e-14
1.05485e-14
1.04656e-14
1.03638e-14
1.025e-14
1.00862e-14
9.98603e-15
9.87252e-15
9.74563e-15
9.6379e-15
9.46986e-15
9.37635e-15
9.28144e-15
9.16982e-15
9.13547e-15
9.00182e-15
8.87857e-15
8.81807e-15
8.73943e-15
8.68647e-15
8.57112e-15
8.48396e-15
8.37452e-15
8.27281e-15
8.16103e-15
8.08943e-15
7.97728e-15
7.87798e-15
7.80257e-15
7.74371e-15
7.62358e-15
7.52449e-15
7.43765e-15
7.36688e-15
7.26074e-15
7.17162e-15
7.13897e-15
7.03848e-15
6.95807e-15
6.87217e-15
6.76998e-15
6.70793e-15
6.59958e-15
6.53509e-15
6.48427e-15
6.43917e-15
6.34083e-15
6.27277e-15
6.15462e-15
6.02293e-15
5.98319e-15
5.91926e-15
5.857e-15
5.81526e-15
5.76187e-15
5.68712e-15
5.61289e-15
5.58418e-15
5.52827e-15
5.49258e-15
5.44903e-15
5.41666e-15
5.38044e-15
5.34332e-15
5.30211e-15
5.2609e-15
5.21728e-15
5.17099e-15
5.09912e-15
5.00798e-15
4.92384e-15
4.85847e-15
4.81136e-15
4.75827e-15
4.6794e-15
4.64224e-15
4.52837e-15
4.4293e-15
4.39624e-15
4.37126e-15
4.31147e-15
4.27781e-15
4.25655e-15
4.186e-15
4.16954e-15
4.12753e-15
4.08445e-15
4.05279e-15
4.00912e-15
3.96324e-15
3.89518e-15
3.87163e-15
3.82968e-15
3.77867e-15
3.72946e-15
3.6955e-15
3.64732e-15
3.60074e-15
3.58335e-15
3.54256e-15
3.51288e-15
3.45864e-15
3.4157e-15
3.38485e-15
3.35181e-15
3.31208e-15
3.27309e-15
3.22891e-15
3.20172e-15
3.17023e-15
3.14083e-15
3.0937e-15
3.05066e-15
3.01325e-15
3.00189e-15
2.96498e-15
2.92394e-15
2.88176e-15
2.83602e-15
2.75084e-15
2.6831e-15
2.66806e-15
2.64578e-15
2.61612e-15
2.5887e-15
2.54156e-15
2.50716e-15
2.45893e-15
2.41996e-15
2.38326e-15
2.36493e-15
2.33652e-15
2.29934e-15
2.22952e-15
2.1869e-15
2.1618e-15
2.1102e-15
2.05962e-15
2.0423e-15
2.02246e-15
1.99874e-15
1.97992e-15
1.96706e-15
1.92087e-15
1.88735e-15
1.86577e-15
1.84408e-15
1.81632e-15
1.78995e-15
1.77223e-15
1.75715e-15
1.7395e-15
1.72514e-15
1.71247e-15
1.70075e-15
1.69038e-15
1.67318e-15
1.66507e-15
1.64574e-15
1.63678e-15
1.61274e-15
1.59697e-15
1.57546e-15
1.55204e-15
1.53951e-15
1.52465e-15
1.50934e-15
1.4904e-15
1.4735e-15
1.46117e-15
1.44858e-15
1.43747e-15
1.42133e-15
1.40918e-15
1.4033e-15
1.39622e-15
1.39021e-15
1.38146e-15
1.36696e-15
1.35767e-15
1.33812e-15
1.32861e-15
1.31834e-15
1.30996e-15
1.29331e-15
1.28743e-15
1.27954e-15
1.26764e-15
1.25445e-15
1.23864e-15
1.22725e-15
1.21756e-15
1.20742e-15
1.19881e-15
1.19117e-15
1.17209e-15
1.15397e-15
1.1334e-15
1.12002e-15
1.11043e-15
1.0962e-15
1.08886e-15
1.05466e-15
1.04536e-15
1.02828e-15
1.01402e-15
1.00157e-15
9.93429e-16
9.721e-16
9.59986e-16
9.44416e-16
9.36343e-16
9.24789e-16
9.15777e-16
9.0594e-16
8.96183e-16
8.83081e-16
8.7542e-16
8.56859e-16
8.47819e-16
8.33952e-16
8.18398e-16
8.0614e-16
7.90652e-16
7.8548e-16
7.76083e-16
7.63725e-16
7.54627e-16
7.44604e-16
7.37808e-16
7.19969e-16
7.14254e-16
7.0995e-16
7.01409e-16
6.94371e-16
6.83234e-16
6.73595e-16
6.5781e-16
6.53104e-16
6.46675e-16
6.35264e-16
6.29276e-16
6.19219e-16
6.15107e-16
6.1233e-16
6.03031e-16
6.0021e-16
5.93559e-16
5.88312e-16
5.81602e-16
5.77634e-16
5.67523e-16
5.56332e-16
5.4599e-16
5.41383e-16
5.24725e-16
5.04229e-16
4.90025e-16
4.8001e-16
4.68079e-16
4.59847e-16
4.52325e-16
4.46464e-16
4.42833e-16
4.36087e-16
4.26825e-16
4.22682e-16
4.12174e-16
4.03739e-16
3.97464e-16
3.91951e-16
3.89752e-16
3.84663e-16
3.81593e-16
3.73313e-16
3.69305e-16
3.65522e-16
3.61584e-16
3.59337e-16
3.53909e-16
3.52485e-16
3.50291e-16
3.47687e-16
3.43042e-16
3.38749e-16
3.3393e-16
3.29703e-16
3.27221e-16
3.22998e-16
3.20274e-16
3.17004e-16
3.13943e-16
3.09593e-16
3.03485e-16
3.00946e-16
2.97748e-16
2.93741e-16
2.90631e-16
2.8636e-16
2.83116e-16
2.78376e-16
2.72179e-16
2.68187e-16
2.65684e-16
2.62333e-16
2.59001e-16
2.58154e-16
2.52942e-16
2.50172e-16
2.46672e-16
2.40626e-16
2.34614e-16
2.32066e-16
2.30437e-16
2.28185e-16
2.26296e-16
2.22763e-16
2.20065e-16
2.16914e-16
2.1468e-16
2.12645e-16
2.07973e-16
2.06122e-16
2.04374e-16
2.02829e-16
2.00978e-16
1.97806e-16
1.96586e-16
1.95717e-16
1.94065e-16
1.93337e-16
1.90818e-16
1.89602e-16
1.86958e-16
1.84608e-16
1.82473e-16
1.80949e-16
1.79461e-16
1.78283e-16
1.76329e-16
1.75677e-16
1.73813e-16
1.71735e-16
1.70269e-16
1.67942e-16
1.66399e-16
1.65882e-16
1.64856e-16
1.63917e-16
1.62392e-16
1.60835e-16
1.58933e-16
1.5731e-16
1.56252e-16
1.54291e-16
1.52805e-16
1.49974e-16
1.48345e-16
1.45924e-16
1.43385e-16
1.41961e-16
1.4074e-16
1.39199e-16
1.38065e-16
1.35939e-16
1.33216e-16
1.3111e-16
1.28199e-16
1.26062e-16
1.25651e-16
1.24002e-16
1.23176e-16
1.22609e-16
1.21539e-16
1.20304e-16
1.18489e-16
1.15322e-16
1.14018e-16
1.1239e-16
1.10424e-16
1.08814e-16
1.07431e-16
1.06582e-16
1.05988e-16
1.05301e-16
1.04299e-16
1.03407e-16
1.01863e-16
9.94193e-17
9.8447e-17
9.75649e-17
9.70297e-17
9.59785e-17
9.50669e-17
9.40774e-17
9.3476e-17
9.16833e-17
8.98578e-17
8.8753e-17
8.83249e-17
8.70583e-17
8.61214e-17
8.53413e-17
8.39521e-17
8.33311e-17
8.25428e-17
8.15694e-17
7.97279e-17
7.84278e-17
7.80434e-17
7.77041e-17
7.62659e-17
7.60081e-17
7.50967e-17
7.47578e-17
7.4083e-17
7.29277e-17
7.23014e-17
7.11887e-17
7.06472e-17
7.01756e-17
6.90855e-17
6.88233e-17
6.7922e-17
6.71443e-17
6.64003e-17
6.587e-17
6.53831e-17
6.37613e-17
6.34673e-17
6.26696e-17
6.18851e-17
6.13453e-17
6.07611e-17
5.98164e-17
5.95038e-17
5.90107e-17
5.86516e-17
5.79713e-17
5.6577e-17
5.61999e-17
5.53556e-17
5.4434e-17
5.40982e-17
5.37241e-17
5.30364e-17
5.27303e-17
5.24902e-17
5.20554e-17
5.18144e-17
5.13305e-17
5.04512e-17
5.01451e-17
4.94769e-17
4.8923e-17
4.83447e-17
4.79249e-17
4.76161e-17
4.72364e-17
4.65608e-17
4.58923e-17
4.54545e-17
4.50671e-17
4.46061e-17
4.41237e-17
4.3356e-17
4.32256e-17
4.2664e-17
4.11809e-17
4.0791e-17
4.01837e-17
3.87453e-17
3.82461e-17
3.76861e-17
3.73626e-17
3.68956e-17
3.61956e-17
3.5776e-17
3.5477e-17
3.46017e-17
3.42552e-17
3.37159e-17
3.35406e-17
3.32749e-17
3.29356e-17
3.26489e-17
3.2212e-17
3.17841e-17
3.07649e-17
3.05376e-17
3.01928e-17
2.93475e-17
2.85661e-17
2.79461e-17
2.78059e-17
2.72754e-17
2.69836e-17
2.66937e-17
2.60578e-17
2.58848e-17
2.55806e-17
2.54145e-17
2.52916e-17
2.4645e-17
2.41024e-17
2.39439e-17
2.35803e-17
2.32659e-17
2.29818e-17
2.26775e-17
2.25142e-17
2.22195e-17
2.19998e-17
2.18291e-17
2.16985e-17
2.14746e-17
2.13168e-17
2.11694e-17
2.09574e-17
2.05948e-17
2.02524e-17
2.00008e-17
1.97162e-17
1.94093e-17
1.93153e-17
1.91872e-17
1.88837e-17
1.87129e-17
1.84865e-17
1.81555e-17
1.79647e-17
1.76511e-17
1.75683e-17
1.73368e-17
1.71238e-17
1.68355e-17
1.66386e-17
1.65202e-17
1.63799e-17
1.61012e-17
1.59023e-17
1.57495e-17
1.54374e-17
1.52605e-17
1.50638e-17
1.48664e-17
1.46931e-17
1.45846e-17
1.4519e-17
1.42553e-17
1.4084e-17
1.39444e-17
1.3878e-17
1.36033e-17
1.35169e-17
1.32554e-17
1.31298e-17
1.29419e-17
1.27843e-17
1.23182e-17
1.22042e-17
1.20512e-17
1.17942e-17
1.15937e-17
1.15644e-17
1.13912e-17
1.13087e-17
1.11041e-17
1.0785e-17
1.06114e-17
1.04313e-17
1.01914e-17
1.01575e-17
9.92297e-18
9.86422e-18
9.70632e-18
9.66852e-18
9.4102e-18
9.20242e-18
9.12639e-18
8.98167e-18
8.93522e-18
8.8653e-18
8.75373e-18
8.62205e-18
8.54342e-18
8.49807e-18
8.41337e-18
8.33962e-18
8.2205e-18
8.11342e-18
8.01449e-18
7.87265e-18
7.82271e-18
7.76333e-18
7.66173e-18
7.6055e-18
7.41122e-18
7.35027e-18
7.27507e-18
7.15504e-18
7.07289e-18
7.02352e-18
6.82186e-18
6.73463e-18
6.67869e-18
6.59329e-18
6.55071e-18
6.50175e-18
6.40236e-18
6.38617e-18
6.29566e-18
6.22331e-18
6.11425e-18
6.01146e-18
5.95293e-18
5.86358e-18
5.78206e-18
5.74799e-18
5.70158e-18
5.54998e-18
5.47456e-18
5.40287e-18
5.35803e-18
5.30608e-18
5.26896e-18
5.22408e-18
5.19237e-18
5.1533e-18
5.08182e-18
5.04874e-18
4.95061e-18
4.89814e-18
4.83769e-18
4.78905e-18
4.68995e-18
4.63244e-18
4.54646e-18
4.4715e-18
4.39616e-18
4.28871e-18
4.11563e-18
4.02439e-18
3.98588e-18
3.92694e-18
3.87854e-18
3.78233e-18
3.66876e-18
3.58964e-18
3.51352e-18
3.39629e-18
3.29273e-18
3.25147e-18
3.13482e-18
3.08887e-18
3.04886e-18
2.98936e-18
2.95833e-18
2.90957e-18
2.84801e-18
2.83148e-18
2.79303e-18
2.7361e-18
2.70772e-18
2.67104e-18
2.60847e-18
2.53657e-18
2.49235e-18
2.4351e-18
2.39685e-18
2.35201e-18
2.33477e-18
2.29253e-18
2.26767e-18
2.2376e-18
2.16336e-18
2.13982e-18
2.08591e-18
2.05177e-18
2.03232e-18
2.01081e-18
1.99006e-18
1.9674e-18
1.93748e-18
1.91149e-18
1.89577e-18
1.8499e-18
1.82698e-18
1.81169e-18
1.79314e-18
1.77742e-18
1.7575e-18
1.75199e-18
1.73225e-18
1.71711e-18
1.69846e-18
1.68508e-18
1.67582e-18
1.65137e-18
1.63884e-18
1.6151e-18
1.58255e-18
1.56693e-18
1.54525e-18
1.52481e-18
1.522e-18
1.49464e-18
1.48257e-18
1.4435e-18
1.42774e-18
1.40964e-18
1.39309e-18
1.3608e-18
1.33191e-18
1.314e-18
1.28512e-18
1.27324e-18
1.25215e-18
1.23967e-18
1.21406e-18
1.19642e-18
1.17744e-18
1.1632e-18
1.14567e-18
1.13246e-18
1.1259e-18
1.1161e-18
1.09448e-18
1.07395e-18
1.06444e-18
1.05984e-18
1.04325e-18
1.03649e-18
1.02949e-18
1.01934e-18
1.01205e-18
1.00682e-18
9.94355e-19
9.8058e-19
9.60807e-19
9.4991e-19
9.28566e-19
9.1691e-19
9.09658e-19
8.99617e-19
8.83699e-19
8.78135e-19
8.6547e-19
8.59404e-19
8.51014e-19
8.36286e-19
8.32026e-19
8.22156e-19
8.08292e-19
7.96847e-19
7.87446e-19
7.74128e-19
7.65246e-19
7.53363e-19
7.48393e-19
7.35923e-19
7.18033e-19
7.09771e-19
6.99484e-19
6.90981e-19
6.83203e-19
6.81383e-19
6.77332e-19
6.73335e-19
6.6924e-19
6.60812e-19
6.53822e-19
6.43337e-19
6.35396e-19
6.32932e-19
6.29154e-19
6.24411e-19
6.17537e-19
6.11526e-19
6.05645e-19
6.02848e-19
5.97421e-19
5.89941e-19
5.82511e-19
5.764e-19
5.67506e-19
5.62877e-19
5.5572e-19
5.51659e-19
5.46951e-19
5.39522e-19
5.31256e-19
5.23833e-19
5.1964e-19
5.14429e-19
5.11231e-19
5.03829e-19
4.98473e-19
4.94259e-19
4.8931e-19
4.84626e-19
4.7704e-19
4.7271e-19
4.66187e-19
4.61351e-19
4.58203e-19
4.53646e-19
4.51888e-19
4.4788e-19
4.46135e-19
4.42648e-19
4.41083e-19
4.38014e-19
4.33375e-19
4.31104e-19
4.29454e-19
4.26266e-19
4.23333e-19
4.20981e-19
4.16007e-19
4.12847e-19
4.0981e-19
4.06641e-19
4.00034e-19
3.97793e-19
3.92967e-19
3.90446e-19
3.84976e-19
3.78389e-19
3.74747e-19
3.70611e-19
3.65937e-19
3.64067e-19
3.60192e-19
3.58672e-19
3.57547e-19
3.54334e-19
3.51539e-19
3.48791e-19
3.46331e-19
3.4101e-19
3.36397e-19
3.32716e-19
3.29798e-19
3.2623e-19
3.2293e-19
3.20117e-19
3.16459e-19
3.13827e-19
3.1088e-19
3.09382e-19
3.07892e-19
3.0694e-19
3.04431e-19
3.02137e-19
2.99157e-19
2.97654e-19
2.95445e-19
2.91515e-19
2.88467e-19
2.86416e-19
2.8514e-19
2.8256e-19
2.80727e-19
2.79974e-19
2.78496e-19
2.76745e-19
2.74446e-19
2.71863e-19
2.69221e-19
2.67289e-19
2.64198e-19
2.62209e-19
2.60766e-19
2.57361e-19
2.54632e-19
2.50785e-19
2.49017e-19
2.47356e-19
2.42372e-19
2.3885e-19
2.33595e-19
2.30713e-19
2.25366e-19
2.21435e-19
2.1728e-19
2.12707e-19
2.1131e-19
2.10881e-19
2.0911e-19
2.08238e-19
2.07155e-19
2.05905e-19
2.03461e-19
2.00307e-19
1.99115e-19
1.96735e-19
1.95544e-19
1.9343e-19
1.92548e-19
1.90171e-19
1.86069e-19
1.84512e-19
1.82225e-19
1.78493e-19
1.7571e-19
1.71874e-19
1.70823e-19
1.69975e-19
1.66299e-19
1.64758e-19
1.63047e-19
1.58267e-19
1.56108e-19
1.53695e-19
1.51623e-19
1.47867e-19
1.45153e-19
1.43778e-19
1.41225e-19
1.39074e-19
1.37355e-19
1.32719e-19
1.31711e-19
1.28701e-19
1.27369e-19
1.26116e-19
1.22955e-19
1.19494e-19
1.18583e-19
1.17703e-19
1.16243e-19
1.13751e-19
1.11902e-19
1.10194e-19
1.07109e-19
1.06346e-19
1.06077e-19
1.053e-19
1.03814e-19
1.03254e-19
1.02029e-19
1.00955e-19
1.00543e-19
9.98055e-20
9.90689e-20
9.80885e-20
9.69283e-20
9.60587e-20
9.49232e-20
9.42836e-20
9.35143e-20
9.13797e-20
9.08544e-20
9.0254e-20
8.90464e-20
8.83986e-20
8.69076e-20
8.62361e-20
8.5802e-20
8.52794e-20
8.38667e-20
8.32932e-20
8.23416e-20
8.18184e-20
8.03605e-20
7.99402e-20
7.87855e-20
7.79841e-20
7.68949e-20
7.5805e-20
7.40666e-20
7.2566e-20
7.23391e-20
7.19594e-20
7.15203e-20
7.12702e-20
7.08168e-20
7.06364e-20
7.01991e-20
6.98154e-20
6.94218e-20
6.90028e-20
6.82347e-20
6.74098e-20
6.71686e-20
6.66199e-20
6.5519e-20
6.49242e-20
6.45854e-20
6.36988e-20
6.3209e-20
6.20447e-20
6.12112e-20
5.99152e-20
5.9161e-20
5.73799e-20
5.63589e-20
5.57691e-20
5.51181e-20
5.49965e-20
5.45856e-20
5.41532e-20
5.34313e-20
5.29907e-20
5.21749e-20
5.18054e-20
5.13771e-20
5.08782e-20
5.05067e-20
4.98753e-20
4.94418e-20
4.87162e-20
4.79322e-20
4.76666e-20
4.72932e-20
4.66319e-20
4.635e-20
4.6041e-20
4.51308e-20
4.40107e-20
4.30371e-20
4.25386e-20
4.21271e-20
4.16598e-20
4.11511e-20
4.07649e-20
4.04581e-20
4.01706e-20
3.95457e-20
3.86929e-20
3.85239e-20
3.79441e-20
3.76732e-20
3.75769e-20
3.72029e-20
3.70698e-20
3.65458e-20
3.58533e-20
3.53449e-20
3.45633e-20
3.3974e-20
3.36521e-20
3.31631e-20
3.30479e-20
3.25855e-20
3.24245e-20
3.21145e-20
3.19839e-20
3.15126e-20
3.13797e-20
3.12956e-20
3.07837e-20
3.04642e-20
3.03219e-20
3.01307e-20
2.98614e-20
2.95972e-20
2.90239e-20
2.87448e-20
2.8393e-20
2.78184e-20
2.71467e-20
2.59174e-20
2.53386e-20
2.51557e-20
2.49071e-20
2.42677e-20
2.40346e-20
2.3912e-20
2.36818e-20
2.33572e-20
2.30671e-20
2.27887e-20
2.2709e-20
2.23442e-20
2.22051e-20
2.18578e-20
2.15676e-20
2.13182e-20
2.10495e-20
2.04377e-20
2.00607e-20
1.97472e-20
1.92502e-20
1.9116e-20
1.90572e-20
1.8937e-20
1.87296e-20
1.81655e-20
1.80834e-20
1.79874e-20
1.75408e-20
1.72072e-20
1.69335e-20
1.68474e-20
1.66523e-20
1.6515e-20
1.63799e-20
1.62879e-20
1.60845e-20
1.59892e-20
1.59039e-20
1.55294e-20
1.50629e-20
1.50339e-20
1.48254e-20
1.45721e-20
1.42281e-20
1.41553e-20
1.40897e-20
1.40076e-20
1.37318e-20
1.36164e-20
1.35514e-20
1.34746e-20
1.32244e-20
1.31744e-20
1.30251e-20
1.28738e-20
1.26622e-20
1.2519e-20
1.24336e-20
1.22639e-20
1.21382e-20
1.20484e-20
1.16977e-20
1.15393e-20
1.14837e-20
1.14249e-20
1.12673e-20
1.11355e-20
1.10887e-20
1.09755e-20
1.08351e-20
1.05038e-20
1.02742e-20
1.01852e-20
1.0123e-20
9.75876e-21
9.71514e-21
9.61488e-21
9.57928e-21
9.49298e-21
9.45823e-21
9.33683e-21
9.19665e-21
9.11213e-21
9.06516e-21
9.01679e-21
8.77165e-21
8.73971e-21
8.65536e-21
8.60685e-21
8.48961e-21
8.43464e-21
8.34751e-21
8.31287e-21
8.20172e-21
8.14144e-21
8.1009e-21
8.01564e-21
7.94584e-21
7.86448e-21
7.7751e-21
7.62675e-21
7.38735e-21
7.31962e-21
7.23525e-21
7.20513e-21
7.11267e-21
7.08292e-21
7.04008e-21
6.97662e-21
6.89178e-21
6.84185e-21
6.78537e-21
6.74178e-21
6.68174e-21
6.63896e-21
6.61267e-21
6.54855e-21
6.50387e-21
6.47726e-21
6.39932e-21
6.34761e-21
6.33375e-21
6.26824e-21
6.23517e-21
6.1554e-21
6.11009e-21
6.06486e-21
6.05775e-21
6.00285e-21
5.92924e-21
5.89894e-21
5.83969e-21
5.70683e-21
5.6758e-21
5.62436e-21
5.6029e-21
5.53273e-21
5.47433e-21
5.40002e-21
5.30995e-21
5.27571e-21
5.20287e-21
5.11604e-21
5.02027e-21
4.91363e-21
4.84553e-21
4.83061e-21
4.75792e-21
4.56048e-21
4.51981e-21
4.45635e-21
4.36666e-21
4.2549e-21
4.185e-21
4.12144e-21
4.11067e-21
4.03641e-21
3.9933e-21
3.88967e-21
3.75436e-21
3.73896e-21
3.71001e-21
3.61012e-21
3.557e-21
3.54485e-21
3.47378e-21
3.43234e-21
3.42492e-21
3.33068e-21
3.31593e-21
3.2522e-21
3.21193e-21
3.17906e-21
3.10601e-21
3.00449e-21
2.97184e-21
2.95364e-21
2.90274e-21
2.83293e-21
2.81846e-21
2.7532e-21
2.73667e-21
2.71661e-21
2.66655e-21
2.62112e-21
2.61524e-21
2.60298e-21
2.55929e-21
2.5326e-21
2.49118e-21
2.47834e-21
2.46477e-21
2.45214e-21
2.44083e-21
2.41192e-21
2.39422e-21
2.37552e-21
2.35374e-21
2.33765e-21
2.29405e-21
2.28366e-21
2.25146e-21
2.23987e-21
2.21387e-21
2.19396e-21
2.15991e-21
2.12487e-21
2.09669e-21
2.08636e-21
2.07634e-21
2.04641e-21
2.01143e-21
2.00264e-21
1.97112e-21
1.96554e-21
1.94669e-21
1.93492e-21
1.90968e-21
1.89663e-21
1.86947e-21
1.85049e-21
1.83497e-21
1.80921e-21
1.77509e-21
1.75254e-21
1.73057e-21
1.71623e-21
1.7005e-21
1.68965e-21
1.67445e-21
1.64576e-21
1.63849e-21
1.62216e-21
1.60499e-21
1.58404e-21
1.55945e-21
1.55219e-21
1.54513e-21
1.53079e-21
1.51337e-21
1.4677e-21
1.46039e-21
1.44434e-21
1.43622e-21
1.42757e-21
1.41157e-21
1.39897e-21
1.38559e-21
1.37949e-21
1.3711e-21
1.35866e-21
1.34529e-21
1.33468e-21
1.31913e-21
1.31014e-21
1.28337e-21
1.27357e-21
1.26729e-21
1.26005e-21
1.24963e-21
1.23243e-21
1.21506e-21
1.20405e-21
1.19427e-21
1.18722e-21
1.18134e-21
1.15477e-21
1.14796e-21
1.13931e-21
1.12632e-21
1.11168e-21
1.09397e-21
1.08088e-21
1.07093e-21
1.06028e-21
1.05226e-21
1.03463e-21
1.02725e-21
1.02037e-21
1.01522e-21
1.01062e-21
1.00615e-21
9.89049e-22
9.8039e-22
9.70064e-22
9.61109e-22
9.34775e-22
9.13173e-22
9.03698e-22
8.86772e-22
8.80646e-22
8.54104e-22
8.46538e-22
8.40052e-22
8.3233e-22
8.09067e-22
7.95305e-22
7.85609e-22
7.7501e-22
7.70374e-22
7.57886e-22
7.45436e-22
7.31648e-22
7.18582e-22
7.11982e-22
7.06465e-22
7.03159e-22
6.95512e-22
6.91419e-22
6.80849e-22
6.69394e-22
6.63409e-22
6.58312e-22
6.5075e-22
6.48025e-22
6.35184e-22
6.33388e-22
6.24464e-22
6.22792e-22
6.10901e-22
6.00964e-22
5.96663e-22
5.77398e-22
5.72209e-22
5.58053e-22
5.41108e-22
5.25369e-22
5.04917e-22
5.02617e-22
4.97971e-22
4.87263e-22
4.84436e-22
4.75018e-22
4.634e-22
4.60858e-22
4.52765e-22
4.4592e-22
4.39565e-22
4.29701e-22
4.24127e-22
4.21892e-22
4.12873e-22
4.0533e-22
4.04636e-22
3.99549e-22
3.93208e-22
3.88681e-22
3.87125e-22
3.82744e-22
3.80555e-22
3.74273e-22
3.69983e-22
3.67715e-22
3.59603e-22
3.5699e-22
3.5061e-22
3.45071e-22
3.4274e-22
3.36017e-22
3.33861e-22
3.29685e-22
3.23368e-22
3.19955e-22
3.1885e-22
3.15709e-22
3.11112e-22
3.08339e-22
3.00935e-22
2.97475e-22
2.95032e-22
2.85592e-22
2.80942e-22
2.79586e-22
2.78383e-22
2.74551e-22
2.67534e-22
2.65731e-22
2.6289e-22
2.60124e-22
2.57902e-22
2.51147e-22
2.47785e-22
2.45407e-22
2.43192e-22
2.40167e-22
2.35705e-22
2.31321e-22
2.28204e-22
2.2529e-22
2.21303e-22
2.20866e-22
2.18444e-22
2.17181e-22
2.14587e-22
2.11557e-22
2.09543e-22
2.06758e-22
2.05592e-22
2.04539e-22
2.00125e-22
1.9799e-22
1.97284e-22
1.95318e-22
1.93701e-22
1.90918e-22
1.88724e-22
1.86923e-22
1.84733e-22
1.84089e-22
1.81419e-22
1.79603e-22
1.76203e-22
1.74654e-22
1.73283e-22
1.72407e-22
1.71811e-22
1.69618e-22
1.66879e-22
1.6571e-22
1.64131e-22
1.62482e-22
1.60553e-22
1.59533e-22
1.56903e-22
1.55635e-22
1.5355e-22
1.50905e-22
1.4956e-22
1.46732e-22
1.45967e-22
1.42087e-22
1.39776e-22
1.38303e-22
1.35558e-22
1.34552e-22
1.33444e-22
1.30103e-22
1.27992e-22
1.24899e-22
1.21308e-22
1.18308e-22
1.17765e-22
1.16919e-22
1.1468e-22
1.13175e-22
1.11236e-22
1.10716e-22
1.09417e-22
1.0829e-22
1.06567e-22
1.0597e-22
1.0509e-22
1.0478e-22
1.01553e-22
1.01038e-22
1.00644e-22
1.00222e-22
9.63197e-23
9.60564e-23
9.4852e-23
9.38738e-23
9.35345e-23
9.26271e-23
9.08401e-23
8.97047e-23
8.93868e-23
8.80607e-23
8.77319e-23
8.73147e-23
8.68833e-23
8.60114e-23
8.5384e-23
8.44711e-23
8.39651e-23
8.27918e-23
8.05383e-23
7.95072e-23
7.88517e-23
7.61844e-23
7.57751e-23
7.51258e-23
7.48816e-23
7.4647e-23
7.40458e-23
7.29729e-23
7.23746e-23
7.20676e-23
7.14556e-23
7.01577e-23
6.87744e-23
6.81145e-23
6.74787e-23
6.67672e-23
6.55733e-23
6.50934e-23
6.49126e-23
6.40973e-23
6.36689e-23
6.21761e-23
6.13512e-23
6.07683e-23
6.05638e-23
6.04648e-23
5.98742e-23
5.97887e-23
5.94734e-23
5.92254e-23
5.86696e-23
5.78151e-23
5.64688e-23
5.61969e-23
5.53259e-23
5.30761e-23
5.27072e-23
5.1645e-23
5.10058e-23
5.03843e-23
4.9915e-23
4.85064e-23
4.7911e-23
4.64411e-23
4.58655e-23
4.43553e-23
4.25849e-23
4.16778e-23
4.11549e-23
3.99809e-23
3.84937e-23
3.6539e-23
3.60021e-23
3.46767e-23
3.40298e-23
3.35788e-23
3.23552e-23
3.16879e-23
3.1008e-23
3.01872e-23
2.99579e-23
2.9133e-23
2.90201e-23
2.80315e-23
2.79438e-23
2.75212e-23
2.71399e-23
2.67307e-23
2.63154e-23
2.61855e-23
2.58808e-23
2.57361e-23
2.54597e-23
2.50826e-23
2.4689e-23
2.45857e-23
2.37398e-23
2.35007e-23
2.31648e-23
2.29059e-23
2.27458e-23
2.20155e-23
2.16124e-23
2.11174e-23
2.0931e-23
2.06645e-23
2.03975e-23
1.96796e-23
1.92656e-23
1.89754e-23
1.86056e-23
1.8414e-23
1.78246e-23
1.74174e-23
1.72462e-23
1.70276e-23
1.68457e-23
1.65616e-23
1.6433e-23
1.58857e-23
1.55592e-23
1.52641e-23
1.50116e-23
1.47696e-23
1.44184e-23
1.41237e-23
1.40768e-23
1.3906e-23
1.37773e-23
1.36623e-23
1.35221e-23
1.3454e-23
1.3238e-23
1.3131e-23
1.29013e-23
1.27023e-23
1.25609e-23
1.23447e-23
1.21247e-23
1.18861e-23
1.17922e-23
1.16566e-23
1.13121e-23
1.10705e-23
1.10314e-23
1.08789e-23
1.06965e-23
1.06189e-23
1.05276e-23
1.03555e-23
1.02477e-23
1.00912e-23
9.97767e-24
9.88415e-24
9.57171e-24
9.3693e-24
9.1552e-24
9.05675e-24
8.88667e-24
8.70425e-24
