87.3239
87.3239
80.9188
80.9188
78.9895
78.9895
76.0457
76.0457
66.9337
66.9337
66.9337
66.9337
66.9337
66.9337
61.3953
61.3953
61.3953
61.3953
61.3953
58.9107
58.9107
58.9107
58.9107
56.8694
51.2223
51.2223
47.1919
47.1919
47.1919
47.1919
47.1919
47.0374
45.6826
44.3151
44.3151
43.8375
42.0664
42.0664
41.4739
41.4739
38.8412
37.2521
35.4767
35.4767
35.4767
35.4767
34.6498
34.5196
34.5196
33.8093
33.8093
32.5988
32.202
29.7342
28.6712
28.6712
28.6712
26.8812
26.8812
26.8812
26.8812
26.8812
26.2739
25.7499
24.6151
24.5654
24.5654
24.5654
24.5654
21.2127
21.2127
21.2127
21.2127
21.2127
21.2127
20.8514
20.7744
20.7744
20.7744
20.7744
17.9855
17.9855
17.9855
17.9855
17.9855
17.7641
17.6596
17.6596
17.6596
17.4701
17.3071
17.3071
16.857
16.3427
16.3427
16.195
16.1506
15.8139
15.0711
14.9522
14.9522
14.9522
14.9522
14.9522
14.7855
14.7855
14.5634
14.2646
14.2646
14.2596
14.0987
14.0911
14.0911
14.0911
13.9879
13.9727
13.7274
13.7274
13.4472
13.4472
13.2128
13.2128
13.2128
13.2128
13.2128
13.1655
13.0538
13.0268
13.0247
13.0247
13.0247
12.9942
12.9942
12.9942
12.9942
12.9808
12.9657
12.9555
12.8155
12.7846
12.7846
12.7726
12.7649
12.7077
12.7077
12.7077
12.6322
12.6042
12.6041
12.5328
12.5328
12.5328
12.5328
12.5328
12.4366
12.4273
12.4273
12.3776
12.3164
12.3164
12.3133
12.2729
12.1746
12.1695
12.1195
12.1015
12.1015
12.0847
12.0593
12.0412
11.9917
11.9917
11.9629
11.8873
11.8214
11.7885
11.7885
11.7078
11.6958
11.588
11.588
11.571
11.5083
11.5083
11.4225
11.3751
11.3177
11.3111
11.3111
11.3111
11.3111
11.3111
11.3111
11.3111
11.223
11.223
11.223
11.223
11.1549
11.1549
11.1549
11.1277
11.1277
11.0607
11.0567
10.9862
10.9862
10.9785
10.9533
10.9373
10.9373
10.9373
10.9331
10.9331
10.9029
10.9029
10.8752
10.8578
10.8211
10.759
10.759
10.7039
10.6887
10.5234
10.5234
10.5234
10.4371
10.4371
10.4371
10.4371
10.4267
10.3953
10.2902
10.2902
10.2902
10.2756
10.2756
10.2495
10.2292
10.2292
10.2292
10.2203
10.193
10.1364
10.1306
10.1065
10.1065
10.0748
10.0407
10.0315
10.0315
10.0315
9.99581
9.99581
9.99581
9.99581
9.99581
9.98603
9.98603
9.98603
9.94017
9.94017
9.93186
9.92288
9.92288
9.87604
9.86351
9.86351
9.86351
9.72968
9.72968
9.72968
9.72968
9.72968
9.72968
9.72968
9.72968
9.72968
9.72968
9.72968
9.72968
9.72968
9.72968
9.72968
9.72968
9.72968
9.69924
9.69924
9.69465
9.67716
9.66882
9.66644
9.64487
9.64487
9.64487
9.64362
9.62848
9.61653
9.61653
9.61653
9.61208
9.60382
9.60382
9.60382
9.59555
9.59555
9.59555
9.59217
9.58659
9.58659
9.58509
9.5754
9.5731
9.57181
9.57015
9.56059
9.55423
9.55174
9.55174
9.55174
9.54658
9.53865
9.53865
9.53865
9.53698
9.53467
9.53433
9.53433
9.53182
9.52837
9.524
9.524
9.524
9.52192
9.51942
9.51477
9.50824
9.50567
9.50217
9.49828
9.49828
9.47964
9.47964
9.46987
9.4472
9.43471
9.39716
9.39716
9.39716
9.3928
9.37427
9.37427
9.35651
9.35651
9.32195
9.32195
9.32195
9.32056
9.30781
9.30492
9.30426
9.29584
9.27421
9.27421
9.27421
9.27421
9.26583
9.25051
9.25051
9.23214
9.23214
9.2187
9.2187
9.2187
9.2187
9.20192
9.20192
9.19496
9.19409
9.19406
9.19141
9.18841
9.18774
9.18325
9.18325
9.17444
9.17444
9.17146
9.16943
9.16823
9.16574
9.15929
9.15537
9.15537
9.15282
9.15282
9.15251
9.1415
9.14067
9.13624
9.13189
9.13189
9.12818
9.12404
9.12404
9.12088
9.12088
9.11512
9.11407
9.11178
9.11061
9.10844
9.10707
9.10478
9.10209
9.10209
9.10007
9.10007
9.09957
9.09485
9.09485
9.09406
9.09249
9.08858
9.08831
9.08527
9.08527
9.08413
9.08188
9.0807
9.08035
9.07733
9.07469
9.06021
9.06021
9.05922
9.05922
9.05703
9.04488
9.04488
9.04488
9.04488
9.04488
9.04226
9.04226
9.04102
9.04057
9.04052
9.03721
9.0363
9.03129
9.02724
9.02724
9.02675
9.02161
9.02161
9.02161
9.01852
9.01852
9.01525
9.01191
9.01191
9.01191
9.0087
9.00847
9.00847
9.00783
9.00783
9.00663
9.00663
9.00528
9.00528
9.00528
9.00505
9.00462
9.00462
9.00324
9.00238
9.00238
9.00238
9.00238
9.00173
9.00173
9.00173
9.00059
9.00059
9.00059
9.0001
8.99998
8.99977
8.99926
8.99874
8.99824
8.99805
8.99805
8.9977
8.99715
8.99702
8.99702
8.99702
8.99702
8.99667
8.99639
8.99639
8.99623
8.9959
8.99525
8.99474
8.99425
8.99348
8.99333
8.99309
8.99304
8.99209
8.992
8.99114
8.99092
8.99034
8.98848
8.98772
8.98772
8.98772
8.98756
8.98755
8.98748
8.98694
8.98688
8.98688
8.9862
8.9862
8.98613
8.98609
8.98609
8.98598
8.98575
8.98573
8.98547
8.98512
8.98457
8.98419
8.98419
8.98386
8.98304
8.98304
8.98265
8.98265
8.98265
8.98243
8.98215
8.98213
8.9821
8.98155
8.98109
8.98083
8.98033
8.97946
8.97903
8.97901
8.97873
8.97873
8.97872
8.97855
8.97846
8.97816
8.97816
8.97809
8.97808
8.97781
8.97778
8.97755
8.97755
8.97693
8.97656
8.97646
8.97646
8.97595
8.97544
8.97544
8.97528
8.97463
8.97463
8.97331
8.97331
8.97296
8.97293
8.97181
8.97109
8.97109
8.97047
8.97007
8.9695
8.96945
8.96914
8.96914
8.9685
8.96711
8.96602
8.96602
8.96511
8.96493
8.96442
8.96352
8.96352
8.9631
8.96288
8.96288
8.9626
8.9626
8.9626
8.9626
8.96243
8.96243
8.96225
8.9621
8.9621
8.96185
8.96185
8.96161
8.96136
8.96101
8.96083
8.96032
8.95995
8.95965
8.95911
8.95899
8.95899
8.95899
8.95838
8.95838
8.95838
8.95838
8.95821
8.95821
8.95816
8.958
8.95788
8.95788
8.95768
8.95768
8.95768
8.95764
8.95764
8.95752
8.9574
8.9574
8.95737
8.95736
8.95733
8.95729
8.95726
8.95722
8.95722
8.95722
8.95722
8.95717
8.95714
8.9571
8.9571
8.9571
8.95709
8.95706
8.95702
8.95701
8.95695
8.95688
8.95684
8.95669
8.95663
8.9565
8.95647
8.95638
8.95637
8.95619
8.95611
8.95607
8.95607
8.95603
8.95603
8.95593
8.95576
8.95576
8.95538
8.95538
8.95529
8.95524
8.95523
8.95523
8.95473
8.95449
8.95449
8.95449
8.95424
8.95411
8.95409
8.95407
8.95344
8.95344
8.9534
8.95339
8.95339
8.95339
8.95302
8.95302
8.95302
8.95301
8.95301
8.95301
8.95297
8.95273
8.95213
8.95203
8.95186
8.9517
8.95116
8.95074
8.95074
8.95056
8.95056
8.95027
8.94966
8.94944
8.94919
8.94919
8.94908
8.94908
8.94896
8.94872
8.94872
8.9482
8.94818
8.94818
8.94818
8.94782
8.94763
8.94718
8.94718
8.94647
8.94647
8.94558
8.94495
8.94488
8.94439
8.94412
8.94412
8.94412
8.94412
8.94412
8.94412
8.94376
8.94365
8.94365
8.94343
8.94337
8.94337
8.9432
8.9432
8.94313
8.94313
8.94294
8.94287
8.9428
8.9428
8.94277
8.94256
8.9424
8.94215
8.94183
8.94183
8.94172
8.94154
8.94153
8.94133
8.94132
8.94132
8.94115
8.9411
8.94101
8.94087
8.94087
8.94066
8.94056
8.9404
8.94036
8.94
8.93949
8.93949
8.93935
8.93925
8.93925
8.93921
8.93905
8.93864
8.93849
8.93849
8.93844
8.9382
8.9382
8.93818
8.93818
8.93818
8.93818
8.9381
8.9381
8.9381
8.93808
8.93796
8.93767
8.93745
8.93745
8.93745
8.93737
8.93704
8.93692
8.93648
8.93581
8.9355
8.93549
8.93549
8.93549
8.93539
8.93465
8.93465
8.93453
8.93424
8.9336
8.9336
8.9336
8.93312
8.93281
8.93259
8.93259
8.9323
8.93181
8.93181
8.93157
8.93157
8.93136
8.93111
8.93111
8.93111
8.93111
8.93077
8.93077
8.93077
8.93019
8.93019
8.93019
8.93019
8.92976
8.92944
8.92909
8.92909
8.92909
8.92909
8.92821
8.92821
8.92714
8.92714
8.92665
8.9259
8.9259
8.9259
8.9259
8.92582
8.92557
8.92481
8.9248
8.92426
8.92218
8.92138
8.91975
8.91786
8.91786
8.91485
8.90767
8.90767
8.90571
8.89495
8.89319
8.89258
8.88904
8.8885
8.88418
8.88386
8.88186
8.87922
8.87922
8.87922
8.8792
8.87828
8.87664
8.87377
8.86878
8.86852
8.86852
8.86803
8.86314
8.86314
8.86314
8.86111
8.8559
8.8559
8.8479
8.8476
8.84599
8.84372
8.8351
8.83461
8.82783
8.82216
8.82197
8.82197
8.81476
8.81452
8.8117
8.8117
8.80864
8.80277
8.80119
8.80119
8.79759
8.79617
8.79425
8.79425
8.79425
8.79285
8.78922
8.7888
8.7888
8.78515
8.78515
8.78515
8.78515
8.78514
8.78514
8.78323
8.78323
8.78323
8.78226
8.78139
8.78139
8.78057
8.77999
8.77995
8.77805
8.77776
8.77736
8.77553
8.77553
8.77553
8.77551
8.77551
8.77494
8.7725
8.77246
8.77039
8.77039
8.76909
8.76909
8.76616
8.76393
8.762
8.75831
8.75553
8.75369
8.75082
8.75082
8.74656
8.74656
8.74607
8.7441
8.7441
8.7441
8.7432
8.74282
8.74282
8.74213
8.74205
8.74179
8.74104
8.74104
8.74104
8.74046
8.74046
8.74009
8.74009
8.74009
8.74009
8.73991
8.73915
8.73854
8.73817
8.73817
8.73817
8.73809
8.73749
8.73741
8.73716
8.73654
8.73654
8.73644
8.73644
8.73625
8.73624
8.73591
8.73591
8.7357
8.73564
8.73525
8.73525
8.73523
8.73489
8.73489
8.7348
8.73456
8.73449
8.73449
8.73427
8.73427
8.73393
8.73252
8.73213
8.73171
8.73098
8.73074
8.73056
8.73044
8.73013
8.72998
8.729
8.729
8.72855
8.72855
8.72855
8.72855
8.72855
8.72855
8.72798
8.7277
8.7277
8.72745
8.72738
8.72703
8.72594
8.72588
8.72545
8.72545
8.72528
8.72528
8.72509
8.725
8.72485
8.7245
8.7245
8.7244
8.72374
8.72374
8.7236
8.72332
8.72332
8.72277
8.72259
8.72176
8.72131
8.72089
8.72089
8.72089
8.72087
8.72087
8.72041
8.72041
8.7199
8.7199
8.71971
8.71949
8.71879
8.71865
8.7181
8.71765
8.71759
8.71693
8.71693
8.71663
8.71634
8.71575
8.71575
8.71484
8.71444
8.71405
8.71247
8.71239
8.71219
8.71096
8.71096
8.71096
8.71009
8.70955
8.70955
8.70955
8.70908
8.70908
8.70908
8.70885
8.70814
8.70802
8.70745
8.70591
8.70591
8.70469
8.70469
8.70415
8.70415
8.70364
8.70364
8.70307
8.70196
8.70181
8.70053
8.69947
8.69947
8.69912
8.69892
8.69892
8.69886
8.69745
8.69727
8.69727
8.69685
8.69663
8.6964
8.6964
8.69603
8.69603
8.69566
8.6954
8.69514
8.69476
8.6946
8.69392
8.6936
8.69327
8.69303
8.69287
8.69153
8.69153
8.69153
8.69142
8.69101
8.69076
8.68999
8.68936
8.68936
8.68936
8.68929
8.68812
8.68812
8.68812
8.68777
8.68777
8.68748
8.68728
8.68678
8.68662
8.68648
8.68647
8.68646
8.6862
8.68614
8.68573
8.68536
8.68511
8.68511
8.68511
8.68503
8.68503
8.68484
8.68465
8.68432
8.68335
8.68335
8.68325
8.68304
8.68292
8.68276
8.68276
8.68253
8.68222
8.68218
8.68199
8.68173
8.68154
8.68154
8.68102
8.68082
8.68022
8.67948
8.67948
8.6793
8.67871
8.67871
8.67827
8.6776
8.67745
8.67669
8.67663
8.67649
8.67634
8.67619
8.67617
8.6759
8.67532
8.67514
8.67393
8.67355
8.67259
8.67259
8.67259
8.67258
8.67255
8.67206
8.67128
8.6711
8.67109
8.67062
8.6703
8.6703
8.66985
8.66946
8.66867
8.66837
8.66837
8.6682
8.66767
8.66742
8.66742
8.66742
8.66719
8.6669
8.6669
8.66653
8.66634
8.66508
8.66479
8.66479
8.66473
8.66473
8.66424
8.66258
8.66242
8.66152
8.66027
8.65976
8.65976
8.65976
8.65894
8.6572
8.65707
8.657
8.65683
8.65653
8.65628
8.65628
8.65594
8.65437
8.65417
8.65368
8.65305
8.65273
8.65198
8.65189
8.65066
8.65066
8.65032
8.65032
8.64935
8.64882
8.64805
8.64794
8.64787
8.64733
8.64665
8.64591
8.64591
8.64587
8.64587
8.64582
8.64558
8.64551
8.64545
8.64544
8.64538
8.64528
8.64459
8.64453
8.64313
8.64292
8.64249
8.64114
8.64001
8.63912
8.63873
8.63682
8.63569
8.63569
8.6354
8.63404
8.63401
8.63345
8.63324
8.63174
8.63122
8.6308
8.62801
8.62801
8.62801
8.62784
8.62685
8.62654
8.62441
8.62234
8.62234
8.62233
8.62233
8.62183
8.62145
8.62061
8.62045
8.6203
8.61958
8.61866
8.61653
8.61599
8.61594
8.61491
8.61491
8.61491
8.61442
8.61431
8.61406
8.61378
8.61323
8.61323
8.61323
8.61272
8.61136
8.61136
8.61123
8.61033
8.61027
8.60976
8.60913
8.60841
8.60778
8.60719
8.60719
8.60672
8.60672
8.60652
8.60538
8.60434
8.60434
8.60434
8.60415
8.60415
8.60408
8.60326
8.60228
8.5986
8.59398
8.59241
8.59241
8.59232
8.59109
8.58897
8.58897
8.58823
8.58416
8.58416
8.58416
8.58368
8.58364
8.58364
8.58356
8.58303
8.58211
8.57956
8.57956
8.57956
8.57886
8.57857
8.57775
8.57747
8.57747
8.57747
8.57726
8.57726
8.57714
8.57649
8.57604
8.57604
8.57589
8.57495
8.57343
8.57343
8.57305
8.57301
8.57301
8.57259
8.57241
8.57197
8.57181
8.57148
8.57122
8.56934
8.56856
8.56785
8.56528
8.56267
8.56141
8.56041
8.56041
8.55988
8.55988
8.55981
8.55696
8.55696
8.55696
8.55501
8.55501
8.55501
8.55425
8.55425
8.55319
8.55254
8.55254
8.55132
8.55132
8.55132
8.55069
8.54875
8.54808
8.54733
8.54733
8.5465
8.54594
8.54541
8.54431
8.54431
8.54431
8.54431
8.54431
8.54431
8.54409
8.54307
8.54307
8.54275
8.54271
8.54244
8.54242
8.5413
8.54083
8.54083
8.54048
8.53921
8.53916
8.53916
8.53784
8.53784
8.53742
8.53742
8.53742
8.53721
8.53588
8.53588
8.53512
8.53457
8.53335
8.53335
8.53211
8.53211
8.53095
8.52982
8.52767
8.52767
8.52767
8.52725
8.52725
8.52725
8.52711
8.52671
8.52518
8.52518
8.52518
8.52448
8.52386
8.52369
8.52341
8.52189
8.52189
8.52189
8.52181
8.52181
8.52181
8.52181
8.52181
8.52181
8.52181
8.52181
8.52118
8.52081
8.52038
8.5203
8.5203
8.51818
8.51803
8.51803
8.51798
8.51793
8.51755
8.51729
8.51694
8.51638
8.51638
8.51637
8.51637
8.5157
8.5157
8.51526
8.51518
8.51484
8.51484
8.51484
8.51484
8.51468
8.51468
8.51458
8.51458
8.51458
8.51448
8.51437
8.51437
8.51429
8.51426
8.51426
8.51426
8.51426
8.51417
8.51414
8.51386
8.51385
8.51341
8.51277
8.51277
8.51277
8.5127
8.51255
8.51237
8.51234
8.51213
8.51213
8.51178
8.51171
8.51153
8.5106
8.51046
8.50977
8.50977
8.50977
8.50966
8.50956
8.50956
8.50956
8.50956
8.50956
8.50947
8.50942
8.50942
8.50929
8.50883
8.50862
8.50855
8.50844
8.50808
8.50768
8.50764
8.50762
8.50716
8.50716
8.50712
8.50712
8.50712
8.50708
8.50704
8.50683
8.50683
8.50683
8.50678
8.50678
8.50671
8.50671
8.50671
8.50669
8.50669
8.50666
8.50659
8.50659
8.50659
8.50657
8.50657
8.50653
8.50652
8.50648
8.50642
8.50641
8.50641
8.50641
8.50641
8.50639
8.50636
8.50636
8.50632
8.50632
8.50627
8.50625
8.50625
8.50625
8.50624
8.5062
8.50618
8.50618
8.50616
8.50616
8.50613
8.50613
8.50611
8.50611
8.50608
8.50608
8.50604
8.50599
8.50595
8.50583
8.50579
8.50572
8.50547
8.50537
8.50523
8.50523
8.50509
8.50509
8.50504
8.50462
8.50462
8.50462
8.5044
8.5044
8.5044
8.50412
8.50412
8.5039
8.50368
8.50368
8.50342
8.50325
8.50302
8.5026
8.5026
8.50242
8.50242
8.50242
8.50232
8.50215
8.50215
8.50206
8.5019
8.5019
8.5019
8.50184
8.5017
8.5017
8.50152
8.50135
8.5011
8.50109
8.50064
8.50044
8.50038
8.50019
8.50014
8.50002
8.49979
8.49979
8.49956
8.49906
8.49904
8.49854
8.49757
8.4966
8.49627
8.49627
8.4959
8.49534
8.49488
8.49472
8.49419
8.4935
8.4935
8.4935
8.49222
8.49222
8.49222
8.49183
8.49183
8.49132
8.49132
8.49132
8.49103
8.49096
8.49096
8.49049
8.49049
8.49049
8.48971
8.48968
8.48968
8.48927
8.48927
8.48906
8.48875
8.48875
8.4885
8.48832
8.48812
8.48812
8.48812
8.48803
8.48803
8.48761
8.48736
8.48709
8.48693
8.48678
8.4866
8.4866
8.48629
8.48619
8.48619
8.48619
8.48611
8.48566
8.48566
8.48566
8.48566
8.48566
8.48566
8.48566
8.48566
8.48566
8.48548
8.48548
8.48533
8.48533
8.48525
8.48515
8.48488
8.48488
8.48488
8.48488
8.48488
8.4848
8.48478
8.48474
8.48474
8.48463
8.48457
8.48457
8.48457
8.48451
8.4845
8.4845
8.48448
8.48443
8.48443
8.48442
8.48434
8.48426
8.48426
8.48426
8.48426
8.48422
8.48417
8.4841
8.48405
8.484
8.484
8.484
8.48398
8.48395
8.48381
8.48373
8.48373
8.48366
8.48359
8.48356
8.48352
8.48349
8.48342
8.48332
8.48332
8.48324
8.4832
8.4832
8.48318
8.48314
8.48314
8.48301
8.48301
8.48296
8.48296
8.48289
8.48289
8.48289
8.48275
8.48262
8.48262
8.48257
8.48249
8.48248
8.48243
8.48243
8.48239
8.48236
8.48236
8.48236
8.48236
8.48234
8.48228
8.48223
8.48223
8.48223
8.48218
8.48216
8.48215
8.48215
8.4821
8.4821
8.4821
8.4821
8.4821
8.48202
8.48201
8.48196
8.48191
8.48186
8.48166
8.48166
8.48166
8.48166
8.48165
8.48165
8.48149
8.48147
8.48147
8.48141
8.48135
8.48125
8.48109
8.48109
8.48108
8.48102
8.48102
8.48102
8.48096
8.48092
8.48092
8.48092
8.48083
8.48083
8.48083
8.48082
8.48077
8.48073
8.48072
8.48057
8.48045
8.48045
8.48045
8.48043
8.48043
8.48043
8.48037
8.48029
8.48018
8.48018
8.48016
8.48016
8.48011
8.48006
8.48006
8.48006
8.48006
8.48005
8.47993
8.47985
8.47979
8.47966
8.47966
8.4796
8.47954
8.47947
8.47946
8.47946
8.47929
8.47928
8.47924
8.47911
8.47911
8.47908
8.47905
8.47904
8.47891
8.47868
8.4786
8.47851
8.47824
8.47792
8.47792
8.47783
8.47761
8.47738
8.47738
8.4773
8.4773
8.4773
8.47706
8.47689
8.47689
8.47689
8.47689
8.47677
8.47677
8.47677
8.47669
8.47669
8.47669
8.47658
8.47653
8.47649
8.47649
8.47647
8.47643
8.47643
8.47643
8.47642
8.47634
8.47625
8.4761
8.47607
8.47605
8.47605
8.47602
8.47602
8.47602
8.47597
8.47596
8.47593
8.47593
8.47593
8.47587
8.47587
8.4758
8.4757
8.4757
8.4757
8.4757
8.4757
8.4757
8.47567
8.47567
8.47566
8.47565
8.47564
8.4756
8.4756
8.47559
8.47557
8.47557
8.47556
8.47554
8.47554
8.47553
8.47552
8.47551
8.4755
8.47549
8.47547
8.47544
8.47544
8.47544
8.47544
8.47542
8.47539
8.47539
8.47536
8.47536
8.47535
8.47533
8.47533
8.47531
8.47531
8.47528
8.47528
8.47528
8.47526
8.47526
8.47526
8.47526
8.47523
8.47523
8.47523
8.47523
8.47523
8.47523
8.47523
8.47523
8.47522
8.47522
8.47522
8.4752
8.4752
8.47519
8.47518
8.47517
8.47515
8.47515
8.47515
8.47515
8.47515
8.47514
8.47514
8.47513
8.47513
8.47513
8.47512
8.47512
8.47512
8.47512
8.47511
8.47511
8.4751
8.47509
8.47509
8.47508
8.47508
8.47506
8.47504
8.47504
8.47504
8.47504
8.47504
8.47504
8.47504
8.47503
8.47503
8.47503
8.47502
8.47502
8.47501
8.47501
8.47501
8.47501
8.47501
8.475
8.475
8.475
8.47499
8.47499
8.47499
8.47498
8.47498
8.47498
8.47498
8.47498
8.47498
8.47498
8.47498
8.47498
8.47498
8.47497
8.47497
8.47497
8.47497
8.47497
8.47496
8.47496
8.47496
8.47496
8.47496
8.47496
8.47496
8.47496
8.47496
8.47495
8.47495
8.47495
8.47495
8.47495
8.47494
8.47494
8.47494
8.47494
8.47494
8.47494
8.47494
8.47494
8.47494
8.47494
8.47493
8.47493
8.47493
8.47493
8.47492
8.47492
8.47492
8.47492
8.47491
8.47491
8.4749
8.4749
8.47489
8.47489
8.47488
8.47487
8.47485
8.47484
8.47484
8.47482
8.47481
8.47481
8.47481
8.47481
8.4748
8.4748
8.47479
8.47479
8.47479
8.47478
8.47477
8.47475
8.47475
8.47474
8.47473
8.47473
8.47472
8.47472
8.47472
8.47472
8.47471
8.47471
8.47471
8.47471
8.47469
8.47469
8.47469
8.47469
8.47468
8.47468
8.47468
8.47467
8.47467
8.47467
8.47466
8.47466
8.47466
8.47465
8.47464
8.47464
8.47462
8.47462
8.47461
8.47461
8.4746
8.4746
8.47459
8.47459
8.47459
8.47458
8.47458
8.47457
8.47453
8.47453
8.4745
8.4745
8.4745
8.47449
8.47447
8.47447
8.47445
8.47445
8.47442
8.47442
8.47441
8.47441
8.47439
8.47438
8.47438
8.47438
8.47436
8.47436
8.47431
8.47431
8.47426
8.47426
8.47423
8.47414
8.47414
8.47414
8.47414
8.47413
8.474
8.47399
8.47398
8.4739
8.4739
8.4739
8.4739
8.4739
8.4739
8.47386
8.47386
8.47386
8.47383
8.47383
8.47381
8.47381
8.47376
8.47373
8.47373
8.47373
8.47373
8.47373
8.47373
8.47371
8.47371
8.47371
8.47369
8.47369
8.47369
8.47368
8.47367
8.47366
8.47364
8.47363
8.47363
8.47363
8.47362
8.47361
8.47361
8.4736
8.47359
8.47357
8.47357
8.47356
8.47355
8.47354
8.47353
8.47353
8.47353
8.4735
8.47349
8.47349
8.47348
8.47347
8.47346
8.47344
8.47344
8.47343
8.47341
8.47335
8.47335
8.47327
8.47325
8.47325
8.47317
8.47317
8.47312
8.47311
8.47311
8.47311
8.47311
8.47308
8.47306
8.47306
8.47303
8.47302
8.47298
8.47298
8.47298
8.47296
8.47296
8.47296
8.47294
8.47292
8.47292
8.47287
8.47287
8.47287
8.47285
8.47284
8.47284
8.47281
8.47279
8.47276
8.47273
8.47272
8.47265
8.47264
8.47259
8.47259
8.47257
8.47253
8.4725
8.47249
8.47245
8.47242
8.47237
8.47236
8.47232
8.47232
8.47232
8.47223
8.47223
8.47223
8.47223
8.47222
8.47219
8.47215
8.47215
8.47215
8.47209
8.47209
8.47209
8.47209
8.47209
8.47208
8.47207
8.47204
8.47201
8.47194
8.47194
8.47194
8.4719
8.47189
8.47184
8.47183
8.47182
8.47175
8.47175
8.47175
8.47174
8.47172
8.47171
8.47167
8.47167
8.47163
8.47161
8.47159
8.47154
8.47154
8.47154
8.47153
8.47153
8.47151
8.4715
8.47146
8.47144
8.47144
8.47143
8.47141
8.47141
8.47141
8.4714
8.47137
8.47137
8.47137
8.47131
8.4713
8.47128
8.47125
8.47125
8.47125
8.47123
8.47112
8.47107
8.47104
8.47098
8.4709
8.47082
8.47068
8.47058
8.47041
8.47036
8.47036
8.47036
8.47033
8.47029
8.47025
8.47014
8.47009
8.46993
8.4699
8.46983
8.46979
8.46978
8.46961
8.46954
8.46947
8.4693
8.46922
8.46918
8.469
8.469
8.469
8.469
8.46893
8.46892
8.46883
8.4688
8.4688
8.46871
8.46871
8.46865
8.46864
8.46864
8.46859
8.46856
8.46831
8.46831
8.46831
8.46831
8.46816
8.46809
8.46809
8.46808
8.46788
8.46788
8.46777
8.46777
8.46769
8.46763
8.46753
8.46753
8.46752
8.46752
8.46737
8.46737
8.46727
8.46723
8.46716
8.46708
8.46708
8.46708
8.46708
8.46708
8.46704
8.46704
8.467
8.467
8.46696
8.46696
8.46686
8.46686
8.46686
8.46683
8.4668
8.4668
8.46679
8.46675
8.46674
8.46669
8.46668
8.46664
8.46664
8.46663
8.46661
8.46658
8.46658
8.46657
8.4665
8.4665
8.46647
8.46647
8.46643
8.46643
8.4664
8.4664
8.4664
8.4664
8.46639
8.46635
8.46635
8.46633
8.46628
8.46628
8.46621
8.46621
8.46618
8.46612
8.46612
8.46612
8.46604
8.46604
8.46601
8.46596
8.46596
8.46587
8.46577
8.4656
8.4656
8.46552
8.46543
8.46543
8.46536
8.4653
8.46523
8.46512
8.46494
8.46467
8.46459
8.46453
8.4643
8.46409
8.46409
8.46409
8.46409
8.46406
8.46377
8.46372
8.46372
8.46357
8.46357
8.46348
8.46336
8.46318
8.46277
8.46264
8.46232
8.46224
8.46218
8.46191
8.46178
8.46101
8.46094
8.46094
8.46086
8.46082
8.46082
8.46073
8.46073
8.46073
8.46073
8.4606
8.4606
8.4606
8.4606
8.46047
8.46042
8.46039
8.46036
8.46033
8.46029
8.46025
8.46019
8.46019
8.46016
8.4601
8.46005
8.45991
8.45973
8.45969
8.45964
8.45964
8.45959
8.45958
8.45951
8.45945
8.45931
8.45931
8.4592
8.45918
8.45906
8.45894
8.4588
8.4588
8.4588
8.4588
8.45871
8.45857
8.45853
8.45852
8.45848
8.45844
8.45837
8.45836
8.45811
8.45811
8.45795
8.45784
8.45784
8.45766
8.45747
8.45724
8.45708
8.45708
8.45701
8.45697
8.45697
8.45678
8.45678
8.45662
8.45646
8.45646
8.45642
8.45642
8.45635
8.45635
8.45633
8.45625
8.45623
8.45617
8.45615
8.45613
8.4561
8.4561
8.4561
8.45606
8.45606
8.45603
8.456
8.45599
8.45592
8.45577
8.45577
8.45577
8.45574
8.45571
8.45566
8.45566
8.45565
8.45555
8.45542
8.45542
8.45538
8.45538
8.45536
8.45533
8.45528
8.45528
8.4552
8.45518
8.45513
8.45502
8.45497
8.45494
8.45486
8.45482
8.4548
8.4548
8.45466
8.45466
8.45464
8.45459
8.4545
8.4545
8.45447
8.45442
8.45436
8.45436
8.45428
8.4542
8.45407
8.45404
8.45404
8.45387
8.45377
8.45375
8.45375
8.45354
8.45354
8.45351
8.45339
8.45335
8.45314
8.45308
8.45306
8.45306
8.45289
8.45277
8.45271
8.45262
8.45257
8.45257
8.45251
8.45249
8.45241
8.45241
8.4524
8.45234
8.45214
8.45202
8.4519
8.45101
8.45101
8.45101
8.45101
8.45101
8.45101
8.45101
8.45101
8.45101
8.45101
8.45098
8.45098
8.45098
8.45089
8.45083
8.45078
8.45078
8.45073
8.45071
8.45061
8.45061
8.45059
8.45049
8.45034
8.45019
8.45019
8.45011
8.45003
8.44994
8.44993
8.44993
8.44987
8.44968
8.44964
8.44963
8.44952
8.44952
8.44952
8.44934
8.44917
8.44917
8.44917
8.44917
8.44917
8.44911
8.44892
8.44892
8.44892
8.44888
8.44878
8.44878
8.44874
8.4485
8.4485
8.4484
8.44831
8.44831
8.44831
8.44814
8.44812
8.44769
8.44769
8.44769
8.44769
8.44769
8.44766
8.4476
8.44752
8.44735
8.44735
8.44717
8.44713
8.44713
8.44712
8.44712
8.44708
8.44702
8.44693
8.44692
8.44686
8.44681
8.4468
8.44677
8.44675
8.44675
8.44675
8.44672
8.44669
8.44668
8.44667
8.44661
8.44661
8.4466
8.44659
8.44652
8.44649
8.44645
8.44643
8.44642
8.44627
8.44625
8.44617
8.44608
8.44605
8.44605
8.44604
8.44596
8.44588
8.44588
8.44585
8.44579
8.44576
8.44574
8.44574
8.4457
8.44569
8.44567
8.44565
8.44562
8.44558
8.44554
8.44554
8.44554
8.44552
8.44552
8.44546
8.4454
8.4454
8.44532
8.44527
8.44527
8.44521
8.44518
8.44515
8.44514
8.44514
8.44509
8.44509
8.44501
8.44498
8.44498
8.44484
8.44484
8.44484
8.44474
8.44472
8.44469
8.44468
8.44462
8.44449
8.44449
8.44448
8.44448
8.44434
8.44431
8.44431
8.44412
8.44408
8.444
8.44397
8.44389
8.44386
8.44385
8.44374
8.44374
8.44369
8.44359
8.4435
8.44348
8.44348
8.44339
8.44339
8.44336
8.44335
8.44335
8.4433
8.44325
8.44325
8.44325
8.44323
8.44322
8.44322
8.44316
8.44316
8.44316
8.44316
8.44316
8.44314
8.44312
8.44312
8.44312
8.44312
8.4431
8.44309
8.44308
8.44304
8.44301
8.44297
8.44294
8.44294
8.44289
8.44288
8.44283
8.44278
8.44271
8.44271
8.44269
8.44263
8.44254
8.44249
8.44249
8.44246
8.44243
8.44243
8.44242
8.44237
8.44232
8.44227
8.44227
8.44227
8.44227
8.44226
8.44225
8.44224
8.44224
8.44224
8.44223
8.44223
8.44223
8.4422
8.44219
8.44217
8.44215
8.44215
8.44212
8.44211
8.44208
8.44208
8.44208
8.44205
8.44205
8.44203
8.442
8.44198
8.44196
8.44196
8.44196
8.44194
8.44193
8.44193
8.44191
8.44191
8.44189
8.44186
8.44186
8.44186
8.44186
8.44184
8.44183
8.44181
8.4418
8.44177
8.44175
8.44173
8.4417
8.44166
8.44164
8.44159
8.44152
8.44152
8.44152
8.44152
8.44143
8.44143
8.44143
8.44143
8.44143
8.4414
8.4414
8.44136
8.44136
8.44135
8.44134
8.44131
8.44129
8.44125
8.44122
8.44122
8.44122
8.44122
8.44122
8.44121
8.4412
8.44118
8.44117
8.44114
8.44114
8.44114
8.44108
8.44108
8.44108
8.44102
8.44101
8.44097
8.44094
8.44091
8.4409
8.4409
8.44089
8.44086
8.44086
8.44086
8.44086
8.44086
8.44086
8.44085
8.44083
8.44082
8.44079
8.44079
8.44073
8.4407
8.4407
8.44065
8.44061
8.44055
8.44052
8.44045
8.44045
8.44045
8.44043
8.44038
8.44038
8.44037
8.44037
8.44036
8.44035
8.44035
8.44034
8.44034
8.44032
8.4403
8.4403
8.4403
8.4403
8.44028
8.44027
8.44027
8.44027
8.44026
8.44024
8.44021
8.4402
8.44016
8.44011
8.4401
8.44008
8.44007
8.44006
8.44004
8.44004
8.44001
8.43995
8.43992
8.43992
8.43992
8.43992
8.43988
8.43988
8.43988
8.43988
8.43986
8.43985
8.43981
8.43981
8.4398
8.4398
8.43976
8.43971
8.43971
8.43964
8.43964
8.43964
8.43964
8.43963
8.43963
8.43961
8.43958
8.43951
8.4395
8.4395
8.43942
8.4394
8.4394
8.43934
8.4393
8.4393
8.43923
8.43922
8.4392
8.43917
8.43917
8.43917
8.43917
8.43913
8.43911
8.4391
8.43906
8.43902
8.43897
8.43887
8.43887
8.43887
8.43872
8.43857
8.43857
8.43845
8.43825
8.4381
8.4381
8.4381
8.4381
8.4381
8.43808
8.43808
8.43807
8.43799
8.43789
8.43788
8.43783
8.43765
8.43765
8.43758
8.43758
8.4373
8.4373
8.4373
8.43727
8.43689
8.43673
8.43673
8.43666
8.43647
8.43647
8.43633
8.43632
8.43623
8.43623
8.43623
8.436
8.43599
8.43599
8.43599
8.43589
8.43584
8.43578
8.43578
8.43565
8.4355
8.43548
8.43537
8.43536
8.43536
8.43534
8.43508
8.43508
8.43506
8.43503
8.43501
8.43501
8.43495
8.43491
8.43491
8.43477
8.43473
8.43469
8.43469
8.43454
8.43448
8.43422
8.43417
8.43411
8.4338
8.4338
8.4338
8.43355
8.43346
8.43346
8.43346
8.43346
8.43329
8.43313
8.43297
8.43297
8.43297
8.4328
8.4328
8.4328
8.43252
8.43252
8.43252
8.4325
8.4325
8.4324
8.4324
8.43227
8.43221
8.43178
8.43158
8.43155
8.43134
8.43111
8.43041
8.43041
8.43041
8.43037
8.43016
8.43016
8.43015
8.42964
8.42926
8.42913
8.42913
8.42913
8.42898
8.42878
8.42854
8.42814
8.42814
8.42814
8.42756
8.42756
8.42751
8.42739
8.42675
8.42675
8.42675
8.42675
8.42675
8.42675
8.42648
8.42648
8.42622
8.42614
8.42609
8.42609
8.426
8.42578
8.42578
8.42578
8.42564
8.42564
8.4254
8.4254
8.4252
8.4252
8.4252
8.42518
8.42514
8.42514
8.42514
8.42503
8.42503
8.42503
8.42485
8.42481
8.42481
8.42474
8.42474
8.42474
8.4247
8.42457
8.42448
8.42448
8.42448
8.42438
8.42438
8.42428
8.42415
8.42408
8.42401
8.42372
8.42361
8.42331
8.42303
8.42294
8.42294
8.4228
8.4226
8.42245
8.42232
8.42209
8.42198
8.42198
8.42198
8.42162
8.42162
8.42153
8.42102
8.42102
8.42094
8.42094
8.42088
8.42074
8.42058
8.42029
8.41995
8.41976
8.41913
8.4188
8.41807
8.41784
8.41783
8.41746
8.417
8.41693
8.41687
8.41653
8.41606
8.41584
8.41558
8.4152
8.4148
8.41437
8.4139
8.41311
8.41311
8.41265
8.41234
8.4117
8.4117
8.41113
8.41026
8.40928
8.40905
8.40868
8.40868
8.40857
8.40814
8.40814
8.40782
8.40771
8.40771
8.4077
8.40729
8.40729
8.40713
8.40698
8.40693
8.40631
8.40577
8.40571
8.40471
8.40471
8.40471
8.40471
8.40433
8.40433
8.40425
8.40387
8.40333
8.40332
8.40332
8.40332
8.40302
8.40302
8.40275
8.40275
8.40275
8.40275
8.40271
8.40257
8.40233
8.40225
8.40132
8.40105
8.40079
8.40066
8.40066
8.40008
8.3991
8.3991
8.3991
8.3991
8.39886
8.39886
8.39853
8.39853
8.39842
8.39818
8.39799
8.39798
8.39786
8.39786
8.39786
8.39777
8.39777
8.39766
8.3976
8.39759
8.39759
8.39739
8.3972
8.3968
8.39667
8.39667
8.39667
8.39665
8.39665
8.39642
8.39642
8.39642
8.39642
8.39627
8.39609
8.39609
8.39609
8.39609
8.39609
8.39583
8.39583
8.39576
8.39576
8.39569
8.39569
8.39569
8.39569
8.39564
8.39564
8.39562
8.39553
8.39539
8.39538
8.39522
8.39521
8.39496
8.39487
8.39485
8.39485
8.39482
8.39476
8.39473
8.39462
8.39457
8.39457
8.39457
8.3945
8.3945
8.39438
8.39431
8.39415
8.39415
8.39415
8.39414
8.39413
8.39413
8.39402
8.39399
8.39399
8.39399
8.39394
8.39394
8.39394
8.39391
8.39391
8.39384
8.39372
8.39367
8.39361
8.39352
8.39343
8.39343
8.39343
8.39343
8.39343
8.39332
8.39331
8.39331
8.3932
8.39314
8.39314
8.39314
8.39305
8.39304
8.39302
8.39295
8.39263
8.39263
8.39263
8.39263
8.39255
8.39255
8.39254
8.39236
8.39233
8.39227
8.39227
8.39224
8.39223
8.39215
8.39209
8.39201
8.392
8.39191
8.39185
8.39171
8.39171
8.39168
8.39152
8.39152
8.39152
8.3915
8.3915
8.39145
8.39145
8.39145
8.39145
8.39139
8.39133
8.39133
8.39132
8.39132
8.39115
8.39115
8.39115
8.39115
8.39115
8.39115
8.39115
8.39113
8.39113
8.39113
8.39108
8.39101
8.39101
8.39082
8.39077
8.39077
8.39077
8.39072
8.39072
8.39066
8.39059
8.39058
8.39055
8.39054
8.39054
8.39049
8.39038
8.39035
8.39031
8.39031
8.39003
8.38994
8.38994
8.38966
8.38957
8.38907
8.38907
8.38907
8.38903
8.38887
8.38829
8.38829
8.38829
8.38829
8.38829
8.38807
8.388
8.38786
8.38786
8.38786
8.38786
8.38782
8.38756
8.38756
8.38721
8.38721
8.38721
8.38721
8.38721
8.38703
8.38703
8.38692
8.38692
8.38692
8.38667
8.38667
8.38666
8.38666
8.38629
8.38603
8.38565
8.38562
8.38562
8.38559
8.3853
8.38494
8.38494
8.38465
8.38465
8.38459
8.38459
8.38458
8.38447
8.38447
8.38447
8.38444
8.38422
8.38397
8.38389
8.38388
8.38367
8.38334
8.38334
8.38325
8.38325
8.38318
8.38296
8.38296
8.38277
8.38246
8.38239
8.38239
8.38219
8.38219
8.38219
8.38208
8.38208
8.38208
8.38188
8.38188
8.38188
8.38188
8.38184
8.38184
8.38169
8.38166
8.38161
8.38137
8.38137
8.38137
8.38137
8.38137
8.38136
8.38136
8.38136
8.38136
8.38125
8.38111
8.38111
8.38111
8.38106
8.381
8.38093
8.38087
8.38063
8.38063
8.38063
8.38056
8.38056
8.3805
8.3805
8.38048
8.38035
8.38035
8.38035
8.38035
8.38026
8.38026
8.38016
8.38008
8.38005
8.37998
8.37978
8.37962
8.37956
8.37925
8.37919
8.37907
8.37885
8.37885
8.37883
8.37867
8.37851
8.3784
8.3784
8.3784
8.3783
8.37819
8.37811
8.3779
8.37776
8.37774
8.37773
8.37749
8.37749
8.37745
8.3774
8.3771
8.37703
8.3769
8.37659
8.37635
8.37601
8.37594
8.37556
8.37556
8.37514
8.37514
8.37472
8.37415
8.37367
8.37345
8.37341
8.37341
8.37278
8.37252
8.37252
8.37252
8.37236
8.37202
8.37155
8.37155
8.37155
8.37102
8.37078
8.37078
8.3704
8.36982
8.36982
8.3695
8.36888
8.36848
8.36803
8.36745
8.36708
8.36472
8.36472
8.3642
8.36292
8.36292
8.36268
8.36213
8.36213
8.36073
8.36073
8.36065
8.36065
8.36061
8.36046
8.36032
8.35987
8.35982
8.35902
8.35896
8.35838
8.35838
8.35689
8.35539
8.35539
8.35539
8.35539
8.35519
8.35519
8.35415
8.35415
8.35221
8.35218
8.35218
8.35068
8.3493
8.3493
8.34861
8.34848
8.34656
8.34608
8.34589
8.34377
8.34377
8.34348
8.34343
8.34306
8.34306
8.34212
8.34174
8.34166
8.34106
8.34039
8.33994
8.33994
8.33987
8.33945
8.33843
8.33687
8.33655
8.33629
8.33595
8.33476
8.33434
8.33372
8.33372
8.33307
8.33307
8.33237
8.33204
8.33107
8.33107
8.33107
8.33054
8.32988
8.32894
8.32894
8.32847
8.32847
8.32825
8.32726
8.32716
8.32709
8.32613
8.32607
8.32525
8.32525
8.32378
8.32326
8.32317
8.32317
8.32264
8.32264
8.32264
8.32238
8.32233
8.32218
8.32213
8.32206
8.32174
8.32174
8.32149
8.32132
8.32129
8.32077
8.32022
8.31986
8.31934
8.31925
8.31925
8.31841
8.31833
8.31833
8.31762
8.31703
8.31703
8.31703
8.317
8.31652
8.31652
8.31598
8.31598
8.31497
8.31461
8.31428
8.31428
8.31328
8.31256
8.31198
8.31162
8.31162
8.31162
8.31157
8.31152
8.3113
8.31126
8.31126
8.3112
8.31096
8.31049
8.31025
8.31025
8.31008
8.31008
8.31002
8.30979
8.30961
8.30955
8.30928
8.30928
8.30925
8.30925
8.30915
8.30915
8.30913
8.30897
8.30892
8.30892
8.30892
8.30883
8.30883
8.30881
8.30881
8.30869
8.30846
8.30836
8.30828
8.30799
8.30764
8.30743
8.30742
8.30631
8.30589
8.30578
8.30526
8.30498
8.30498
8.30488
8.30477
8.30406
8.30352
8.30274
8.30274
8.30269
8.30269
8.3018
8.30124
8.30124
8.30124
8.30114
8.30114
8.30114
8.30052
8.29939
8.29939
8.29939
8.29903
8.29886
8.29844
8.29823
8.29796
8.29743
8.29575
8.29575
8.29575
8.29536
8.29425
8.29347
8.29211
8.29156
8.29156
8.29156
8.29156
8.29156
8.29142
8.29092
8.2908
8.29001
8.29001
8.28961
8.28961
8.28934
8.28922
8.28891
8.28864
8.28837
8.28793
8.28726
8.28726
8.28726
8.28726
8.28726
8.28726
8.28723
8.28715
8.28668
8.28652
8.28638
8.28638
8.28615
8.28584
8.28551
8.28545
8.28545
8.28456
8.28347
8.28302
8.28275
8.28275
8.2819
8.28189
8.28189
8.28174
8.28059
8.27922
8.27867
8.27751
8.27548
8.27548
8.27548
8.27516
8.27469
8.27447
8.274
8.27375
8.27325
8.27296
8.27229
8.27229
8.27226
8.27107
8.2701
8.26977
8.26918
8.26895
8.26895
8.26866
8.26825
8.26825
8.26763
8.26763
8.26763
8.26746
8.26715
8.26715
8.2671
8.26694
8.26694
8.26686
8.26673
8.26643
8.26643
8.26572
8.2654
8.26539
8.26494
8.26493
8.26402
8.26402
8.26346
8.26346
8.2634
8.2634
8.26282
8.26282
8.26202
8.26202
8.26202
8.26202
8.26191
8.26111
8.26073
8.25993
8.25963
8.25958
8.25843
8.25825
8.2581
8.2581
8.25773
8.25702
8.25541
8.25541
8.25541
8.25514
8.25514
8.25514
8.25514
8.2546
8.2546
8.25449
8.2544
8.25406
8.2536
8.2536
8.25307
8.25278
8.25278
8.25266
8.25243
8.25184
8.25157
8.25146
8.25143
8.25135
8.25098
8.25098
8.25098
8.25086
8.25071
8.25071
8.25065
8.25048
8.25042
8.25028
8.25028
8.25028
8.25028
8.25015
8.25
8.24987
8.24968
8.24968
8.24952
8.2495
8.24938
8.24912
8.24911
8.24899
8.24899
8.24899
8.24895
8.24891
8.2489
8.24883
8.24883
8.2487
8.2487
8.24856
8.24854
8.24845
8.24834
8.24834
8.24818
8.24818
8.24813
8.24813
8.24813
8.24807
8.24807
8.248
8.24798
8.24798
8.24788
8.24788
8.24781
8.24775
8.24767
8.24762
8.24757
8.24754
8.2475
8.24737
8.24731
8.24725
8.24725
8.24725
8.24714
8.24714
8.24712
8.24712
8.24712
8.24709
8.24705
8.24704
8.24702
8.24702
8.24698
8.24694
8.24693
8.24693
8.24693
8.24688
8.24688
8.2468
8.24673
8.24669
8.24669
8.24669
8.24668
8.24665
8.24664
8.24663
8.24661
8.2466
8.2466
8.24658
8.24657
8.24654
8.24651
8.24648
8.24647
8.24646
8.24643
8.24635
8.24634
8.24628
8.24622
8.24622
8.24619
8.24619
8.24609
8.24605
8.24603
8.24602
8.24598
8.24586
8.24558
8.24558
8.24531
8.24531
8.24525
8.24516
8.24516
8.24513
8.24513
8.24513
8.24495
8.24494
8.24484
8.24473
8.24465
8.24454
8.24427
8.24391
8.24388
8.24384
8.24382
8.24352
8.24317
8.24289
8.2427
8.24268
8.24261
8.24261
8.24252
8.24225
8.24188
8.24158
8.24158
8.24128
8.24125
8.24098
8.24094
8.24094
8.24094
8.24081
8.24068
8.24064
8.24054
8.24017
8.24017
8.24017
8.24007
8.24007
8.23966
8.23966
8.23958
8.23958
8.23937
8.23929
8.23929
8.2392
8.23863
8.23828
8.23795
8.23795
8.23777
8.23734
8.23719
8.23626
8.23444
8.23387
8.23328
8.23167
8.23132
8.23078
8.23062
8.23006
8.2298
8.2298
8.22936
8.22901
8.22901
8.22901
8.22855
8.22815
8.22738
8.22738
8.22738
8.22703
8.22701
8.22665
8.2263
8.22538
8.22538
8.22538
8.22478
8.22448
8.22412
8.22389
8.22357
8.22282
8.22177
8.22116
8.22111
8.21952
8.21952
8.21845
8.2183
8.2183
8.21771
8.2164
8.21467
8.21393
8.21377
8.21203
8.21203
8.21203
8.21167
8.21071
8.20965
8.20965
8.20959
8.20839
8.20627
8.20517
8.20427
8.20427
8.20427
8.20395
8.20395
8.20395
8.20395
8.20388
8.20305
8.20305
8.20305
8.20245
8.20245
8.2024
8.2024
8.20167
8.20156
8.20156
8.20114
8.20114
8.20073
8.19992
8.19773
8.19675
8.19424
8.19207
8.18923
8.1866
8.18154
8.17791
8.16744
8.16744
8.16744
8.1617
8.1617
8.15985
8.15773
8.15773
8.15013
8.15013
8.14837
8.13949
8.13949
8.13949
8.13637
8.12317
8.12317
8.12317
8.12317
8.12317
8.12317
8.12271
8.12238
8.12238
8.12238
8.12238
8.12045
8.12045
8.11844
8.11844
8.1164
8.1164
8.11524
8.11524
8.11508
8.11508
8.11425
8.11357
8.11265
8.11264
8.11221
8.11221
8.11221
8.11212
8.11139
8.11139
8.11095
8.11091
8.11054
8.1102
8.10993
8.10982
8.10967
8.10909
8.10864
8.10776
8.10776
8.10727
8.10727
8.10686
8.10686
8.10582
8.10582
8.10564
8.1054
8.1054
8.1054
8.10528
8.10406
8.10385
8.10357
8.10319
8.1022
8.10056
8.09938
8.09879
8.09754
8.09732
8.09514
8.09316
8.09316
8.09316
8.09316
8.09316
8.09316
8.09316
8.08882
8.08882
8.08778
8.08752
8.08752
8.08723
8.08675
8.08635
8.08507
8.08305
8.0823
8.07962
8.07622
8.07531
8.06529
8.06529
8.05568
8.05568
8.05568
8.05568
8.05454
8.04527
8.04231
8.03112
8.03112
8.02707
8.02707
8.02707
8.02707
8.02707
8.02279
8.02279
8.02279
8.02279
8.02279
8.02208
8.02208
8.02175
8.01801
8.01801
8.01699
8.01699
8.01449
8.01399
8.0136
8.0105
8.0105
8.0105
8.00983
8.00983
8.00889
8.00573
7.99941
7.99448
7.98604
7.98221
7.98214
7.97524
7.97524
7.97374
7.97374
7.97225
7.96798
7.95937
7.95819
7.95819
7.9555
7.95177
7.9467
7.93281
7.92841
7.92033
7.92033
7.91959
7.9166
7.91499
7.91154
7.91154
7.91071
7.9046
7.9046
7.9046
7.9046
7.9046
7.9025
7.9025
7.90136
7.90072
7.89884
7.89869
7.89805
7.89787
7.8971
7.89628
7.89497
7.89408
7.89408
7.89327
7.89238
7.89238
7.89221
7.89221
7.89149
7.89097
7.89097
7.88984
7.88934
7.88934
7.88869
7.88768
7.88714
7.88687
7.88687
7.88639
7.88639
7.88572
7.88572
7.88525
7.88499
7.88499
7.88401
7.88316
7.88316
7.88316
7.88271
7.88271
7.88243
7.88182
7.88146
7.88146
7.8812
7.8812
7.88101
7.88101
7.88101
7.87992
7.87992
7.87992
7.87936
7.87936
7.87936
7.87936
7.87929
7.8787
7.87846
7.87821
7.87821
7.87821
7.87789
7.87757
7.87622
7.8755
7.87525
7.87469
7.87398
7.87374
7.87209
7.87171
7.87167
7.87115
7.87059
7.87036
7.86986
7.86967
7.86937
7.86937
7.86933
7.86865
7.86821
7.86782
7.86782
7.86768
7.86749
7.86728
7.86697
7.86697
7.86697
7.86696
7.86652
7.86652
7.86649
7.86625
7.8661
7.86604
7.86522
7.86504
7.86504
7.86504
7.86504
7.86481
7.86481
7.86481
7.86474
7.86474
7.86454
7.86444
7.86444
7.86436
7.86422
7.86422
7.86415
7.86386
7.86385
7.86367
7.86359
7.86322
7.86322
7.86322
7.86322
7.86308
7.86301
7.86301
7.86277
7.86277
7.86277
7.86269
7.86265
7.86265
7.86265
7.86253
7.86253
7.86247
7.86247
7.8624
7.8624
7.86219
7.86205
7.86203
7.86197
7.86196
7.86189
7.86184
7.86171
7.86171
7.86171
7.86171
7.86157
7.86157
7.86152
7.86152
7.8612
7.86113
7.86113
7.86088
7.86088
7.86083
7.8608
7.86049
7.86049
7.86026
7.85988
7.85988
7.85988
7.8597
7.85945
7.85932
7.85932
7.85932
7.85922
7.85911
7.85911
7.85904
7.85895
7.85873
7.85858
7.85807
7.85792
7.8577
7.8577
7.85746
7.85729
7.85712
7.85697
7.85664
7.85664
7.85648
7.85638
7.85638
7.85614
7.85614
7.85614
7.85587
7.85587
7.8558
7.85552
7.85552
7.85541
7.85541
7.85534
7.85519
7.85519
7.85512
7.85499
7.85497
7.8548
7.8548
7.8548
7.8548
7.8548
7.8548
7.8548
7.85458
7.85445
7.85445
7.85424
7.85424
7.8541
7.85396
7.85322
7.85321
7.85264
7.85187
7.8513
7.85066
7.85055
7.85015
7.84928
7.84908
7.84908
7.84908
7.84888
7.84867
7.84867
7.84847
7.84847
7.84847
7.84832
7.84799
7.84799
7.8477
7.8477
7.8477
7.84746
7.84735
7.84721
7.84682
7.84682
7.84663
7.84652
7.84624
7.84617
7.84584
7.84552
7.84552
7.84552
7.84514
7.84509
7.84509
7.84435
7.84435
7.84435
7.84435
7.84394
7.84374
7.84374
7.84374
7.84374
7.84374
7.84374
7.84367
7.84367
7.84335
7.8433
7.84324
7.84316
7.84283
7.84264
7.8426
7.8426
7.8426
7.84244
7.84243
7.84218
7.84218
7.84193
7.84191
7.84191
7.84191
7.84117
7.84074
7.84074
7.84074
7.84074
7.84069
7.84069
7.84068
7.84057
7.84057
7.84057
7.84057
7.84024
7.84014
7.83988
7.8396
7.83939
7.83939
7.83878
7.83878
7.83813
7.83806
7.83798
7.83767
7.83767
7.83759
7.83759
7.83759
7.83738
7.83691
7.83691
7.83664
7.8366
7.83632
7.83626
7.8353
7.8353
7.83514
7.83514
7.83496
7.83496
7.83457
7.83457
7.83449
7.83435
7.83435
7.83423
7.8338
7.8338
7.83363
7.83363
7.83355
7.83339
7.83301
7.83301
7.83294
7.83261
7.83261
7.83251
7.83238
7.83229
7.83201
7.83194
7.83194
7.83194
7.83194
7.83174
7.83154
7.83124
7.83124
7.83122
7.83102
7.83102
7.8308
7.83056
7.83015
7.83003
7.82998
7.82973
7.82965
7.82894
7.8289
7.8289
7.8289
7.82868
7.82854
7.82854
7.82801
7.82741
7.82741
7.82713
7.82713
7.8271
7.82666
7.82666
7.82666
7.82666
7.82666
7.82641
7.82608
7.82608
7.82608
7.82462
7.8245
7.82419
7.82419
7.82416
7.82416
7.82416
7.82391
7.82322
7.82322
7.82322
7.82322
7.82322
7.82313
7.82313
7.82313
7.82288
7.82288
7.82288
7.8224
7.8224
7.8224
7.8221
7.82175
7.82175
7.82142
7.82138
7.82134
7.82134
7.82134
7.82117
7.82117
7.82056
7.8203
7.82026
7.82019
7.81998
7.81976
7.81971
7.81971
7.81971
7.81962
7.81906
7.81906
7.81889
7.81889
7.81877
7.81875
7.81868
7.81839
7.81839
7.81822
7.81821
7.81801
7.81801
7.81795
7.81776
7.8177
7.81761
7.81746
7.8171
7.8171
7.81701
7.81701
7.81693
7.81693
7.81673
7.8163
7.8163
7.8163
7.81626
7.81621
7.81618
7.81608
7.81598
7.81547
7.81547
7.81514
7.81464
