449.55
436.183
371.072
371.072
371.072
351.576
351.576
351.576
332.314
277.992
277.992
277.992
277.992
277.992
277.992
254.514
254.514
253.069
253.069
253.069
253.069
253.069
240.193
240.193
240.193
240.193
240.193
237.765
237.765
237.765
237.765
199.47
199.47
199.47
199.47
199.47
199.47
199.47
199.47
199.47
199.47
199.47
199.47
177.204
177.204
177.204
177.204
177.204
177.204
177.204
177.204
177.204
177.204
177.204
177.204
177.204
177.204
171.866
171.866
171.866
171.866
171.866
171.866
171.866
171.866
171.866
171.866
171.866
171.866
171.866
171.866
171.866
171.866
171.866
171.866
171.866
171.866
171.866
171.866
171.866
171.866
171.866
171.866
171.866
171.866
171.866
171.866
171.866
171.866
171.866
171.866
171.866
171.866
171.866
159.376
159.376
159.376
159.376
159.376
159.376
158.522
158.522
158.522
158.522
158.522
158.522
158.522
158.522
153.381
153.381
151.345
151.345
151.345
151.345
127.075
127.075
127.075
111.86
111.86
111.86
111.86
111.86
111.86
96.7241
96.7241
96.7241
96.7241
96.7241
96.7241
96.7241
96.7241
96.7241
96.7241
96.7241
96.7241
96.7241
96.7241
96.7241
96.7241
96.7241
96.7241
96.7241
96.7241
96.7241
96.7241
96.7241
96.7241
93.8359
93.8359
93.8359
93.8359
93.8359
93.8359
93.8359
93.8359
93.8359
90.0286
90.0286
90.0286
90.0286
90.0286
90.0286
90.0286
90.0286
90.0286
90.0286
90.0286
90.0286
90.0286
90.0286
90.0286
90.0286
90.0286
90.0286
90.0286
90.0286
90.0286
90.0286
90.0286
86.0152
82.7826
82.7826
82.7826
82.7826
82.7826
82.7826
82.7826
82.7826
81.7135
81.7135
81.7135
81.7135
81.7135
81.7135
81.7135
81.7135
81.7135
79.6229
77.4948
77.4948
77.4948
77.4948
77.4948
77.4948
77.4948
77.4948
77.307
76.9775
76.6204
76.399
76.399
76.399
74.6339
74.6339
71.7049
69.9726
69.9726
69.9726
69.9726
67.7557
67.7557
67.7557
67.6321
66.6391
64.4986
64.4986
64.4986
64.4986
62.4023
62.4023
59.0104
59.0104
59.0104
58.5896
58.5896
57.8045
57.8045
54.5069
54.5069
52.4128
52.4128
52.4128
52.4128
52.4128
52.4128
52.4128
52.4128
52.4128
52.4128
52.4128
52.4128
52.4128
51.2922
51.2922
51.2389
51.2389
51.2389
51.2389
51.2389
51.2389
51.2389
46.2643
46.2643
46.2643
45.1303
45.1303
45.1303
45.1303
45.1303
45.1303
45.1303
45.1303
45.1303
45.1303
45.1303
44.2518
44.2518
44.2518
44.2518
44.2518
44.2518
44.2518
43.8851
43.8851
43.7517
43.7517
42.3042
39.7788
39.7788
39.7788
39.7788
39.3012
39.3012
39.3012
39.3012
36.2502
36.2502
36.2502
34.746
34.1172
34.1172
34.1172
34.1172
34.1172
34.1172
34.1172
34.1172
34.1172
34.1172
33.7378
33.7378
33.7378
33.7378
31.2259
31.2259
31.0408
31.0408
31.0408
31.0408
31.0408
31.0408
31.0408
31.0408
31.0408
31.0408
29.5891
29.5891
29.5891
29.5891
29.5891
29.5891
29.5891
29.5891
29.5891
29.5891
29.5891
29.5891
29.5891
24.9793
24.9793
24.9793
24.9793
24.9793
24.9793
24.9793
24.9793
24.9793
24.9793
24.9793
24.9793
24.9793
24.9793
24.9793
24.9793
24.9793
24.9793
24.9793
24.9793
24.9793
24.9793
24.9793
24.9793
24.9793
24.9793
24.9793
24.9793
24.9793
24.9793
24.9793
24.4148
24.4148
24.4148
23.9003
22.6744
22.6744
22.6744
22.6744
22.6744
22.4115
22.4115
22.4115
21.271
21.271
20.1608
20.1608
20.1608
20.1608
20.1608
20.1608
17.1833
17.1833
17.1833
17.1833
16.3498
16.3498
16.3498
16.3498
16.3498
16.3498
15.9596
15.9596
15.9596
15.9596
15.9596
15.8575
15.8575
15.8575
15.8575
15.8575
15.8575
15.8575
15.8575
15.8575
15.8575
15.8575
15.8575
15.8575
15.8575
15.8575
15.8575
15.8575
15.8575
15.8575
15.8575
15.8575
15.8575
15.8575
14.2264
14.2264
14.2264
14.2264
14.2264
14.2264
13.3688
13.3688
13.3688
13.3688
13.3688
13.3688
13.3688
13.3688
13.3688
13.3688
13.3688
13.3431
11.7543
11.7543
11.7543
11.7543
11.7543
11.7543
11.7543
11.7543
11.7543
11.7543
11.7341
11.7341
11.7341
11.7341
11.6477
11.6477
11.6477
11.6477
11.6477
11.6477
11.6477
11.6477
11.6477
11.6477
10.9673
10.9673
10.9673
10.9673
10.9673
10.9673
10.9673
9.87428
9.61557
9.61557
9.61557
9.61557
9.61557
9.61557
9.61557
9.61557
9.61557
9.61557
9.61557
9.61557
9.22744
9.22744
9.22744
9.22744
9.22744
9.22744
9.22744
9.22744
8.61823
8.61823
8.61823
8.61823
8.61823
8.61823
8.61823
8.61823
8.48912
8.48912
8.22344
8.22344
8.22344
8.22344
8.22344
8.22344
8.22344
8.22344
8.22344
8.22344
8.22344
8.22344
8.22344
8.22344
7.83908
7.83908
7.83908
7.83908
7.83908
7.57203
7.57203
7.57203
7.57203
7.55107
7.52074
6.91269
6.91269
6.91269
6.91269
6.56918
6.56918
6.53682
6.53682
5.89863
5.89863
5.89863
5.89863
5.89863
5.89863
5.80826
5.80826
5.61355
5.61355
5.61355
5.61355
5.61355
5.61355
5.61355
5.61355
5.61355
5.47413
5.26378
5.26378
5.26233
5.26233
5.26233
5.01606
5.01606
5.01606
4.91149
4.91149
4.91149
4.88013
4.88013
4.88013
4.88013
4.88013
4.88013
4.88013
4.61305
4.61305
4.61305
4.61305
4.61305
4.61305
4.61305
3.87418
3.87418
3.8403
3.8403
3.8403
3.8403
3.8403
3.8403
3.7806
3.58654
3.58617
3.58617
3.58617
3.57702
2.75978
2.75978
2.75978
2.75978
2.75978
2.75978
2.75978
2.75978
2.6449
2.6449
2.6449
2.6449
2.62829
2.62829
2.62581
2.62581
2.62581
2.48865
2.48618
2.48434
2.42807
2.42807
1.84248
1.84248
1.84248
1.84248
1.65236
1.65236
1.65236
1.65236
1.65236
1.65236
1.65236
1.65236
1.65236
1.65236
1.65236
1.65236
1.30033
1.27179
1.19925
1.19925
1.19925
1.19925
1.19925
1.19925
1.19925
1.19925
1.19925
1.19925
1.19925
1.19925
1.19925
1.15982
1.15982
1.15982
1.15216
1.15216
1.15216
1.15216
1.15216
1.15129
1.12311
1.01378
1.01378
1.01378
1.01266
0.846985
0.846985
0.846985
0.846985
0.846985
0.846985
0.846985
0.846985
0.846985
0.846985
0.846985
0.784683
0.738785
0.738785
0.738785
0.733499
0.733499
0.711364
0.711364
0.711364
0.422439
0.422439
0.422439
0.422439
0.422439
0.422439
0.422439
0.422439
0.422439
0.422439
0.422439
0.412905
0.412905
0.412905
0.381425
0.372888
0.302301
0.302301
0.302301
0.302301
0.260641
0.260641
0.260641
0.260521
0.253886
0.253886
0.253886
0.253886
0.253886
0.24089
0.180315
0.178796
0.178796
0.178796
0.178796
0.178796
0.178747
0.171535
0.164737
0.156189
0.137263
0.137263
0.133951
0.133951
0.133951
0.131223
0.131223
0.1304
0.105714
0.105714
0.105714
0.105714
0.100268
0.0979088
0.089437
0.0880615
0.0673419
0.0673419
0.0673419
0.0672494
0.0672494
0.0672494
0.0672494
0.0672494
0.0606837
0.0606837
0.0606837
0.0606837
0.0606837
0.0599885
0.0599885
0.0599885
0.0599885
0.0516912
0.0516912
0.0516912
0.0516912
0.0516912
0.0516912
0.0501883
0.0453445
0.0453445
0.0453445
0.0379729
0.0379729
0.0379729
0.0379729
0.0379729
0.0379729
0.0379729
0.0379729
0.0379729
0.0379729
0.0340646
0.0339266
0.0339266
0.0339266
0.029564
0.029564
0.029564
0.0259477
0.0259477
0.0259477
0.0259477
0.0259477
0.0259477
0.0259477
0.0259477
0.0259477
0.0259477
0.0259477
0.0259477
0.0250253
0.0216835
0.0198712
0.019163
0.019163
0.0165065
0.0165065
0.0160675
0.0160675
0.0160675
0.0156936
0.0137985
0.0137985
0.0137985
0.0115167
0.0115167
0.0115167
0.00925042
0.00919917
0.00919917
0.00919917
0.0086691
0.0086691
0.0086691
0.0086691
0.0086691
0.0086691
0.00737805
0.00737805
0.00737805
0.00737805
0.00737805
0.00732874
0.00732874
0.00732874
0.00672561
0.00672561
0.0063352
0.00585107
0.00585107
0.00585107
0.00585107
0.00585107
0.00583716
0.00583716
0.00421235
0.00421235
0.00421235
0.00421235
0.00388728
0.00388728
0.00374249
0.00374249
0.00374249
0.00374249
0.00372039
0.00372039
0.00372039
0.00358851
0.00358851
0.0034748
0.00301562
0.00257721
0.00257721
0.00257721
0.00257721
0.00255908
0.00255908
0.00192932
0.00192932
0.00192932
0.0018729
0.0018729
0.0018729
0.00165451
0.00165451
0.00164916
0.00164916
0.00164916
0.0013411
0.0013411
0.00124426
0.00124426
0.00124086
0.00124086
0.00124086
0.00124086
0.000984375
0.000984375
0.000984375
0.000984375
0.000880059
0.000811123
0.000811123
0.000785932
0.000785932
0.000785932
0.000785932
0.000785932
0.000768525
0.000768525
0.000768525
0.000768525
0.000768525
0.000735947
0.000735947
0.000735947
0.000725461
0.000725461
0.00055074
0.000480206
0.000480206
0.000320605
0.000320605
0.000303999
0.000303999
0.000303999
0.000303999
0.000303999
0.000303999
0.000298345
0.000298345
0.000298345
0.000298345
0.000298345
0.000291487
0.000291487
0.000291487
0.000291487
0.000291487
0.000291487
0.000285882
0.000283198
0.0002718
0.0002718
0.000260104
0.000190955
0.000190955
0.000190955
0.000189192
0.000189192
0.000189192
0.000174345
0.000174345
0.000167788
0.000167788
0.000167788
0.000147902
0.000144309
0.000144309
0.000144309
0.00011468
0.00011468
9.38927e-005
9.38927e-005
9.38927e-005
9.38927e-005
9.25855e-005
9.04605e-005
8.5085e-005
8.5085e-005
8.5085e-005
8.5085e-005
7.76255e-005
7.58056e-005
7.58056e-005
7.58056e-005
7.58056e-005
7.58056e-005
7.35858e-005
4.70583e-005
4.70583e-005
4.70583e-005
4.70583e-005
4.2493e-005
4.2493e-005
4.2493e-005
4.2493e-005
4.2493e-005
4.2493e-005
3.52189e-005
3.52189e-005
3.52189e-005
3.52189e-005
3.52189e-005
3.52189e-005
3.51196e-005
3.51196e-005
3.51196e-005
3.51196e-005
3.35121e-005
3.35121e-005
3.26244e-005
3.26244e-005
3.26244e-005
3.26244e-005
3.26244e-005
3.22643e-005
3.22643e-005
3.22643e-005
3.22643e-005
3.11111e-005
2.98085e-005
2.98085e-005
2.98085e-005
2.97695e-005
2.85999e-005
2.77976e-005
2.77976e-005
2.42543e-005
2.42543e-005
2.42543e-005
2.42543e-005
2.42543e-005
2.42543e-005
2.42342e-005
1.73484e-005
1.73484e-005
1.73484e-005
1.73484e-005
1.73484e-005
1.73484e-005
1.73251e-005
1.73251e-005
1.73251e-005
1.72564e-005
1.57641e-005
1.33458e-005
1.29135e-005
1.29135e-005
1.29135e-005
1.29135e-005
1.29135e-005
1.14886e-005
9.90051e-006
9.89758e-006
9.89758e-006
8.7822e-006
8.7822e-006
8.7822e-006
8.7822e-006
8.7822e-006
8.1203e-006
7.10386e-006
7.10386e-006
6.71803e-006
6.17603e-006
6.17603e-006
5.19667e-006
5.19667e-006
5.19667e-006
5.19667e-006
5.19667e-006
5.11328e-006
4.01972e-006
4.01972e-006
3.96446e-006
3.96446e-006
3.96446e-006
3.96446e-006
3.53129e-006
3.53129e-006
3.53129e-006
3.53129e-006
3.46627e-006
3.46627e-006
3.46627e-006
3.46627e-006
3.46627e-006
3.46627e-006
3.46627e-006
2.76401e-006
2.6227e-006
2.61389e-006
2.51452e-006
2.51452e-006
2.51452e-006
2.40431e-006
2.40431e-006
2.27699e-006
2.27699e-006
2.27699e-006
2.23586e-006
2.03073e-006
2.0115e-006
2.00652e-006
1.73823e-006
1.73823e-006
1.70808e-006
1.70808e-006
1.39359e-006
1.39359e-006
1.33353e-006
1.26619e-006
1.19189e-006
1.19189e-006
1.19189e-006
1.13868e-006
1.13868e-006
1.13868e-006
1.13868e-006
1.0385e-006
9.7003e-007
9.16979e-007
9.16979e-007
9.16979e-007
9.16979e-007
9.16979e-007
9.16979e-007
9.16979e-007
9.01489e-007
8.06184e-007
7.43265e-007
7.43265e-007
7.43265e-007
5.86432e-007
5.86432e-007
5.86432e-007
5.0479e-007
5.0479e-007
5.0479e-007
4.92977e-007
4.74493e-007
4.74493e-007
4.74493e-007
4.74493e-007
4.74493e-007
4.23948e-007
4.23948e-007
4.23948e-007
3.76825e-007
3.47251e-007
3.18862e-007
3.18862e-007
3.18862e-007
2.94343e-007
2.94343e-007
2.94343e-007
2.94343e-007
2.94343e-007
2.94343e-007
2.94343e-007
2.94343e-007
2.69393e-007
2.52567e-007
1.90996e-007
1.90996e-007
1.90996e-007
1.90996e-007
1.90996e-007
1.90996e-007
1.90996e-007
1.8822e-007
1.73103e-007
1.72632e-007
1.72632e-007
1.72632e-007
1.55588e-007
1.51032e-007
1.29208e-007
1.18886e-007
1.18886e-007
1.04725e-007
1.04725e-007
1.04725e-007
1.04725e-007
9.69374e-008
9.69374e-008
9.69374e-008
9.69374e-008
9.69374e-008
8.86104e-008
8.86104e-008
8.86104e-008
8.86104e-008
7.98089e-008
7.98089e-008
7.98089e-008
7.98089e-008
7.98089e-008
7.98089e-008
7.98089e-008
7.33517e-008
7.23114e-008
7.19046e-008
6.17561e-008
6.17561e-008
5.63914e-008
5.63914e-008
5.28315e-008
5.12948e-008
4.85174e-008
4.63142e-008
4.63142e-008
4.57628e-008
4.57628e-008
4.22046e-008
4.08693e-008
4.01953e-008
3.92712e-008
3.89665e-008
3.89665e-008
3.10067e-008
3.10067e-008
3.10067e-008
3.10067e-008
3.10067e-008
3.10067e-008
2.68852e-008
2.68088e-008
2.68088e-008
2.68088e-008
2.36007e-008
2.36007e-008
2.36007e-008
2.36007e-008
2.27698e-008
1.63831e-008
1.63831e-008
1.63831e-008
1.63831e-008
1.63831e-008
1.63831e-008
1.63831e-008
1.63831e-008
1.63831e-008
1.63831e-008
1.63831e-008
1.63831e-008
1.63831e-008
1.63831e-008
1.63831e-008
1.53416e-008
1.53416e-008
1.50789e-008
1.46915e-008
1.18591e-008
1.18591e-008
1.18591e-008
1.18591e-008
1.18591e-008
1.13126e-008
1.08497e-008
1.08497e-008
1.07704e-008
1.07704e-008
1.07172e-008
1.07172e-008
9.193e-009
7.48667e-009
6.14426e-009
6.14426e-009
6.14426e-009
6.14426e-009
6.14426e-009
5.82529e-009
5.81759e-009
4.86242e-009
4.86242e-009
4.86242e-009
4.85395e-009
4.85395e-009
4.85395e-009
4.85395e-009
4.85395e-009
4.85395e-009
4.85395e-009
4.85395e-009
4.76972e-009
4.65799e-009
4.65799e-009
3.72961e-009
3.72961e-009
3.71137e-009
3.60985e-009
3.60985e-009
3.23214e-009
3.23214e-009
3.23214e-009
3.172e-009
3.01161e-009
2.40226e-009
2.40226e-009
2.40226e-009
2.40226e-009
2.40226e-009
2.40226e-009
2.34356e-009
2.34356e-009
2.34356e-009
2.34356e-009
2.34356e-009
2.13858e-009
2.13858e-009
1.86865e-009
1.86865e-009
1.86865e-009
1.75191e-009
1.31726e-009
1.31726e-009
1.31726e-009
1.31726e-009
1.31726e-009
1.31641e-009
1.31641e-009
1.31641e-009
1.30694e-009
1.30694e-009
1.30694e-009
1.30694e-009
1.25409e-009
1.17775e-009
1.17775e-009
1.17775e-009
1.17775e-009
1.17775e-009
1.11064e-009
8.65826e-010
8.65826e-010
8.65826e-010
8.65826e-010
8.65826e-010
8.65826e-010
8.65826e-010
8.65826e-010
8.47039e-010
8.47039e-010
7.16342e-010
6.77405e-010
5.03395e-010
5.03395e-010
5.03395e-010
5.03395e-010
4.79615e-010
4.48798e-010
4.48798e-010
4.48798e-010
3.96042e-010
3.96042e-010
3.96042e-010
3.96042e-010
3.96042e-010
3.96042e-010
3.96042e-010
3.96042e-010
3.96042e-010
3.96042e-010
3.96042e-010
3.87524e-010
3.8752e-010
3.59411e-010
3.59411e-010
3.59411e-010
3.59411e-010
2.89015e-010
2.89015e-010
2.03238e-010
2.03238e-010
2.03238e-010
2.03238e-010
2.03238e-010
1.88819e-010
1.88819e-010
1.88819e-010
1.78875e-010
1.78875e-010
1.78875e-010
1.78875e-010
1.54492e-010
1.54492e-010
1.54361e-010
1.54361e-010
1.54361e-010
1.54361e-010
1.54361e-010
1.51766e-010
1.4951e-010
1.27376e-010
1.24735e-010
1.13057e-010
1.10915e-010
1.10915e-010
1.10915e-010
8.35301e-011
8.35301e-011
7.34763e-011
7.34763e-011
7.34763e-011
7.34763e-011
7.34763e-011
7.34763e-011
7.2346e-011
7.2346e-011
6.8137e-011
6.8137e-011
6.55002e-011
6.55002e-011
6.55002e-011
6.55002e-011
6.55002e-011
6.55002e-011
6.55002e-011
6.51253e-011
6.51253e-011
6.36691e-011
6.22777e-011
6.22777e-011
6.22777e-011
6.22777e-011
5.63559e-011
5.63559e-011
5.63559e-011
4.43784e-011
4.43784e-011
4.43784e-011
4.43773e-011
4.43773e-011
4.18978e-011
4.18978e-011
4.09405e-011
4.09405e-011
4.09405e-011
4.09405e-011
4.09405e-011
4.09405e-011
4.09405e-011
4.09405e-011
4.09405e-011
4.09405e-011
3.0331e-011
3.0331e-011
3.0331e-011
3.0331e-011
3.0331e-011
2.98868e-011
2.4176e-011
2.4176e-011
2.4176e-011
2.38033e-011
2.38033e-011
1.91524e-011
1.91524e-011
1.84282e-011
1.84282e-011
1.68928e-011
1.68928e-011
1.68928e-011
1.49814e-011
1.49814e-011
1.49814e-011
1.40217e-011
1.40217e-011
1.37439e-011
1.37439e-011
1.37439e-011
1.37439e-011
1.36111e-011
1.08327e-011
1.08327e-011
1.06117e-011
1.06117e-011
1.06117e-011
1.06117e-011
1.06117e-011
1.06117e-011
8.84867e-012
8.84867e-012
8.8297e-012
7.9069e-012
7.72056e-012
7.72056e-012
7.61901e-012
7.61901e-012
7.61901e-012
7.51747e-012
7.51747e-012
6.98521e-012
6.98521e-012
6.85242e-012
6.4217e-012
6.4217e-012
6.27553e-012
6.27553e-012
5.47769e-012
5.47769e-012
5.47769e-012
4.91977e-012
4.91977e-012
4.91977e-012
4.26254e-012
4.26254e-012
4.26254e-012
4.26254e-012
3.872e-012
3.872e-012
3.872e-012
3.57628e-012
3.55508e-012
3.55508e-012
3.30961e-012
3.12103e-012
3.12103e-012
3.12103e-012
3.07639e-012
2.94472e-012
2.63118e-012
2.45152e-012
2.45152e-012
2.45152e-012
2.45152e-012
2.30647e-012
2.22278e-012
2.22278e-012
2.22278e-012
2.22278e-012
2.22278e-012
1.87686e-012
1.60123e-012
1.60123e-012
1.59901e-012
1.53093e-012
1.53093e-012
1.53093e-012
1.53093e-012
1.26314e-012
1.26314e-012
1.26314e-012
1.26314e-012
1.26314e-012
1.26314e-012
1.26314e-012
1.0991e-012
1.0991e-012
1.0991e-012
9.56277e-013
9.56277e-013
7.27529e-013
7.23067e-013
7.15258e-013
7.15258e-013
7.15258e-013
7.15258e-013
6.84023e-013
6.61696e-013
6.38275e-013
6.38275e-013
6.38275e-013
5.88061e-013
5.88061e-013
5.88061e-013
5.45658e-013
5.45658e-013
5.45658e-013
4.79813e-013
4.34061e-013
3.47019e-013
3.47019e-013
3.47019e-013
3.47019e-013
3.47019e-013
3.47019e-013
3.47019e-013
3.11333e-013
2.82309e-013
2.82309e-013
2.77846e-013
2.71142e-013
2.466e-013
2.33199e-013
2.33199e-013
2.33199e-013
2.33199e-013
2.33199e-013
2.33199e-013
2.16469e-013
2.16469e-013
1.80778e-013
1.80778e-013
1.80778e-013
1.80778e-013
1.36145e-013
1.36145e-013
1.36145e-013
1.36145e-013
1.22748e-013
1.22748e-013
1.22744e-013
1.22744e-013
1.21631e-013
1.21631e-013
1.10476e-013
1.10476e-013
1.02663e-013
1.02663e-013
1.02663e-013
8.92671e-014
8.92671e-014
8.92671e-014
8.92671e-014
8.92671e-014
8.92671e-014
8.70354e-014
7.02945e-014
7.02945e-014
6.9179e-014
6.9179e-014
6.9179e-014
6.36054e-014
6.36054e-014
6.13797e-014
6.13797e-014
4.79903e-014
4.79903e-014
4.79903e-014
4.79903e-014
4.7979e-014
4.7979e-014
4.7979e-014
4.7979e-014
4.7979e-014
4.01727e-014
3.90634e-014
3.90564e-014
3.90564e-014
3.79531e-014
2.90193e-014
2.78996e-014
2.78996e-014
2.78996e-014
2.56782e-014
2.56782e-014
2.343e-014
2.12131e-014
2.11983e-014
2.00872e-014
1.89848e-014
1.89848e-014
1.89848e-014
1.56281e-014
1.56281e-014
1.56281e-014
1.45162e-014
1.45162e-014
1.45162e-014
1.45127e-014
1.45127e-014
1.34051e-014
1.34025e-014
1.34025e-014
1.34025e-014
1.34025e-014
1.22862e-014
1.00588e-014
1.00588e-014
1.00579e-014
1.00536e-014
1.00536e-014
1.00536e-014
1.00536e-014
8.9399e-015
6.71165e-015
5.59188e-015
5.59188e-015
4.47906e-015
4.47906e-015
4.47906e-015
4.47906e-015
4.47906e-015
4.47906e-015
4.47906e-015
4.47906e-015
3.36276e-015
3.36276e-015
3.36276e-015
2.24733e-015
2.24733e-015
2.24733e-015
2.24473e-015
2.77556e-017
2.77556e-017
2.42861e-017
2.42861e-017
2.42861e-017
2.42861e-017
1.99493e-017
1.99493e-017
1.99493e-017
1.99493e-017
1.47451e-017
1.47451e-017
1.47451e-017
1.38778e-017
1.30104e-017
1.30104e-017
1.30104e-017
1.12757e-017
1.12757e-017
1.12757e-017
7.80626e-018
7.80626e-018
7.80626e-018
7.80626e-018
7.80626e-018
7.80626e-018
7.80626e-018
6.93889e-018
6.93889e-018
6.93889e-018
6.93889e-018
6.93889e-018
6.93889e-018
6.07153e-018
6.07153e-018
6.07153e-018
5.20417e-018
5.20417e-018
5.20417e-018
4.33681e-018
4.33681e-018
4.33681e-018
4.33681e-018
2.60209e-018
2.60209e-018
2.60209e-018
2.60209e-018
2.60209e-018
2.60209e-018
1.73472e-018
1.73472e-018
1.73472e-018
1.73472e-018
1.73472e-018
1.73472e-018
1.73472e-018
1.73472e-018
1.73472e-018
8.67362e-019
8.67362e-019
8.67362e-019
8.67362e-019
8.67362e-019
8.67362e-019
8.67362e-019
8.67362e-019
0
0
0
0
0
0
0
0
0
0
0
0
0
0
0
0
0
0
0
0
0
0
0
0
0
0
0
0
0
0
0
0
0
0
0
0
0
0
0
0
0
0
0
0
0
0
0
0
0
0
0
0
0
0
0
0
0
0
0
0
0
0
0
0
0
0
0
0
0
0
0
0
0
0
0
0
0
0
0
0
0
0
0
0
0
0
0
0
0
0
0
0
0
0
0
0
0
0
0
0
0
0
0
0
0
0
0
0
0
0
0
0
0
0
0
0
0
0
0
0
0
0
0
0
0
0
0
0
0
0
0
0
0
0
0
0
0
0
0
0
0
0
0
0
0
0
0
0
0
0
0
0
0
0
0
0
0
0
0
0
0
0
0
0
0
0
0
0
0
0
0
0
0
0
0
0
0
0
0
0
0
0
0
0
0
0
0
0
0
0
0
0
0
0
0
0
0
0
0
0
0
0
0
0
0
0
0
0
0
0
0
0
0
0
0
0
0
0
0
0
0
0
0
0
0
0
0
0
0
0
0
0
0
0
0
0
0
0
0
0
0
0
0
0
0
0
0
0
0
0
0
0
0
0
0
0
0
0
0
0
0
0
0
0
0
0
0
0
0
0
0
0
0
0
0
0
0
0
0
0
0
0
0
0
0
0
0
0
0
0
0
0
0
0
0
0
0
0
0
0
0
0
0
0
0
0
0
0
0
0
0
0
0
0
0
0
0
0
0
0
0
0
0
0
0
0
0
0
0
0
0
0
0
0
0
0
0
0
0
0
0
0
0
0
0
0
0
0
0
0
0
0
0
0
0
0
0
0
0
0
0
0
0
0
0
0
0
0
0
0
0
0
0
0
0
0
0
0
0
0
0
0
0
0
0
0
0
0
0
0
0
0
0
0
0
0
0
0
0
0
0
0
0
0
0
0
0
0
0
0
0
0
0
0
0
0
0
0
0
0
0
0
0
0
0
0
0
0
0
0
0
0
0
0
0
0
0
0
0
0
0
0
0
0
0
0
0
0
0
0
0
0
0
0
0
0
0
0
0
0
0
0
0
0
0
0
0
0
0
0
0
0
0
0
0
0
0
0
0
0
0
0
0
0
0
0
0
0
0
0
0
0
0
0
0
0
0
0
0
0
0
0
0
0
0
0
0
0
0
0
0
0
0
0
0
0
0
0
0
0
0
0
0
0
0
0
0
0
0
0
0
0
0
0
0
0
0
0
0
0
0
0
0
0
0
0
0
0
0
0
0
0
0
0
0
0
0
0
0
0
0
0
0
0
0
0
0
0
0
0
0
0
0
0
0
0
0
0
0
0
0
0
0
0
0
0
0
0
0
0
0
0
0
0
0
0
0
0
0
0
0
0
0
0
0
0
0
0
0
0
0
0
0
0
0
0
0
0
0
0
0
0
0
0
0
0
0
0
0
0
0
0
0
0
0
0
0
0
0
0
0
0
0
0
0
0
0
0
0
0
0
0
0
0
0
0
0
0
0
0
0
0
0
0
0
0
0
0
0
0
0
0
0
0
0
0
0
0
0
0
0
0
0
0
0
0
0
0
0
0
0
0
0
0
0
0
0
0
0
0
0
0
0
0
0
0
0
0
0
0
0
0
0
0
0
0
0
0
0
0
0
0
0
0
0
0
0
0
0
0
0
0
0
0
0
0
0
0
0
0
0
0
0
0
0
0
0
0
0
0
0
0
0
0
0
0
0
0
0
0
0
0
0
0
0
0
0
0
0
0
0
0
0
0
0
0
0
0
0
0
0
0
0
0
0
0
0
0
0
0
0
0
0
0
0
0
0
0
0
0
0
0
0
0
0
0
0
0
0
0
0
0
0
0
0
0
0
0
0
0
0
0
0
0
0
0
0
0
0
0
0
0
0
0
0
0
0
0
0
0
0
0
0
0
0
0
0
0
0
0
0
0
0
0
0
0
0
0
0
0
0
0
0
0
0
0
0
0
0
0
0
0
0
0
0
0
0
0
0
0
0
0
0
0
0
0
0
0
0
0
0
0
0
0
0
0
0
0
0
0
0
0
0
0
0
0
0
0
0
0
0
0
0
0
0
0
0
0
0
0
0
0
0
0
0
0
0
0
0
0
0
0
0
0
0
0
0
0
0
0
0
0
0
0
0
0
0
0
0
0
0
0
0
0
0
0
0
0
0
0
0
0
0
0
0
0
0
0
0
0
0
0
0
0
0
0
0
0
0
0
0
0
0
0
0
0
0
0
0
0
0
0
0
0
0
0
0
0
0
0
0
0
0
0
0
0
0
0
0
0
0
0
0
0
0
0
0
0
0
0
0
0
0
0
0
0
0
0
0
0
0
0
0
0
0
0
0
0
0
0
0
0
0
0
0
0
0
0
0
0
0
0
0
0
0
0
0
0
0
0
0
0
0
0
0
0
0
0
0
0
0
0
0
0
0
0
0
0
0
0
0
0
0
0
0
0
0
0
0
0
0
0
0
0
0
0
0
0
0
0
0
0
0
0
0
0
0
0
0
0
0
0
0
0
0
0
0
0
0
0
0
0
0
0
0
0
0
0
0
0
0
0
0
0
0
0
0
0
0
0
0
0
0
0
0
0
0
0
0
0
0
0
0
0
0
0
0
0
0
0
0
0
0
0
0
0
0
0
0
0
0
0
0
0
0
0
0
0
0
0
0
0
0
0
0
0
0
0
0
0
0
0
0
0
0
0
0
0
0
0
0
0
0
0
0
0
0
0
0
0
0
0
0
0
0
0
0
0
0
0
0
0
0
0
0
0
0
0
0
0
0
0
0
0
0
0
0
0
0
0
0
0
0
0
0
0
0
0
0
0
0
0
0
0
0
0
0
0
0
0
0
0
0
0
0
0
0
0
0
0
0
0
0
0
0
0
0
0
0
0
0
0
0
0
0
0
0
0
0
0
0
0
0
0
0
0
0
0
0
0
0
0
0
0
0
0
0
0
0
0
0
0
0
0
0
0
0
0
0
0
0
0
0
0
0
0
0
0
0
0
0
0
0
0
0
0
0
0
0
0
0
0
0
0
0
0
0
0
0
0
0
0
0
0
0
0
0
0
0
0
0
0
0
0
0
0
0
0
0
0
0
0
0
0
0
0
0
0
0
0
0
0
0
0
0
0
0
0
0
0
0
0
0
0
0
0
0
0
0
0
0
0
0
0
0
0
0
0
0
0
0
0
0
0
0
0
0
0
0
0
0
0
0
0
0
0
0
0
0
0
0
0
0
0
0
0
0
0
0
0
0
0
0
0
0
0
0
0
0
0
0
0
0
0
0
0
0
0
0
0
0
0
0
0
0
0
0
0
0
0
0
0
0
0
0
0
0
0
0
0
0
0
0
0
0
0
0
0
0
0
0
0
0
0
0
0
0
0
0
0
0
0
0
0
0
0
0
0
0
0
0
0
0
0
0
0
0
0
0
0
0
0
0
0
0
0
0
0
0
0
0
0
0
0
0
0
0
0
0
0
0
0
0
0
0
0
0
0
0
0
0
0
0
0
0
0
0
0
0
0
0
0
0
0
0
0
0
0
0
0
0
0
0
0
0
0
0
0
0
0
0
0
0
0
0
0
0
0
0
0
0
0
0
0
0
0
0
0
0
0
0
0
0
0
0
0
0
0
0
0
0
0
0
0
0
0
0
0
0
0
0
0
0
0
0
0
0
0
0
0
0
0
0
0
0
0
0
0
0
0
0
0
0
0
0
0
0
0
0
0
0
0
0
0
0
0
0
0
0
0
0
0
0
0
0
0
0
0
0
0
0
0
0
0
0
0
0
0
0
0
0
0
0
0
0
0
0
0
0
0
0
0
0
0
0
0
0
0
0
0
0
0
0
0
0
0
0
0
0
0
0
0
0
0
0
0
0
0
0
0
0
0
0
0
0
0
0
0
0
0
0
0
0
0
0
0
0
0
0
0
0
0
0
0
0
0
0
0
0
0
0
0
0
0
0
0
0
0
0
0
0
0
0
0
0
0
0
0
0
0
0
0
0
0
0
0
0
0
0
0
0
0
0
0
0
0
0
0
0
0
0
0
0
0
0
0
0
0
0
0
0
0
0
0
0
0
0
0
0
0
0
0
0
0
0
0
0
0
0
0
0
0
0
0
0
0
0
0
0
0
0
0
0
0
0
0
0
0
0
0
0
0
0
0
0
0
0
0
0
0
0
0
0
0
0
0
0
0
0
0
0
0
0
0
0
0
0
0
0
0
0
0
0
0
0
0
0
0
0
0
0
0
0
0
0
0
0
0
0
0
0
0
0
0
0
0
0
0
0
0
0
0
0
0
0
0
0
0
0
0
0
0
0
0
0
0
0
0
0
0
0
0
0
0
0
0
0
0
0
0
0
0
0
0
0
0
0
0
0
0
0
0
0
0
0
0
0
0
0
0
0
0
0
0
0
0
0
0
0
0
0
0
0
0
0
0
0
0
0
0
0
0
0
0
0
0
0
0
0
0
0
0
0
0
0
0
0
0
0
0
0
0
0
0
0
0
0
0
0
0
0
0
0
0
0
0
0
0
0
0
0
0
0
0
0
0
0
0
0
0
0
0
0
0
0
0
0
0
0
0
0
0
0
0
0
0
0
0
0
0
0
0
0
0
0
0
0
0
0
0
0
0
0
0
0
0
0
0
0
0
0
0
0
0
0
0
0
0
0
0
0
0
0
0
0
0
0
0
0
0
0
0
0
0
0
0
0
0
0
0
0
0
0
0
0
0
0
0
0
0
0
0
0
0
0
0
0
0
0
0
0
0
0
0
0
0
0
0
0
0
0
0
0
0
0
0
0
0
0
0
0
0
0
0
0
0
0
0
0
0
0
0
0
0
0
0
0
0
0
0
0
0
0
0
0
0
0
0
0
0
0
0
0
0
0
0
0
0
0
0
0
0
0
0
0
0
0
0
0
0
0
0
0
0
0
0
0
0
0
0
0
0
0
0
0
0
0
0
0
0
0
0
0
0
0
0
0
0
0
0
0
0
0
0
0
0
0
0
0
0
0
0
0
0
0
0
0
0
0
0
0
0
0
0
0
0
0
0
0
0
0
0
0
0
0
0
0
0
0
0
0
0
0
0
0
0
0
0
0
0
0
0
0
0
0
0
0
0
0
0
0
0
0
0
0
0
0
0
0
0
0
0
0
0
0
0
0
0
0
0
0
0
0
0
0
0
0
0
0
0
0
0
0
0
0
0
0
0
0
0
0
0
0
0
0
0
0
0
0
0
0
0
0
0
0
0
0
0
0
0
0
0
0
0
0
0
0
0
0
0
0
0
0
0
0
0
0
0
0
0
0
0
0
0
0
0
0
0
0
0
0
0
0
0
0
0
0
0
0
0
0
0
0
0
0
0
0
0
0
0
0
0
0
0
0
0
0
0
0
0
0
0
0
0
0
0
0
0
0
0
0
0
0
0
0
0
0
0
0
0
0
0
0
0
0
0
0
0
0
0
0
0
0
0
0
0
0
0
0
0
0
0
0
0
0
0
0
0
0
0
0
0
0
0
0
0
0
0
0
0
0
0
0
0
0
0
0
0
0
0
0
0
0
0
0
0
0
0
0
0
0
0
0
0
0
0
0
0
0
0
0
0
0
0
0
0
0
0
0
0
0
0
0
0
0
0
0
0
0
0
0
0
0
0
0
0
0
0
0
0
0
0
0
0
0
0
0
0
0
0
0
0
0
0
0
0
0
0
0
0
0
0
0
0
0
0
0
0
0
0
0
0
0
0
0
0
0
0
0
0
0
0
0
0
0
0
0
0
0
0
0
0
0
0
0
0
0
0
0
0
0
0
0
0
0
0
0
0
0
0
0
0
0
0
0
0
0
0
0
0
0
0
0
0
0
0
0
0
0
0
0
0
0
0
0
0
0
0
0
0
0
0
0
0
0
0
0
0
0
0
0
0
0
0
0
0
0
0
0
0
0
0
0
0
0
0
0
0
0
0
0
0
0
0
0
0
0
0
0
0
0
0
0
0
0
0
0
0
0
0
0
0
0
0
0
0
0
0
0
0
0
0
0
0
0
0
0
0
0
0
0
0
0
0
0
0
0
0
0
0
0
0
0
0
0
0
0
0
0
0
0
0
0
0
0
0
0
0
0
0
0
0
0
0
0
0
0
0
0
0
0
0
0
0
0
0
0
0
0
0
0
0
0
0
0
0
0
0
0
0
0
0
0
0
0
0
0
0
0
0
0
0
0
0
0
0
0
0
0
0
0
0
0
0
0
0
0
0
0
0
0
0
0
0
0
0
0
0
0
0
0
0
0
0
0
0
0
0
0
0
0
0
0
0
0
0
0
0
0
0
0
0
0
0
0
0
0
0
0
0
0
0
0
0
0
0
0
0
0
0
0
0
0
0
0
0
0
0
0
0
0
0
0
0
0
0
0
0
0
0
0
0
0
0
0
0
0
0
0
0
0
0
0
0
0
0
0
0
0
0
0
0
0
0
0
0
0
0
0
0
0
0
0
0
0
0
0
0
0
0
0
0
0
0
0
0
0
0
0
0
0
0
0
0
0
0
0
0
0
0
0
0
0
0
0
0
0
0
0
0
0
0
0
0
0
0
0
0
0
0
0
0
0
0
0
0
0
0
0
0
0
0
0
0
0
0
0
0
0
0
0
0
0
0
0
0
0
0
0
0
0
0
0
0
0
0
0
0
0
0
0
0
0
0
0
0
0
0
0
0
0
0
0
0
0
0
0
0
0
0
0
0
0
0
0
0
0
0
0
0
0
0
0
0
0
0
0
0
0
0
0
0
0
0
0
0
0
0
0
0
0
0
0
0
0
0
0
0
0
0
0
0
0
0
0
0
0
0
0
0
0
0
0
0
0
0
0
0
0
0
0
0
0
0
0
0
0
0
0
0
0
0
0
0
0
0
0
0
0
0
0
0
0
0
0
0
0
0
0
0
0
0
0
0
0
0
0
0
0
0
0
0
0
0
0
0
0
0
0
0
0
0
0
0
0
0
0
0
0
0
0
0
0
0
0
0
0
0
0
0
0
0
0
0
0
0
0
0
0
0
0
0
0
0
0
0
0
0
0
0
0
0
0
0
0
0
0
0
0
0
0
0
0
0
0
0
0
0
0
0
0
0
0
0
0
0
0
0
0
0
0
0
0
0
0
0
0
0
0
0
0
0
0
0
0
0
0
0
0
0
0
0
0
0
0
0
0
0
0
0
0
0
0
0
0
0
0
0
0
0
0
0
0
0
0
0
0
0
0
0
0
0
0
0
0
0
0
0
0
0
0
0
0
0
0
0
0
0
0
0
0
0
0
0
0
0
0
0
0
0
0
0
0
0
0
0
0
0
0
0
0
0
0
0
0
0
0
0
0
0
