20.0524
19.7313
19.4845
19.1667
18.8666
18.5037
18.2289
17.9239
17.6051
17.3285
17.06
16.7632
16.4451
16.2148
15.8009
15.5118
15.2503
14.9493
14.5547
14.1442
13.9093
13.5878
13.213
12.8403
12.3957
12.0386
11.7569
11.5117
11.2588
10.9915
10.6188
10.281
10.0321
9.70056
9.33705
9.1224
8.84704
8.61569
8.32722
8.07629
7.8849
7.58069
7.39517
7.17094
6.96916
6.76326
6.53435
6.31541
6.16701
5.98084
5.78222
5.56364
5.39243
5.19846
5.03608
4.91263
4.81281
4.70277
4.60098
4.45445
4.32751
4.25729
4.13682
4.05704
3.94561
3.83271
3.75815
3.62563
3.51251
3.43862
3.35461
3.27004
3.18718
3.11723
3.06067
2.98953
2.92764
2.8486
2.76231
2.69501
2.60505
2.52805
2.46075
2.38357
2.31761
2.23701
2.1599
2.09352
2.01079
1.94126
1.86583
1.80243
1.72056
1.65252
1.57436
1.4968
1.41533
1.34027
1.29063
1.21405
1.14941
1.10008
1.03733
0.971803
0.922363
0.869966
0.810122
0.751976
0.705892
0.669186
0.637061
0.604675
0.560126
0.515527
0.471814
0.442276
0.416501
0.388274
0.364246
0.34056
0.326059
0.308776
0.285322
0.265102
0.249224
0.234756
0.217458
0.20706
0.194361
0.183002
0.172243
0.161408
0.151745
0.139761
0.131818
0.124125
0.117321
0.11088
0.103234
0.0986173
0.0941168
0.0878055
0.0836587
0.0797512
0.0750735
0.0710874
0.0667348
0.063344
0.0596523
0.0565807
0.0538036
0.0508788
0.0475859
0.0450214
0.0428741
0.0407718
0.0382071
0.0359384
0.0340461
0.0328093
0.0314782
0.0294872
0.0281589
0.0264114
0.0248669
0.0236375
0.0228855
0.0216266
0.0201004
0.0192839
0.018417
0.0175475
0.0166322
0.0156647
0.0149565
0.0144184
0.013474
0.0127432
0.0122883
0.0115945
0.0110075
0.0105899
0.0100274
0.00948186
0.00896462
0.00864182
0.00835553
0.00793366
0.00750582
0.00719672
0.00668261
0.00635445
0.00596253
0.00571289
0.005514
0.00531085
0.00501498
0.00473618
0.00450669
0.00427006
0.00405415
0.00391395
0.00369943
0.00354025
0.00337051
0.00318537
0.00301996
0.00286382
0.00268809
0.00256824
0.00248377
0.00234857
0.0022358
0.00211586
0.00200948
0.00195148
0.00184513
0.00174683
0.0016704
0.00157608
0.00150113
0.00143812
0.00137695
0.00131176
0.0012689
0.00119667
0.00113554
0.00107974
0.00103664
0.000986881
0.000928202
0.000877069
0.000837297
0.000809561
0.000758615
0.000725676
0.000692611
0.000649331
0.000619655
0.000592437
0.00056053
0.000534817
0.000508478
0.000483469
0.000460341
0.000439642
0.000417423
0.000399467
0.000375169
0.000365515
0.000343362
0.000329309
0.000311019
0.000292221
0.000281247
0.000266733
0.000258424
0.000243524
0.000232446
0.000218141
0.00020884
0.000198431
0.00018885
0.000179216
0.000172331
0.0001632
0.000152578
0.000144929
0.000138567
0.000131624
0.000126842
0.000121893
0.000116192
0.000109668
0.000104815
0.000100682
9.53621e-005
9.0297e-005
8.59037e-005
8.13781e-005
7.80243e-005
7.33279e-005
6.88522e-005
6.63957e-005
6.35138e-005
6.13536e-005
5.76545e-005
5.52726e-005
5.2945e-005
4.99371e-005
4.71784e-005
4.46152e-005
4.26729e-005
4.09006e-005
3.84619e-005
3.67421e-005
3.54177e-005
3.38569e-005
3.19851e-005
3.05591e-005
2.86278e-005
2.70072e-005
2.61044e-005
2.47342e-005
2.36488e-005
2.25689e-005
2.13693e-005
2.03164e-005
1.94842e-005
1.86587e-005
1.75121e-005
1.69186e-005
1.61047e-005
1.52393e-005
1.45298e-005
1.37472e-005
1.30463e-005
1.24784e-005
1.20308e-005
1.15267e-005
1.1105e-005
1.0442e-005
9.9905e-006
9.50616e-006
9.00575e-006
8.54704e-006
8.13301e-006
7.74644e-006
7.51114e-006
6.99084e-006
6.66974e-006
6.36707e-006
6.00016e-006
5.79279e-006
5.55795e-006
5.23005e-006
4.99945e-006
4.73287e-006
4.47283e-006
4.25401e-006
4.0487e-006
3.8944e-006
3.71313e-006
3.5232e-006
3.30441e-006
3.15813e-006
2.99185e-006
2.8344e-006
2.71155e-006
2.57496e-006
2.45121e-006
2.35416e-006
2.23663e-006
2.14685e-006
2.06332e-006
1.95573e-006
1.85979e-006
1.76688e-006
1.65323e-006
1.56614e-006
1.49838e-006
1.43961e-006
1.37132e-006
1.28833e-006
1.23211e-006
1.16437e-006
1.1214e-006
1.0674e-006
1.00739e-006
9.56716e-007
9.16102e-007
8.62961e-007
8.20213e-007
7.75331e-007
7.47057e-007
7.24068e-007
6.84841e-007
6.56587e-007
6.20147e-007
5.85987e-007
5.63226e-007
5.34837e-007
5.12182e-007
4.90506e-007
4.60489e-007
4.41472e-007
4.21071e-007
3.96956e-007
3.77082e-007
3.56798e-007
3.43623e-007
3.30055e-007
3.14383e-007
2.98391e-007
2.79737e-007
2.69404e-007
2.56322e-007
2.44697e-007
2.33006e-007
2.22552e-007
2.13414e-007
2.01351e-007
1.90281e-007
1.82723e-007
1.74145e-007
1.6499e-007
1.58184e-007
1.48968e-007
1.43269e-007
1.33474e-007
1.27112e-007
1.19618e-007
1.16078e-007
1.10784e-007
1.06495e-007
1.01007e-007
9.51304e-008
9.13879e-008
8.75104e-008
8.32618e-008
7.93155e-008
7.66588e-008
7.22827e-008
6.85018e-008
6.59639e-008
6.20113e-008
5.85748e-008
5.59872e-008
5.31414e-008
5.05082e-008
4.83653e-008
4.62241e-008
4.411e-008
4.20984e-008
4.0619e-008
3.87579e-008
3.71114e-008
3.47814e-008
3.31498e-008
3.20218e-008
3.02923e-008
2.86389e-008
2.74785e-008
2.62566e-008
2.48342e-008
2.35814e-008
2.2305e-008
2.15611e-008
2.0344e-008
1.95203e-008
1.85501e-008
1.74757e-008
1.62152e-008
1.57531e-008
1.51463e-008
1.44531e-008
1.35787e-008
1.29074e-008
1.24059e-008
1.19107e-008
1.13297e-008
1.0739e-008
1.02876e-008
9.49208e-009
9.18217e-009
8.7218e-009
8.28053e-009
7.95259e-009
7.49804e-009
7.23825e-009
6.8879e-009
6.54751e-009
6.22597e-009
5.93853e-009
5.55257e-009
5.30484e-009
5.11479e-009
4.88448e-009
4.66995e-009
4.3414e-009
4.12038e-009
3.9622e-009
3.76264e-009
3.56977e-009
3.32589e-009
3.16562e-009
3.00132e-009
2.90375e-009
2.79821e-009
2.70923e-009
2.58726e-009
2.43943e-009
2.30572e-009
2.19836e-009
2.11442e-009
2.02817e-009
1.9243e-009
1.84212e-009
1.72313e-009
1.64806e-009
