101.443
90.8688
90.8688
74.8081
65.8496
59.4218
49.7164
49.7164
47.793
41.5366
36.3287
36.2631
36.2631
36.2631
36.2631
34.705
33.7136
33.7136
30.1323
30.1323
29.4623
28.4647
28.4647
28.4647
28.4647
27.5296
27.0342
27.0342
26.4041
26.4041
26.4041
26.2746
24.3579
24.3579
22.8258
22.5479
22.5479
22.5479
22.5479
22.5479
21.8794
21.8047
21.7603
21.7405
21.7405
21.5257
21.5257
21.2359
21.2133
21.2133
20.6152
20.6152
20.3372
20.3372
20.2838
20.0756
20.0756
20.0756
20.0756
19.9635
19.9635
19.9635
19.9635
19.9635
19.7556
19.7556
19.7556
19.7504
19.7461
19.7282
19.7282
19.5932
19.5932
19.3692
19.3514
19.3261
19.0908
18.9953
18.8621
18.8621
18.8621
18.8621
18.8578
18.8578
18.8472
18.8281
18.7101
18.6139
18.6139
18.5361
18.4422
18.4422
18.4422
18.3538
18.2636
18.2586
18.2475
18.2233
18.2163
18.212
18.0994
18.0736
18.0603
17.9773
17.9773
17.9626
17.9626
17.9626
17.9084
17.8895
17.8824
17.8698
17.855
17.8029
17.8029
17.8029
17.6137
17.6137
17.6029
17.6009
17.6009
17.5715
17.5715
17.5263
17.5226
17.4792
17.4628
17.4143
17.4057
17.402
17.3753
17.3753
17.3753
17.3508
17.3451
17.3182
17.3019
17.2787
17.2732
17.2327
17.2327
17.2195
17.1884
17.1884
17.1772
17.1537
17.1537
17.0952
17.0921
17.0921
17.0607
17.0607
17.0062
17.0005
16.9783
16.9483
16.9479
16.9295
16.864
16.864
16.864
16.864
16.864
16.864
16.8352
16.8163
16.8163
16.8163
16.7955
16.7955
16.7955
16.7594
16.7594
16.7521
16.7414
16.7179
16.7077
16.7077
16.7077
16.7077
16.7052
16.7052
16.7052
16.7052
16.7052
16.6986
16.6966
16.687
16.687
16.687
16.687
16.6865
16.684
16.6781
16.6781
16.6781
16.6781
16.6752
16.6752
16.6752
16.6737
16.6656
16.6633
16.659
16.6569
16.656
16.6538
16.644
16.644
16.644
16.6405
16.6405
16.6392
16.6392
16.6391
16.6391
16.6382
16.6374
16.6302
16.6302
16.6302
16.6292
16.6282
16.6282
16.6253
16.6244
16.6236
16.6236
16.6235
16.6225
16.6192
16.6158
16.6137
16.6137
16.6137
16.6137
16.6134
16.6106
16.6106
16.6086
16.6086
16.6086
16.6077
16.6077
16.6073
16.6062
16.6062
16.6062
16.6047
16.6047
16.6013
16.6013
16.6006
16.6006
16.5977
16.5975
16.5975
16.5946
16.5943
16.594
16.594
16.594
16.5918
16.5893
16.5879
16.5864
16.5838
16.5838
16.5838
16.5837
16.5829
16.5829
16.5828
16.5819
16.5819
16.5803
16.5803
16.5803
16.5801
16.5794
16.5764
16.5752
16.5752
16.5751
16.5751
16.5751
16.5744
16.574
16.5725
16.5725
16.5721
16.5713
16.5709
16.5708
16.5703
16.5703
16.5703
16.5697
16.5695
16.5686
16.5662
16.5649
16.5645
16.5642
16.5642
16.5632
16.5632
16.5632
16.563
16.563
16.5623
16.5623
16.5623
16.5622
16.5618
16.5618
16.5618
16.5611
16.5611
16.5611
16.561
16.5608
16.5608
16.5607
16.5607
16.5607
16.5605
16.5605
16.5599
16.5593
16.5593
16.5589
16.5586
16.5584
16.5584
16.5584
16.5584
16.5583
16.5578
16.5577
16.5577
16.5577
16.5577
16.5575
16.5572
16.5572
16.5571
16.5571
16.5571
16.5568
16.5568
16.5568
16.5568
16.5567
16.5567
16.5567
16.5567
16.5566
16.5565
16.5562
16.5561
16.5561
16.5561
16.5561
16.5561
16.5561
16.5559
16.5559
16.5559
16.5557
16.5557
16.5557
16.5557
16.5557
16.5557
16.5556
16.5554
16.5554
16.5552
16.5552
16.5551
16.5551
16.555
16.5549
16.5548
16.5548
16.5547
16.5547
16.5547
16.5544
16.5544
16.5544
16.5543
16.5542
16.5542
16.5542
16.5541
16.5541
16.5541
16.5541
16.554
16.554
16.554
16.554
16.5539
16.5539
16.5538
16.5538
16.5537
16.5537
16.5535
16.5535
16.5535
16.5535
16.5535
16.5534
16.5534
16.5534
16.5534
16.5533
16.5533
16.5533
16.5533
16.5533
16.5533
16.5533
16.5533
16.5533
16.5533
16.5532
16.5532
16.5532
16.5532
16.5532
16.5532
16.5532
16.5532
16.5532
16.5532
16.5532
16.5532
16.5532
16.5532
16.5532
16.5532
16.5532
16.5532
16.5532
16.5532
16.5532
16.5532
16.5532
16.5532
16.5532
16.5531
16.5531
16.5531
16.5531
16.5531
16.5531
16.5531
16.5531
16.5531
16.5531
16.5531
16.5531
16.5531
16.5531
16.553
16.553
16.553
16.553
16.553
16.553
16.553
16.553
16.553
16.553
16.5529
16.5529
16.5529
16.5529
16.5529
16.5529
16.5528
16.5528
16.5528
16.5528
16.5528
16.5528
16.5528
16.5528
16.5528
16.5528
16.5528
16.5528
16.5528
16.5528
16.5528
16.5528
16.5528
16.5528
16.5528
16.5528
16.5528
16.5528
16.5528
16.5528
16.5528
16.5527
16.5527
16.5527
16.5527
16.5527
16.5527
16.5527
16.5527
16.5527
16.5527
16.5527
16.5527
16.5527
16.5527
16.5527
16.5527
16.5527
16.5527
16.5527
16.5527
16.5527
16.5527
16.5527
16.5527
16.5527
16.5527
16.5527
16.5527
16.5527
16.5527
16.5527
16.5527
16.5527
16.5527
16.5527
16.5527
16.5527
16.5527
16.5527
16.5527
16.5527
16.5527
16.5527
16.5527
16.5527
16.5527
16.5527
16.5527
16.5527
16.5527
16.5527
16.5527
16.5527
16.5527
16.5527
16.5527
16.5527
16.5527
16.5527
16.5527
16.5527
16.5527
16.5527
16.5527
16.5527
16.5527
16.5527
16.5527
16.5527
16.5527
16.5527
16.5527
16.5527
16.5527
16.5527
16.5527
16.5527
16.5527
16.5527
16.5527
16.5527
16.5527
16.5527
16.5527
16.5527
16.5527
16.5527
16.5527
16.5527
16.5527
16.5527
16.5527
16.5527
16.5527
16.5527
16.5527
16.5527
16.5527
16.5527
16.5527
16.5527
16.5527
16.5527
16.5527
16.5527
16.5527
16.5527
16.5527
16.5527
16.5527
16.5527
16.5527
16.5527
16.5527
16.5527
16.5527
16.5527
16.5527
16.5527
16.5527
16.5527
16.5527
16.5527
16.5527
16.5527
16.5527
16.5527
16.5527
16.5527
16.5527
16.5527
16.5527
16.5527
16.5527
16.5527
16.5527
16.5527
16.5527
16.5527
16.5527
16.5527
16.5527
16.5527
16.5527
16.5527
16.5527
16.5527
16.5527
16.5527
16.5527
16.5527
16.5527
16.5527
16.5527
16.5527
16.5527
16.5527
16.5527
16.5527
16.5527
16.5527
16.5527
16.5527
16.5527
16.5527
16.5527
16.5527
16.5527
16.5527
16.5527
16.5527
16.5527
16.5527
16.5527
16.5527
16.5527
16.5527
16.5527
16.5527
16.5527
16.5527
16.5527
16.5527
16.5527
16.5527
16.5527
16.5527
16.5527
16.5527
16.5527
16.5527
16.5527
16.5527
16.5527
16.5527
16.5527
16.5527
16.5527
16.5527
16.5527
16.5527
16.5527
16.5527
16.5527
16.5527
16.5527
16.5527
16.5527
16.5527
16.5527
16.5527
16.5527
16.5527
16.5527
16.5527
16.5527
16.5527
16.5527
16.5527
16.5527
16.5527
16.5527
16.5527
16.5527
16.5527
16.5527
16.5527
16.5527
16.5527
16.5527
16.5527
16.5527
16.5527
16.5527
16.5527
16.5527
16.5527
16.5527
16.5527
16.5527
16.5527
16.5527
16.5527
16.5527
16.5527
16.5527
16.5527
16.5527
16.5527
16.5527
16.5527
16.5527
16.5527
16.5527
16.5527
16.5527
16.5527
16.5527
16.5527
16.5527
16.5527
16.5527
16.5527
16.5527
16.5527
16.5527
16.5527
16.5527
16.5527
16.5527
16.5527
16.5527
16.5527
16.5527
16.5527
16.5527
16.5527
16.5527
16.5527
16.5527
16.5527
16.5527
16.5527
16.5527
16.5527
16.5527
16.5527
16.5527
16.5527
16.5527
16.5527
16.5527
16.5527
16.5527
16.5527
16.5527
16.5527
16.5527
16.5527
16.5527
16.5527
16.5527
16.5527
16.5527
16.5527
16.5527
16.5527
16.5527
16.5527
16.5527
16.5527
16.5527
16.5527
16.5527
16.5527
16.5527
16.5527
16.5527
16.5527
16.5527
16.5527
16.5527
16.5527
16.5527
16.5527
16.5527
16.5527
16.5527
16.5527
16.5527
16.5527
16.5527
16.5527
16.5527
16.5527
16.5527
16.5527
16.5527
16.5527
16.5527
16.5527
16.5527
16.5527
16.5527
16.5527
16.5527
16.5527
16.5527
16.5527
16.5527
16.5527
16.5527
16.5527
16.5527
16.5527
16.5527
16.5527
16.5527
16.5527
16.5527
16.5527
16.5527
16.5527
16.5527
16.5527
16.5527
16.5527
16.5527
16.5527
16.5527
16.5527
16.5527
16.5527
16.5527
16.5527
16.5527
16.5527
16.5527
16.5527
16.5527
16.5527
16.5527
16.5527
16.5527
16.5527
16.5527
16.5527
16.5527
16.5527
16.5527
16.5527
16.5527
16.5527
16.5527
16.5527
16.5527
16.5527
16.5527
16.5527
16.5527
16.5527
16.5527
16.5527
16.5527
16.5527
16.5527
16.5527
16.5527
16.5527
16.5527
16.5527
16.5527
16.5527
16.5527
16.5527
16.5527
16.5527
16.5527
16.5527
16.5527
16.5527
16.5527
16.5527
16.5527
16.5527
16.5527
16.5527
16.5527
16.5527
16.5527
16.5527
16.5527
16.5527
16.5527
16.5527
16.5527
16.5527
16.5527
16.5527
16.5527
16.5527
16.5527
16.5527
16.5527
16.5527
16.5527
16.5527
16.5527
16.5527
16.5527
16.5527
16.5527
16.5527
16.5527
16.5527
16.5527
16.5527
16.5527
16.5527
16.5527
16.5527
16.5527
16.5527
16.5527
16.5527
16.5527
16.5527
16.5527
16.5527
16.5527
16.5527
16.5527
16.5527
16.5527
16.5527
16.5527
16.5527
16.5527
16.5527
16.5527
16.5527
16.5527
16.5527
16.5527
16.5527
16.5527
16.5527
16.5527
16.5527
16.5527
16.5527
16.5527
16.5527
16.5527
16.5527
16.5527
16.5527
16.5527
16.5527
16.5527
16.5527
16.5527
16.5527
16.5527
16.5527
16.5527
16.5527
16.5527
16.5527
16.5527
16.5527
16.5527
16.5527
16.5527
16.5527
16.5527
16.5527
16.5527
16.5527
16.5527
16.5527
16.5527
16.5527
16.5527
16.5527
16.5527
16.5527
16.5527
16.5527
16.5527
16.5527
16.5527
16.5527
16.5527
16.5527
16.5527
16.5527
16.5527
16.5527
16.5527
16.5527
16.5527
16.5527
16.5527
16.5527
16.5527
16.5527
16.5527
16.5527
16.5527
16.5527
16.5527
16.5527
16.5527
16.5527
16.5527
16.5527
16.5527
16.5527
16.5527
16.5527
16.5527
16.5527
16.5527
16.5527
16.5527
16.5527
16.5527
16.5527
16.5527
16.5527
16.5527
16.5527
16.5527
16.5527
16.5527
16.5527
16.5527
16.5527
16.5527
16.5527
16.5527
16.5527
16.5527
16.5527
16.5527
16.5527
16.5527
16.5527
16.5527
16.5527
16.5527
16.5527
16.5527
16.5527
16.5527
16.5527
16.5527
16.5527
16.5527
16.5527
16.5527
16.5527
16.5527
16.5527
16.5527
16.5527
16.5527
16.5527
16.5527
16.5527
16.5527
16.5527
16.5527
16.5527
16.5527
16.5527
16.5527
16.5527
16.5527
16.5527
16.5527
16.5527
16.5527
16.5527
16.5527
16.5527
16.5527
16.5527
16.5527
16.5527
16.5527
16.5527
16.5527
16.5527
16.5527
16.5527
16.5527
16.5527
16.5527
16.5527
16.5527
16.5527
16.5527
16.5527
16.5527
16.5527
16.5527
16.5527
16.5527
16.5527
16.5527
16.5527
16.5527
16.5527
16.5527
16.5527
16.5527
16.5527
16.5527
16.5527
16.5527
16.5527
16.5527
16.5527
16.5527
16.5527
16.5527
16.5527
16.5527
16.5527
16.5527
16.5527
16.5527
16.5527
16.5527
16.5527
16.5527
16.5527
16.5527
16.5527
16.5527
16.5527
16.5527
16.5527
16.5527
16.5527
16.5527
16.5527
16.5527
16.5527
16.5527
16.5527
16.5527
16.5527
16.5527
16.5527
16.5527
16.5527
16.5527
16.5527
16.5527
16.5527
16.5527
16.5527
16.5527
16.5527
16.5527
16.5527
16.5527
16.5527
16.5527
16.5527
16.5527
16.5527
16.5527
16.5527
16.5527
16.5527
16.5527
16.5527
16.5527
16.5527
16.5527
16.5527
16.5527
16.5527
16.5527
16.5527
16.5527
16.5527
16.5527
16.5527
16.5527
16.5527
16.5527
16.5527
16.5527
16.5527
16.5527
16.5527
16.5527
16.5527
16.5527
16.5527
16.5527
16.5527
16.5527
16.5527
16.5527
16.5527
16.5527
16.5527
16.5527
16.5527
16.5527
16.5527
16.5527
16.5527
16.5527
16.5527
16.5527
16.5527
16.5527
16.5527
16.5527
16.5527
16.5527
16.5527
16.5527
16.5527
16.5527
16.5527
16.5527
16.5527
16.5527
16.5527
16.5527
16.5527
16.5527
16.5527
16.5527
16.5527
16.5527
16.5527
16.5527
16.5527
16.5527
16.5527
16.5527
16.5527
16.5527
16.5527
16.5527
16.5527
16.5527
16.5527
16.5527
16.5527
16.5527
16.5527
16.5527
16.5527
16.5527
16.5527
16.5527
16.5527
16.5527
16.5527
16.5527
16.5527
16.5527
16.5527
16.5527
16.5527
16.5527
16.5527
16.5527
16.5527
16.5527
16.5527
16.5527
16.5527
16.5527
16.5527
16.5527
16.5527
16.5527
16.5527
16.5527
16.5527
16.5527
16.5527
16.5527
16.5527
16.5527
16.5527
16.5527
16.5527
16.5527
16.5527
16.5527
16.5527
16.5527
16.5527
16.5527
16.5527
16.5527
16.5527
16.5527
16.5527
16.5527
16.5527
16.5527
16.5527
16.5527
16.5527
16.5527
16.5527
16.5527
16.5527
16.5527
16.5527
16.5527
16.5527
16.5527
16.5527
16.5527
16.5527
16.5527
16.5527
16.5527
16.5527
16.5527
16.5527
16.5527
16.5527
16.5527
16.5527
16.5527
16.5527
16.5527
16.5527
16.5527
16.5527
16.5527
16.5527
16.5527
16.5527
16.5527
16.5527
16.5527
16.5527
16.5527
16.5527
16.5527
16.5527
16.5527
16.5527
16.5527
16.5527
16.5527
16.5527
16.5527
16.5527
16.5527
16.5527
16.5527
16.5527
16.5527
16.5527
16.5527
16.5527
16.5527
16.5527
16.5527
16.5527
16.5527
16.5527
16.5527
16.5527
16.5527
16.5527
16.5527
16.5527
16.5527
16.5527
16.5527
16.5527
16.5527
16.5527
16.5527
16.5527
16.5527
16.5527
16.5527
16.5527
16.5527
16.5527
16.5527
16.5527
16.5527
16.5527
16.5527
16.5527
16.5527
16.5527
16.5527
16.5527
16.5527
16.5527
16.5527
16.5527
16.5527
16.5527
16.5527
16.5527
16.5527
16.5527
16.5527
16.5527
16.5527
16.5527
16.5527
16.5527
16.5527
16.5527
16.5527
16.5527
16.5527
16.5527
16.5527
16.5527
16.5527
16.5527
16.5527
16.5527
16.5527
16.5527
16.5527
16.5527
16.5527
16.5527
16.5527
16.5527
16.5527
16.5527
16.5527
16.5527
16.5527
16.5527
16.5527
16.5527
16.5527
16.5527
16.5527
16.5527
16.5527
16.5527
16.5527
16.5527
16.5527
16.5527
16.5527
16.5527
16.5527
16.5527
16.5527
16.5527
16.5527
16.5527
16.5527
16.5527
16.5527
16.5527
16.5527
16.5527
16.5527
16.5527
16.5527
16.5527
16.5527
16.5527
16.5527
16.5527
16.5527
16.5527
16.5527
16.5527
16.5527
16.5527
16.5527
16.5527
16.5527
16.5527
16.5527
16.5527
16.5527
16.5527
16.5527
16.5527
16.5527
16.5527
16.5527
16.5527
16.5527
16.5527
16.5527
16.5527
16.5527
16.5527
16.5527
16.5527
16.5527
16.5527
16.5527
16.5527
16.5527
16.5527
16.5527
16.5527
16.5527
16.5527
16.5527
16.5527
16.5527
16.5527
16.5527
16.5527
16.5527
16.5527
16.5527
16.5527
16.5527
16.5527
16.5527
16.5527
16.5527
16.5527
16.5527
16.5527
16.5527
16.5527
16.5527
16.5527
16.5527
16.5527
16.5527
16.5527
16.5527
16.5527
16.5527
16.5527
16.5527
16.5527
16.5527
16.5527
16.5527
16.5527
16.5527
16.5527
16.5527
16.5527
16.5527
16.5527
16.5527
16.5527
16.5527
16.5527
16.5527
16.5527
16.5527
16.5527
16.5527
16.5527
16.5527
16.5527
16.5527
16.5527
16.5527
16.5527
16.5527
16.5527
16.5527
16.5527
16.5527
16.5527
16.5527
16.5527
16.5527
16.5527
16.5527
16.5527
16.5527
16.5527
16.5527
16.5527
16.5527
16.5527
16.5527
16.5527
16.5527
16.5527
16.5527
16.5527
16.5527
16.5527
16.5527
16.5527
16.5527
16.5527
16.5527
16.5527
16.5527
16.5527
16.5527
16.5527
16.5527
16.5527
16.5527
16.5527
16.5527
16.5527
16.5527
16.5527
16.5527
16.5527
16.5527
16.5527
16.5527
16.5527
16.5527
16.5527
16.5527
16.5527
16.5527
16.5527
16.5527
16.5527
16.5527
16.5527
16.5527
16.5527
16.5527
16.5527
16.5527
16.5527
16.5527
16.5527
16.5527
16.5527
16.5527
16.5527
16.5527
16.5527
16.5527
16.5527
16.5527
16.5527
16.5527
16.5527
16.5527
16.5527
16.5527
16.5527
16.5527
16.5527
16.5527
16.5527
16.5527
16.5527
16.5527
16.5527
16.5527
16.5527
16.5527
16.5527
16.5527
16.5527
16.5527
16.5527
16.5527
16.5527
16.5527
16.5527
16.5527
16.5527
16.5527
16.5527
16.5527
16.5527
16.5527
16.5527
16.5527
16.5527
16.5527
16.5527
16.5527
16.5527
16.5527
16.5527
16.5527
16.5527
16.5527
16.5527
16.5527
16.5527
16.5527
16.5527
16.5527
16.5527
16.5527
16.5527
16.5527
16.5527
16.5527
16.5527
16.5527
16.5527
16.5527
16.5527
16.5527
16.5527
16.5527
16.5527
16.5527
16.5527
16.5527
16.5527
16.5527
16.5527
16.5527
16.5527
16.5527
16.5527
16.5527
16.5527
16.5527
16.5527
16.5527
16.5527
16.5527
16.5527
16.5527
16.5527
16.5527
16.5527
16.5527
16.5527
16.5527
16.5527
16.5527
16.5527
16.5527
16.5527
16.5527
16.5527
16.5527
16.5527
16.5527
16.5527
16.5527
16.5527
16.5527
16.5527
16.5527
16.5527
16.5527
16.5527
16.5527
16.5527
16.5527
16.5527
16.5527
16.5527
16.5527
16.5527
16.5527
16.5527
16.5527
16.5527
16.5527
16.5527
16.5527
16.5527
16.5527
16.5527
16.5527
16.5527
16.5527
16.5527
16.5527
16.5527
16.5527
16.5527
16.5527
16.5527
16.5527
16.5527
16.5527
16.5527
16.5527
16.5527
16.5527
16.5527
16.5527
16.5527
16.5527
16.5527
16.5527
16.5527
16.5527
16.5527
16.5527
16.5527
16.5527
16.5527
16.5527
16.5527
16.5527
16.5527
16.5527
16.5527
16.5527
16.5527
16.5527
16.5527
16.5527
16.5527
16.5527
16.5527
16.5527
16.5527
16.5527
16.5527
16.5527
16.5527
16.5527
16.5527
16.5527
16.5527
16.5527
16.5527
16.5527
16.5527
16.5527
16.5527
16.5527
16.5527
16.5527
16.5527
16.5527
16.5527
16.5527
16.5527
16.5527
16.5527
16.5527
16.5527
16.5527
16.5527
16.5527
16.5527
16.5527
16.5527
16.5527
16.5527
16.5527
16.5527
16.5527
16.5527
16.5527
16.5527
16.5527
16.5527
16.5527
16.5527
16.5527
16.5527
16.5527
16.5527
16.5527
16.5527
16.5527
16.5527
16.5527
16.5527
16.5527
16.5527
16.5527
16.5527
16.5527
16.5527
16.5527
16.5527
16.5527
16.5527
16.5527
16.5527
16.5527
16.5527
16.5527
16.5527
16.5527
16.5527
16.5527
16.5527
16.5527
16.5527
16.5527
16.5527
16.5527
16.5527
16.5527
16.5527
16.5527
16.5527
16.5527
16.5527
16.5527
16.5527
16.5527
16.5527
16.5527
16.5527
16.5527
16.5527
16.5527
16.5527
16.5527
16.5527
16.5527
16.5527
16.5527
16.5527
16.5527
16.5527
16.5527
16.5527
16.5527
16.5527
16.5527
16.5527
16.5527
16.5527
16.5527
16.5527
16.5527
16.5527
16.5527
16.5527
16.5527
16.5527
16.5527
16.5527
16.5527
16.5527
16.5527
16.5527
16.5527
16.5527
16.5527
16.5527
16.5527
16.5527
16.5527
16.5527
16.5527
16.5527
16.5527
16.5527
16.5527
16.5527
16.5527
16.5527
16.5527
16.5527
16.5527
16.5527
16.5527
16.5527
16.5527
16.5527
16.5527
16.5527
16.5527
16.5527
16.5527
16.5527
16.5527
16.5527
16.5527
16.5527
16.5527
16.5527
16.5527
16.5527
16.5527
16.5527
16.5527
16.5527
16.5527
16.5527
16.5527
16.5527
16.5527
16.5527
16.5527
16.5527
16.5527
16.5527
16.5527
16.5527
16.5527
16.5527
16.5527
16.5527
16.5527
16.5527
16.5527
16.5527
16.5527
16.5527
16.5527
16.5527
16.5527
16.5527
16.5527
16.5527
16.5527
16.5527
16.5527
16.5527
16.5527
16.5527
16.5527
16.5527
16.5527
16.5527
16.5527
16.5527
16.5527
16.5527
16.5527
16.5527
16.5527
16.5527
16.5527
16.5527
16.5527
16.5527
16.5527
16.5527
16.5527
16.5527
16.5527
16.5527
16.5527
16.5527
16.5527
16.5527
16.5527
16.5527
16.5527
16.5527
16.5527
16.5527
16.5527
16.5527
16.5527
16.5527
16.5527
16.5527
16.5527
16.5527
16.5527
16.5527
16.5527
16.5527
16.5527
16.5527
16.5527
16.5527
16.5527
16.5527
16.5527
16.5527
16.5527
16.5527
16.5527
16.5527
16.5527
16.5527
16.5527
16.5527
16.5527
16.5527
16.5527
16.5527
16.5527
16.5527
16.5527
16.5527
16.5527
16.5527
16.5527
16.5527
16.5527
16.5527
16.5527
16.5527
16.5527
16.5527
16.5527
16.5527
16.5527
16.5527
16.5527
16.5527
16.5527
16.5527
16.5527
16.5527
16.5527
16.5527
16.5527
16.5527
16.5527
16.5527
16.5527
16.5527
16.5527
16.5527
16.5527
16.5527
16.5527
16.5527
16.5527
16.5527
16.5527
16.5527
16.5527
16.5527
16.5527
16.5527
16.5527
16.5527
16.5527
16.5527
16.5527
16.5527
16.5527
16.5527
16.5527
16.5527
16.5527
16.5527
16.5527
16.5527
16.5527
16.5527
16.5527
16.5527
16.5527
16.5527
16.5527
16.5527
16.5527
16.5527
16.5527
16.5527
16.5527
16.5527
16.5527
16.5527
16.5527
16.5527
16.5527
16.5527
16.5527
16.5527
16.5527
16.5527
16.5527
16.5527
16.5527
16.5527
16.5527
16.5527
16.5527
16.5527
16.5527
16.5527
16.5527
16.5527
16.5527
16.5527
16.5527
16.5527
16.5527
16.5527
16.5527
16.5527
16.5527
16.5527
16.5527
16.5527
16.5527
16.5527
16.5527
16.5527
16.5527
16.5527
16.5527
16.5527
16.5527
16.5527
16.5527
16.5527
16.5527
16.5527
16.5527
16.5527
16.5527
16.5527
16.5527
16.5527
16.5527
16.5527
16.5527
16.5527
16.5527
16.5527
16.5527
16.5527
16.5527
16.5527
16.5527
16.5527
16.5527
16.5527
16.5527
16.5527
16.5527
16.5527
16.5527
16.5527
16.5527
16.5527
16.5527
16.5527
16.5527
16.5527
16.5527
16.5527
16.5527
16.5527
16.5527
16.5527
16.5527
16.5527
16.5527
16.5527
16.5527
16.5527
16.5527
16.5527
16.5527
16.5527
16.5527
16.5527
16.5527
16.5527
16.5527
16.5527
16.5527
16.5527
16.5527
16.5527
16.5527
16.5527
16.5527
16.5527
16.5527
16.5527
16.5527
16.5527
16.5527
16.5527
16.5527
16.5527
16.5527
16.5527
16.5527
16.5527
16.5527
16.5527
16.5527
16.5527
16.5527
16.5527
16.5527
16.5527
16.5527
16.5527
16.5527
16.5527
16.5527
16.5527
16.5527
16.5527
16.5527
16.5527
16.5527
16.5527
16.5527
16.5527
16.5527
16.5527
16.5527
16.5527
16.5527
16.5527
16.5527
16.5527
16.5527
16.5527
16.5527
16.5527
16.5527
16.5527
16.5527
16.5527
16.5527
16.5527
16.5527
16.5527
16.5527
16.5527
16.5527
16.5527
16.5527
16.5527
16.5527
16.5527
16.5527
16.5527
16.5527
16.5527
16.5527
16.5527
16.5527
16.5527
16.5527
16.5527
16.5527
16.5527
16.5527
16.5527
16.5527
16.5527
16.5527
16.5527
16.5527
16.5527
16.5527
16.5527
16.5527
16.5527
16.5527
16.5527
16.5527
16.5527
16.5527
16.5527
16.5527
16.5527
16.5527
16.5527
16.5527
16.5527
16.5527
16.5527
16.5527
16.5527
16.5527
16.5527
16.5527
16.5527
16.5527
16.5527
16.5527
16.5527
16.5527
16.5527
16.5527
16.5527
16.5527
16.5527
16.5527
16.5527
16.5527
16.5527
16.5527
16.5527
16.5527
16.5527
16.5527
16.5527
16.5527
16.5527
16.5527
16.5527
16.5527
16.5527
16.5527
16.5527
16.5527
16.5527
16.5527
16.5527
16.5527
16.5527
16.5527
16.5527
16.5527
16.5527
16.5527
16.5527
16.5527
16.5527
16.5527
16.5527
16.5527
16.5527
16.5527
16.5527
16.5527
16.5527
16.5527
16.5527
16.5527
16.5527
16.5527
16.5527
16.5527
16.5527
16.5527
16.5527
16.5527
16.5527
16.5527
16.5527
16.5527
16.5527
16.5527
16.5527
16.5527
16.5527
16.5527
16.5527
16.5527
16.5527
16.5527
16.5527
16.5527
16.5527
16.5527
16.5527
16.5527
16.5527
16.5527
16.5527
16.5527
16.5527
16.5527
16.5527
16.5527
16.5527
16.5527
16.5527
16.5527
16.5527
16.5527
16.5527
16.5527
16.5527
16.5527
16.5527
16.5527
16.5527
16.5527
16.5527
16.5527
16.5527
16.5527
16.5527
16.5527
16.5527
16.5527
16.5527
16.5527
16.5527
16.5527
16.5527
16.5527
16.5527
16.5527
16.5527
16.5527
16.5527
16.5527
16.5527
16.5527
16.5527
16.5527
16.5527
16.5527
16.5527
16.5527
16.5527
16.5527
16.5527
16.5527
16.5527
16.5527
16.5527
16.5527
16.5527
16.5527
16.5527
16.5527
16.5527
16.5527
16.5527
16.5527
16.5527
16.5527
16.5527
16.5527
16.5527
16.5527
16.5527
16.5527
16.5527
16.5527
16.5527
16.5527
16.5527
16.5527
16.5527
16.5527
16.5527
16.5527
16.5527
16.5527
16.5527
16.5527
16.5527
16.5527
16.5527
16.5527
16.5527
16.5527
16.5527
16.5527
16.5527
16.5527
16.5527
16.5527
16.5527
16.5527
16.5527
16.5527
16.5527
16.5527
16.5527
16.5527
16.5527
16.5527
16.5527
16.5527
16.5527
16.5527
16.5527
16.5527
16.5527
16.5527
16.5527
16.5527
16.5527
16.5527
16.5527
16.5527
16.5527
16.5527
16.5527
16.5527
16.5527
16.5527
16.5527
16.5527
16.5527
16.5527
16.5527
16.5527
16.5527
16.5527
16.5527
16.5527
16.5527
16.5527
16.5527
16.5527
16.5527
16.5527
16.5527
16.5527
16.5527
16.5527
16.5527
16.5527
16.5527
16.5527
16.5527
16.5527
16.5527
16.5527
16.5527
16.5527
16.5527
16.5527
16.5527
16.5527
16.5527
16.5527
16.5527
16.5527
16.5527
16.5527
16.5527
16.5527
16.5527
16.5527
16.5527
16.5527
16.5527
16.5527
16.5527
16.5527
16.5527
16.5527
16.5527
16.5527
16.5527
16.5527
16.5527
16.5527
16.5527
16.5527
16.5527
16.5527
16.5527
16.5527
16.5527
16.5527
16.5527
16.5527
16.5527
16.5527
16.5527
16.5527
16.5527
16.5527
16.5527
16.5527
16.5527
16.5527
16.5527
16.5527
16.5527
16.5527
16.5527
16.5527
16.5527
16.5527
16.5527
16.5527
16.5527
16.5527
16.5527
16.5527
16.5527
16.5527
16.5527
16.5527
16.5527
16.5527
16.5527
16.5527
16.5527
16.5527
16.5527
16.5527
16.5527
16.5527
16.5527
16.5527
16.5527
16.5527
16.5527
16.5527
16.5527
16.5527
16.5527
16.5527
16.5527
16.5527
16.5527
16.5527
16.5527
16.5527
16.5527
16.5527
16.5527
16.5527
16.5527
16.5527
16.5527
16.5527
16.5527
16.5527
16.5527
16.5527
16.5527
16.5527
16.5527
16.5527
16.5527
16.5527
16.5527
16.5527
16.5527
16.5527
16.5527
16.5527
16.5527
16.5527
16.5527
16.5527
16.5527
16.5527
16.5527
16.5527
16.5527
16.5527
16.5527
16.5527
16.5527
16.5527
16.5527
16.5527
16.5527
16.5527
16.5527
16.5527
16.5527
16.5527
16.5527
16.5527
16.5527
16.5527
16.5527
16.5527
16.5527
16.5527
16.5527
16.5527
16.5527
16.5527
16.5527
16.5527
16.5527
16.5527
16.5527
16.5527
16.5527
16.5527
16.5527
16.5527
16.5527
16.5527
16.5527
16.5527
16.5527
16.5527
16.5527
16.5527
16.5527
16.5527
16.5527
16.5527
16.5527
16.5527
16.5527
16.5527
16.5527
16.5527
16.5527
16.5527
16.5527
16.5527
16.5527
16.5527
16.5527
16.5527
16.5527
16.5527
16.5527
16.5527
16.5527
16.5527
16.5527
16.5527
16.5527
16.5527
16.5527
16.5527
16.5527
16.5527
16.5527
16.5527
16.5527
16.5527
16.5527
16.5527
16.5527
16.5527
16.5527
16.5527
16.5527
16.5527
16.5527
16.5527
16.5527
16.5527
16.5527
16.5527
16.5527
16.5527
16.5527
16.5527
16.5527
16.5527
16.5527
16.5527
16.5527
16.5527
16.5527
16.5527
16.5527
16.5527
16.5527
16.5527
16.5527
16.5527
16.5527
16.5527
16.5527
16.5527
16.5527
16.5527
16.5527
16.5527
16.5527
16.5527
16.5527
16.5527
16.5527
16.5527
16.5527
16.5527
16.5527
16.5527
16.5527
16.5527
16.5527
16.5527
16.5527
16.5527
16.5527
16.5527
16.5527
16.5527
16.5527
16.5527
16.5527
16.5527
16.5527
16.5527
16.5527
16.5527
16.5527
16.5527
16.5527
16.5527
16.5527
16.5527
16.5527
16.5527
16.5527
16.5527
16.5527
16.5527
16.5527
16.5527
16.5527
16.5527
16.5527
16.5527
16.5527
16.5527
16.5527
16.5527
16.5527
16.5527
16.5527
16.5527
16.5527
16.5527
16.5527
16.5527
16.5527
16.5527
16.5527
16.5527
16.5527
16.5527
16.5527
16.5527
16.5527
16.5527
16.5527
16.5527
16.5527
16.5527
16.5527
16.5527
16.5527
16.5527
16.5527
