1225.06
48440.4
42469.2
37237.3
32526
29154.1
26299.6
23535.3
21362.3
19316.3
17347.5
15570.4
14259.6
12916.4
11836.9
10173.8
9417.07
8830.75
8047.81
7153.65
6868.9
6194.26
5712.63
5095.23
4686.96
4153.58
3847.09
3527.03
3200.59
2974.64
2704.23
2493.25
2307.63
2076.67
1943.5
1800.94
1637.49
1504.35
1391.92
1286.03
1187.62
1095.79
981.449
904.875
856.634
780.919
715.239
665.373
614.097
574.008
527.315
499.868
463.659
422.726
391.77
357.042
325.784
300.351
282.504
268.643
247.498
224.427
207.475
198.888
179.813
165.984
155.378
140.663
129.955
119.194
110.275
104.574
95.3743
89.9517
84.2642
78.757
72.7668
67.3993
63.4313
58.6972
54.2822
49.6581
45.3377
41.8852
38.9199
35.9419
33.0864
31.4405
28.785
26.5083
24.4328
22.1462
20.7968
19.5589
18.0727
17.1127
15.7517
14.6409
13.6699
12.8607
11.8902
10.7901
10.2875
9.61225
9.0415
8.50416
8.05737
7.53173
7.02459
6.43937
5.87546
5.43797
5.09286
4.70496
4.38372
4.09391
3.70914
3.38987
3.17419
2.89568
2.71278
2.55287
2.37446
2.20308
2.09048
1.95479
1.7936
1.6532
1.51308
1.37613
1.26504
1.18744
1.11328
1.05169
0.966504
0.905597
0.818693
0.77892
0.703359
0.647347
0.605464
0.546398
0.520993
0.489595
0.442551
0.41599
0.386218
0.346038
0.329706
0.307033
0.289842
0.274226
0.259142
0.248121
0.237018
0.217985
0.198828
0.188165
0.173839
0.153943
0.143162
0.132667
0.125703
0.117179
0.108899
0.101606
0.092993
0.0851346
0.0790609
0.0740665
0.0685945
0.0647139
0.0587674
0.0543234
0.0515242
0.0470268
0.0441875
0.0400181
0.0377178
0.034858
0.0328857
0.0302315
0.0270782
0.0243159
0.0231909
0.0215205
0.0200745
0.0184558
0.0170683
0.0157626
0.0143972
0.0128752
0.0118717
0.0109578
0.0101092
0.00915047
0.00866497
0.00813256
0.00739006
0.00654576
0.006208
0.00587518
0.00559077
0.0051706
0.00464413
0.00431
0.00397691
0.003732
0.00339306
0.00325351
0.0030305
0.00277843
0.0025496
0.00225737
0.00213728
0.00200078
0.00181076
0.00166337
0.00156434
0.00144911
0.001345
0.00121894
0.00112424
0.00106505
0.000975205
0.000913324
0.00082886
0.000747484
0.000697094
0.00065833
0.000601873
0.000556853
0.000511283
0.00049134
0.000449822
0.00041295
0.000375256
0.000346198
0.000319653
0.000295094
0.000275104
0.000256293
0.000238865
0.000222877
0.000212248
0.000190653
0.000178291
0.000165093
0.000152076
0.000141287
0.000130307
0.000122025
0.000112683
0.000100232
9.08492e-05
8.45565e-05
7.96613e-05
7.50142e-05
6.73611e-05
6.40914e-05
5.69989e-05
5.1626e-05
4.78599e-05
4.4501e-05
4.19611e-05
3.97803e-05
3.72428e-05
3.49856e-05
3.26602e-05
3.05123e-05
2.84159e-05
2.56809e-05
2.45704e-05
2.28417e-05
2.12591e-05
1.96536e-05
1.78617e-05
1.66647e-05
1.55906e-05
1.47718e-05
1.36799e-05
1.25177e-05
1.12821e-05
1.04977e-05
9.73425e-06
9.21353e-06
8.17767e-06
7.7304e-06
7.23581e-06
6.83009e-06
6.52111e-06
5.68811e-06
5.27046e-06
4.91265e-06
4.53731e-06
4.29984e-06
3.97569e-06
3.84977e-06
3.55618e-06
3.27541e-06
3.04429e-06
2.78876e-06
2.58469e-06
2.38215e-06
2.22953e-06
2.09354e-06
1.92182e-06
1.80619e-06
1.74498e-06
1.65016e-06
1.49769e-06
1.42548e-06
1.35339e-06
1.26062e-06
1.16115e-06
1.09403e-06
1.0011e-06
9.43422e-07
8.89716e-07
8.48913e-07
7.81315e-07
7.5178e-07
7.06811e-07
6.21927e-07
5.82403e-07
5.41924e-07
5.13568e-07
4.67942e-07
4.37105e-07
3.92569e-07
3.76375e-07
3.59939e-07
3.41093e-07
3.26435e-07
2.91285e-07
2.71955e-07
2.48324e-07
2.20012e-07
2.02455e-07
1.90556e-07
1.78058e-07
1.70185e-07
1.56852e-07
1.49665e-07
1.36727e-07
1.24176e-07
1.18421e-07
1.10618e-07
1.02462e-07
9.67357e-08
8.9693e-08
8.32555e-08
7.91382e-08
7.47948e-08
6.51484e-08
5.80594e-08
5.29444e-08
4.91871e-08
4.60845e-08
4.32614e-08
3.99064e-08
3.42982e-08
3.26562e-08
3.00677e-08
2.7769e-08
2.59779e-08
2.45198e-08
2.28477e-08
2.14894e-08
1.9239e-08
1.7638e-08
1.64085e-08
1.5878e-08
1.4711e-08
1.34294e-08
1.25053e-08
1.14823e-08
1.03721e-08
9.49205e-09
9.04548e-09
7.97965e-09
7.37768e-09
6.91668e-09
6.18087e-09
5.59486e-09
5.4292e-09
4.97367e-09
4.6887e-09
4.41421e-09
4.18507e-09
3.92843e-09
3.66219e-09
3.23971e-09
3.00932e-09
2.75131e-09
2.5952e-09
2.41764e-09
2.27834e-09
2.09502e-09
1.84771e-09
1.72048e-09
1.54961e-09
1.45661e-09
1.33881e-09
1.26936e-09
1.19914e-09
1.12536e-09
1.05276e-09
9.62477e-10
8.92283e-10
8.48894e-10
7.83999e-10
7.04072e-10
6.69216e-10
6.02966e-10
5.72916e-10
5.35416e-10
4.90289e-10
4.59979e-10
4.32212e-10
4.07709e-10
3.62447e-10
3.39587e-10
3.08335e-10
2.85591e-10
2.48938e-10
2.32261e-10
2.18135e-10
2.07771e-10
1.84974e-10
1.72106e-10
1.60156e-10
1.47844e-10
1.33354e-10
1.26229e-10
1.16853e-10
1.10885e-10
1.00556e-10
9.12329e-11
8.50823e-11
8.21237e-11
7.69004e-11
7.18402e-11
6.71862e-11
5.93051e-11
5.63144e-11
5.26575e-11
5.07811e-11
4.6484e-11
4.39146e-11
4.17705e-11
3.97123e-11
3.56007e-11
3.28351e-11
3.129e-11
2.93204e-11
2.55736e-11
2.41398e-11
2.27268e-11
2.11337e-11
1.97617e-11
1.85933e-11
1.67325e-11
1.55468e-11
1.50202e-11
1.36857e-11
1.30735e-11
1.20304e-11
1.07945e-11
1.00751e-11
9.32219e-12
8.80985e-12
8.40469e-12
7.55038e-12
7.13044e-12
6.83065e-12
6.08514e-12
5.79533e-12
5.42779e-12
5.24212e-12
4.70346e-12
4.28376e-12
4.16393e-12
3.81587e-12
3.57814e-12
3.50505e-12
3.29188e-12
2.90792e-12
2.5782e-12
2.41504e-12
2.33351e-12
2.20122e-12
2.07772e-12
1.97968e-12
1.89329e-12
1.68486e-12
1.59302e-12
1.54674e-12
1.38253e-12
1.27084e-12
1.18226e-12
1.10097e-12
1.04208e-12
8.88569e-13
8.57557e-13
7.78114e-13
7.53877e-13
7.17081e-13
6.76063e-13
6.58103e-13
5.99602e-13
5.85645e-13
5.39909e-13
5.1326e-13
4.35829e-13
4.01702e-13
3.54146e-13
3.45458e-13
3.00124e-13
2.79909e-13
2.64994e-13
2.54201e-13
2.36328e-13
2.20183e-13
2.13377e-13
1.89942e-13
1.85804e-13
1.69297e-13
1.61576e-13
1.57286e-13
1.48212e-13
1.27225e-13
1.22423e-13
1.17984e-13
1.05082e-13
1.01644e-13
9.48705e-14
9.16422e-14
7.16053e-14
6.8784e-14
6.62687e-14
6.31237e-14
6.05836e-14
5.87381e-14
5.42224e-14
5.08278e-14
4.94514e-14
4.70966e-14
4.42251e-14
3.77785e-14
3.68128e-14
3.4464e-14
3.28886e-14
3.23282e-14
2.43382e-14
2.12185e-14
2.04044e-14
1.94397e-14
1.72802e-14
1.67424e-14
1.6007e-14
1.52706e-14
1.48517e-14
1.32974e-14
1.26947e-14
1.23044e-14
1.20715e-14
1.08789e-14
9.75668e-15
9.57129e-15
9.3204e-15
8.63049e-15
8.10486e-15
7.25488e-15
7.08316e-15
6.54671e-15
5.32715e-15
5.16415e-15
4.96273e-15
4.64418e-15
4.38475e-15
4.00579e-15
3.74845e-15
3.63454e-15
3.53377e-15
2.70083e-15
2.64358e-15
2.56954e-15
2.36988e-15
2.01506e-15
1.95002e-15
1.87016e-15
1.63325e-15
1.61042e-15
1.56217e-15
1.48956e-15
1.44154e-15
1.38675e-15
1.32572e-15
1.07325e-15
1.04019e-15
9.60283e-16
9.30399e-16
8.35196e-16
7.66417e-16
7.50812e-16
7.02507e-16
6.96278e-16
6.34685e-16
6.06222e-16
5.09533e-16
4.93513e-16
3.45081e-16
3.36999e-16
3.27693e-16
3.13652e-16
3.07924e-16
2.93628e-16
2.85839e-16
2.64466e-16
2.5771e-16
2.51152e-16
2.30355e-16
2.16843e-16
2.02352e-16
1.90586e-16
1.85837e-16
1.78644e-16
1.60522e-16
1.56996e-16
1.40598e-16
1.33083e-16
1.29306e-16
1.16323e-16
1.08057e-16
1.06238e-16
1.02451e-16
9.97077e-17
9.10292e-17
8.93717e-17
7.27525e-17
7.16298e-17
6.84944e-17
6.38291e-17
6.31146e-17
6.17174e-17
3.99323e-17
3.71062e-17
3.64614e-17
3.49458e-17
3.44493e-17
3.31205e-17
3.2267e-17
3.13296e-17
3.07393e-17
2.77082e-17
2.73661e-17
2.23371e-17
2.12841e-17
2.09287e-17
1.99361e-17
1.97691e-17
1.91741e-17
1.8939e-17
1.55517e-17
1.53632e-17
1.52551e-17
1.4245e-17
1.40647e-17
1.11267e-17
1.09637e-17
1.05312e-17
9.77361e-18
9.41145e-18
9.18963e-18
8.37906e-18
7.93844e-18
7.84773e-18
7.8005e-18
6.74419e-18
6.69487e-18
6.19449e-18
5.58227e-18
5.18559e-18
4.71131e-18
4.59701e-18
4.55941e-18
4.42706e-18
4.36474e-18
4.27103e-18
4.22364e-18
3.6048e-18
2.91961e-18
2.89352e-18
2.86887e-18
2.52277e-18
2.51376e-18
2.46543e-18
2.0274e-18
2.01014e-18
1.89481e-18
1.85527e-18
1.85013e-18
1.79601e-18
1.61887e-18
1.59775e-18
1.416e-18
1.3999e-18
1.39598e-18
1.22231e-18
1.20938e-18
1.15522e-18
1.07251e-18
1.02743e-18
1.02287e-18
1.01011e-18
8.7924e-19
8.65798e-19
8.15747e-19
8.13369e-19
7.76391e-19
7.41426e-19
6.87306e-19
6.85291e-19
5.95656e-19
4.64777e-19
4.63623e-19
4.61138e-19
4.02237e-19
4.00834e-19
3.47758e-19
3.44367e-19
3.42378e-19
3.38542e-19
3.15384e-19
3.14208e-19
2.93839e-19
2.45159e-19
2.22169e-19
2.15371e-19
2.15005e-19
1.90968e-19
1.86629e-19
1.86344e-19
1.68499e-19
1.67856e-19
1.67462e-19
1.66052e-19
1.65833e-19
1.58399e-19
1.54627e-19
1.29116e-19
1.23323e-19
1.22243e-19
9.82338e-20
9.80397e-20
9.69787e-20
7.71561e-20
7.34788e-20
7.32111e-20
7.30806e-20
7.24765e-20
7.20211e-20
7.14574e-20
7.07767e-20
7.07053e-20
6.2584e-20
5.17294e-20
5.13421e-20
4.56462e-20
4.55623e-20
4.51402e-20
4.5087e-20
4.50444e-20
4.40548e-20
3.14154e-20
3.13781e-20
3.13405e-20
3.12811e-20
3.11319e-20
3.10022e-20
3.00498e-20
3.00112e-20
2.96749e-20
2.83442e-20
2.8328e-20
2.64845e-20
2.60584e-20
1.96716e-20
1.66694e-20
1.6653e-20
1.5566e-20
1.54706e-20
1.544e-20
1.54203e-20
1.38631e-20
1.38365e-20
1.38254e-20
1.37873e-20
1.26135e-20
7.94705e-21
7.93911e-21
7.86901e-21
7.84614e-21
7.83933e-21
7.46235e-21
7.19069e-21
7.17844e-21
7.17444e-21
7.11888e-21
7.11682e-21
7.1138e-21
7.10691e-21
7.00007e-21
5.82476e-21
5.82269e-21
5.78612e-21
5.73144e-21
5.72862e-21
5.66031e-21
5.51404e-21
5.50643e-21
4.47001e-21
4.46353e-21
3.92466e-21
3.35391e-21
2.67083e-21
2.67001e-21
2.66849e-21
2.45691e-21
2.45091e-21
2.4473e-21
2.17663e-21
2.17531e-21
2.17088e-21
2.16984e-21
2.16903e-21
1.37764e-21
1.37717e-21
1.37387e-21
1.37308e-21
1.36549e-21
1.36523e-21
1.36494e-21
1.34438e-21
1.01327e-21
1.00985e-21
1.00957e-21
9.88099e-22
9.5468e-22
7.40575e-22
7.40172e-22
7.21889e-22
7.21477e-22
7.21269e-22
6.08334e-22
6.06003e-22
5.96847e-22
5.9673e-22
5.96675e-22
5.69671e-22
5.69589e-22
5.01671e-22
4.58758e-22
4.46694e-22
4.04671e-22
4.04223e-22
4.03355e-22
2.59059e-22
2.58272e-22
2.57732e-22
2.45102e-22
2.43562e-22
2.43281e-22
2.09347e-22
2.09336e-22
2.09283e-22
2.09237e-22
2.09168e-22
1.91785e-22
1.91774e-22
1.90759e-22
1.80519e-22
1.80371e-22
1.59017e-22
1.58982e-22
1.58864e-22
1.58773e-22
1.4754e-22
1.36226e-22
1.36221e-22
1.36204e-22
1.34038e-22
9.51376e-23
9.50899e-23
7.58668e-23
7.58617e-23
7.55367e-23
7.49354e-23
7.48399e-23
7.47492e-23
7.4741e-23
6.64021e-23
5.35897e-23
5.35832e-23
5.17819e-23
5.17609e-23
5.17371e-23
5.16281e-23
4.30614e-23
4.30582e-23
4.3028e-23
4.29766e-23
4.29709e-23
3.79472e-23
3.79421e-23
3.65579e-23
3.54316e-23
3.54306e-23
3.18473e-23
3.08611e-23
3.0841e-23
2.77903e-23
2.09939e-23
2.09935e-23
2.08048e-23
2.08044e-23
2.02937e-23
2.02931e-23
1.95415e-23
1.12571e-23
1.12557e-23
1.12523e-23
9.5966e-24
9.59507e-24
9.58683e-24
9.57796e-24
9.57763e-24
9.56822e-24
9.5652e-24
7.98751e-24
7.51265e-24
7.51206e-24
7.51145e-24
7.51117e-24
7.46208e-24
7.06691e-24
5.11262e-24
5.11192e-24
4.78336e-24
4.78326e-24
4.77982e-24
4.77913e-24
4.77787e-24
4.77533e-24
4.77167e-24
4.29107e-24
4.28967e-24
4.22761e-24
3.4826e-24
3.48251e-24
3.47852e-24
3.47664e-24
3.47652e-24
2.74771e-24
2.74764e-24
2.74756e-24
2.74741e-24
2.74634e-24
2.66773e-24
2.66768e-24
2.5242e-24
2.31637e-24
2.31611e-24
2.12261e-24
1.98707e-24
1.98701e-24
1.80692e-24
1.8066e-24
1.70391e-24
1.7039e-24
1.70364e-24
1.51964e-24
1.30931e-24
1.2331e-24
1.1304e-24
1.1234e-24
1.0634e-24
9.7113e-25
8.93126e-25
7.96888e-25
6.96024e-25
6.95658e-25
6.5824e-25
6.58221e-25
6.15214e-25
6.15196e-25
6.15187e-25
4.96083e-25
3.92191e-25
3.79083e-25
3.79064e-25
3.78974e-25
3.78853e-25
3.78839e-25
3.68416e-25
3.30035e-25
3.13753e-25
3.08273e-25
2.90228e-25
2.90198e-25
2.90149e-25
2.90142e-25
2.5749e-25
2.57485e-25
2.5747e-25
2.29764e-25
2.01042e-25
2.01038e-25
2.01034e-25
2.00986e-25
1.92986e-25
1.90791e-25
1.83082e-25
1.66892e-25
1.39462e-25
1.39388e-25
1.39316e-25
1.25618e-25
1.03815e-25
1.03801e-25
1.03771e-25
1.03769e-25
1.03769e-25
1.01478e-25
8.97408e-26
7.28935e-26
7.28932e-26
7.28921e-26
7.28919e-26
7.28916e-26
7.2885e-26
7.18848e-26
7.18742e-26
5.97424e-26
5.97419e-26
5.09419e-26
5.0937e-26
4.8895e-26
4.88849e-26
4.86579e-26
4.15773e-26
4.15772e-26
4.15664e-26
4.12675e-26
3.89806e-26
3.65366e-26
3.05556e-26
3.05001e-26
3.04999e-26
3.04998e-26
3.04979e-26
2.67419e-26
2.28554e-26
2.28531e-26
2.28523e-26
2.27867e-26
2.27861e-26
2.27833e-26
1.53197e-26
1.53195e-26
1.53149e-26
1.51694e-26
1.35274e-26
9.50932e-27
9.47483e-27
9.47478e-27
9.47373e-27
9.47369e-27
9.47312e-27
9.47311e-27
9.47308e-27
9.47214e-27
9.47213e-27
9.47204e-27
7.1348e-27
7.13401e-27
7.134e-27
6.82564e-27
6.82545e-27
6.27512e-27
6.27484e-27
6.27484e-27
5.84422e-27
5.84413e-27
5.67206e-27
4.90868e-27
4.90814e-27
4.90812e-27
4.75404e-27
4.75386e-27
4.75369e-27
4.75368e-27
3.84782e-27
3.84768e-27
3.31141e-27
3.03061e-27
3.03057e-27
2.95481e-27
2.95474e-27
2.95434e-27
2.95433e-27
2.95433e-27
2.92892e-27
2.43907e-27
2.43907e-27
2.21049e-27
1.80209e-27
1.80208e-27
1.62492e-27
1.51302e-27
1.51297e-27
1.37504e-27
1.36142e-27
1.36138e-27
1.36132e-27
1.06578e-27
1.06578e-27
1.06575e-27
1.06572e-27
1.06571e-27
7.65836e-28
7.65835e-28
7.65835e-28
7.65829e-28
7.62153e-28
7.45323e-28
7.45256e-28
7.45256e-28
7.32824e-28
4.66232e-28
4.66232e-28
4.66232e-28
4.66232e-28
4.6623e-28
3.75536e-28
3.75512e-28
3.75511e-28
3.7551e-28
3.75506e-28
3.71225e-28
3.71225e-28
3.12409e-28
3.12406e-28
2.8051e-28
2.80492e-28
2.2885e-28
2.2884e-28
2.2884e-28
2.2884e-28
2.2884e-28
2.28836e-28
2.28829e-28
1.77984e-28
1.77984e-28
1.77984e-28
1.74617e-28
1.74617e-28
1.74617e-28
1.45199e-28
1.45199e-28
1.3154e-28
1.31536e-28
1.30452e-28
1.30452e-28
1.30451e-28
1.30449e-28
9.76508e-29
8.50307e-29
8.50299e-29
8.50298e-29
8.50292e-29
8.14286e-29
7.27566e-29
7.27551e-29
7.27551e-29
7.08652e-29
7.08652e-29
7.08651e-29
7.08651e-29
6.84638e-29
6.8463e-29
6.71224e-29
5.36003e-29
5.36003e-29
5.34858e-29
4.50214e-29
4.50214e-29
4.5021e-29
2.84497e-29
2.84491e-29
2.8449e-29
2.8449e-29
2.8449e-29
2.8449e-29
2.5409e-29
2.5409e-29
2.54084e-29
2.54084e-29
2.38892e-29
2.17149e-29
2.04965e-29
2.04964e-29
1.97025e-29
1.97021e-29
1.66572e-29
1.66572e-29
1.44936e-29
1.31283e-29
1.31283e-29
1.31283e-29
1.31282e-29
1.16409e-29
1.16408e-29
1.16408e-29
1.16407e-29
1.16407e-29
1.16406e-29
1.16406e-29
1.12392e-29
1.12391e-29
1.09078e-29
1.05604e-29
9.87641e-30
8.29579e-30
8.29579e-30
8.29576e-30
8.29575e-30
8.29575e-30
7.10559e-30
7.10559e-30
7.10557e-30
4.61394e-30
4.35809e-30
4.35806e-30
4.35806e-30
4.35806e-30
4.35805e-30
4.35805e-30
4.35805e-30
3.32887e-30
3.32887e-30
3.16952e-30
3.16951e-30
3.16951e-30
2.67052e-30
2.67052e-30
2.67051e-30
2.60949e-30
2.60949e-30
2.44189e-30
2.38812e-30
2.38812e-30
2.35426e-30
2.35425e-30
2.33602e-30
2.33602e-30
2.0622e-30
1.96725e-30
1.96724e-30
1.96724e-30
1.84689e-30
1.3206e-30
1.3206e-30
1.3206e-30
1.3206e-30
1.3206e-30
1.26719e-30
1.07162e-30
1.01408e-30
1.01408e-30
1.01408e-30
9.4858e-31
8.86943e-31
8.86943e-31
8.86942e-31
8.0824e-31
8.08238e-31
8.08238e-31
7.86583e-31
6.88384e-31
6.88384e-31
6.81291e-31
6.32142e-31
5.1453e-31
5.1453e-31
5.1453e-31
5.1453e-31
5.14446e-31
4.31023e-31
4.31023e-31
3.63144e-31
3.63143e-31
3.63143e-31
3.63143e-31
3.63143e-31
3.59722e-31
2.95069e-31
2.95069e-31
2.95069e-31
2.90391e-31
2.45129e-31
2.37315e-31
2.37315e-31
2.19837e-31
2.19837e-31
2.19837e-31
2.19837e-31
2.18765e-31
1.88515e-31
1.69022e-31
1.69022e-31
1.63882e-31
1.60832e-31
1.60832e-31
9.56477e-32
9.56476e-32
9.56475e-32
9.56475e-32
7.93143e-32
7.93143e-32
7.93143e-32
7.93143e-32
7.93142e-32
7.93142e-32
7.63475e-32
7.63475e-32
7.63475e-32
7.63475e-32
7.63475e-32
6.67934e-32
6.44371e-32
6.44371e-32
6.44371e-32
6.00109e-32
6.00109e-32
5.29882e-32
5.29882e-32
5.24525e-32
5.11879e-32
4.93879e-32
4.43007e-32
4.29588e-32
4.29424e-32
4.29424e-32
4.1616e-32
4.1616e-32
3.71331e-32
3.71331e-32
3.56484e-32
3.56484e-32
3.3899e-32
3.06909e-32
2.29499e-32
2.29499e-32
2.29499e-32
2.29499e-32
2.29499e-32
2.22644e-32
2.22644e-32
2.22644e-32
2.22644e-32
2.22644e-32
2.21423e-32
1.87003e-32
1.87003e-32
1.83459e-32
1.83459e-32
1.57433e-32
1.57433e-32
1.36054e-32
1.14018e-32
1.00559e-32
1.00559e-32
1.00559e-32
1.00559e-32
1.00559e-32
1.00559e-32
7.4732e-33
7.4732e-33
7.4732e-33
7.4732e-33
7.4732e-33
7.28473e-33
7.19402e-33
5.4037e-33
5.4037e-33
5.4037e-33
5.4037e-33
5.4037e-33
5.3376e-33
5.21142e-33
4.71353e-33
4.71353e-33
4.71353e-33
4.71353e-33
4.71353e-33
4.41349e-33
4.40183e-33
3.98962e-33
3.98904e-33
3.98904e-33
3.98904e-33
3.24759e-33
3.21901e-33
3.21901e-33
2.8169e-33
2.72095e-33
2.50618e-33
2.49679e-33
2.49679e-33
2.49679e-33
2.49318e-33
2.49318e-33
2.22514e-33
2.22514e-33
2.03191e-33
1.8985e-33
1.87373e-33
1.83458e-33
1.83458e-33
1.50486e-33
1.48779e-33
1.48779e-33
1.48779e-33
1.38447e-33
9.70806e-34
9.70806e-34
9.70806e-34
9.70806e-34
9.70806e-34
9.70806e-34
9.70806e-34
9.70806e-34
8.60096e-34
8.03224e-34
6.40293e-34
6.40293e-34
6.40293e-34
6.03587e-34
6.03587e-34
6.03587e-34
6.03587e-34
5.00121e-34
5.00121e-34
5.00121e-34
5.00121e-34
5.00121e-34
4.897e-34
4.76038e-34
4.5218e-34
4.1217e-34
4.1217e-34
4.1217e-34
3.37142e-34
3.37142e-34
3.37142e-34
3.37142e-34
3.16907e-34
3.16907e-34
3.16907e-34
2.59157e-34
2.35204e-34
2.35204e-34
2.35204e-34
2.35204e-34
2.35204e-34
2.35204e-34
2.35204e-34
2.19106e-34
2.19106e-34
2.19106e-34
1.74741e-34
1.66878e-34
1.66878e-34
1.30863e-34
1.30863e-34
1.30863e-34
1.30863e-34
1.01895e-34
8.82883e-35
8.82883e-35
8.82883e-35
8.82883e-35
6.78088e-35
6.78088e-35
6.78088e-35
6.78088e-35
6.74401e-35
