20.0742
19.7273
19.4281
19.1836
18.8485
18.5737
18.2833
17.9574
17.6383
17.3754
17.0716
16.7592
16.4251
16.1331
15.7729
15.4464
15.1566
14.7876
14.4796
14.1627
13.9653
13.5101
13.256
12.8541
12.4608
12.1241
11.8792
11.5925
11.2064
10.8984
10.6422
10.3159
9.99551
9.65267
9.34161
9.1286
8.81136
8.57309
8.30256
8.05815
7.84311
7.57001
7.38313
7.09087
6.88119
6.68546
6.45675
6.26541
6.08294
5.89652
5.7087
5.58467
5.42515
5.28892
5.07498
4.89617
4.79714
4.65923
4.52015
4.35392
4.26068
4.17557
4.07509
3.98338
3.89632
3.82138
3.72242
3.61445
3.52252
3.44563
3.37391
3.27392
3.18744
3.1169
3.01103
2.93363
2.90468
2.82
2.73709
2.65526
2.6071
2.52099
2.48233
2.41464
2.34917
2.23734
2.16145
2.07507
2.00811
1.92933
1.88013
1.80434
1.7327
1.65072
1.56012
1.48151
1.408
1.34476
1.2729
1.21495
1.15117
1.07697
1.01854
0.95173
0.903846
0.84896
0.798841
0.74121
0.69574
0.649758
0.601871
0.558951
0.531887
0.493735
0.467371
0.438314
0.408265
0.383553
0.352274
0.329469
0.302972
0.282655
0.26609
0.25107
0.237174
0.222479
0.209346
0.195529
0.184448
0.173155
0.16439
0.155024
0.144102
0.135261
0.126209
0.11945
0.113005
0.109008
0.101136
0.0947699
0.0902303
0.0853007
0.0814405
0.0760117
0.0710346
0.0677209
0.0649035
0.0621107
0.0578025
0.0546135
0.0513751
0.04837
0.045928
0.0433654
0.0408353
0.0381147
0.0362098
0.034492
0.032707
0.031525
0.0300288
0.0286746
0.0269996
0.0256957
0.0243938
0.0232038
0.022111
0.0210511
0.0198967
0.0185157
0.0175707
0.016914
0.0161297
0.0153177
0.0144383
0.0136318
0.0130053
0.0123722
0.0117663
0.0112835
0.0104686
0.0100287
0.00970636
0.0092504
0.00884026
0.00837501
0.00803455
0.00759078
0.00720983
0.00683857
0.00642908
0.00618492
0.00589193
0.00568246
0.00540729
0.00506377
0.00479386
0.00455491
0.00437195
0.00416492
0.00396743
0.00377103
0.00360247
0.00335766
0.00321724
0.00311107
0.00295246
0.00282738
0.00266876
0.00253373
0.00241959
0.0022963
0.00216462
0.00205202
0.00195114
0.00187401
0.00179904
0.00168431
0.00160002
0.00154378
0.00144389
0.00137721
0.00130491
0.00122835
0.0011855
0.00113502
0.0010786
0.00102555
0.000973932
0.000930932
0.000892215
0.000833478
0.000785685
0.000749534
0.000718193
0.000686993
0.000661516
0.000628988
0.000596285
0.000573987
0.000531739
0.000506723
0.000481174
0.000460331
0.000433408
0.000410527
0.000383967
0.00037039
0.000351965
0.000337136
0.000325593
0.000309427
0.000294635
0.00027802
0.000267488
0.000253421
0.00024222
0.000231024
0.000223694
0.000211175
0.000202438
0.000189331
0.000182229
0.000174136
0.000167742
0.000158701
0.000150552
0.000143805
0.00013707
0.000129101
0.000124465
0.000118976
0.000111846
0.000106573
0.000101245
9.73454e-005
9.13013e-005
8.75605e-005
8.4163e-005
8.06284e-005
7.58983e-005
7.27128e-005
6.85294e-005
6.5332e-005
6.22613e-005
5.90894e-005
5.55573e-005
5.25675e-005
5.03243e-005
4.83236e-005
4.53209e-005
4.31659e-005
4.08937e-005
3.87579e-005
3.75713e-005
3.56766e-005
3.37983e-005
3.19746e-005
3.09821e-005
2.95088e-005
2.81684e-005
2.66002e-005
2.5108e-005
2.39888e-005
2.28044e-005
2.1445e-005
2.0483e-005
1.96293e-005
1.87514e-005
1.78567e-005
1.67999e-005
1.6045e-005
1.54463e-005
1.47944e-005
1.39639e-005
1.32767e-005
1.2438e-005
1.18693e-005
1.13383e-005
1.07588e-005
1.04496e-005
9.84741e-006
9.44551e-006
8.75366e-006
8.3645e-006
7.99127e-006
7.69943e-006
7.35191e-006
6.84878e-006
6.59595e-006
6.31225e-006
6.01965e-006
5.65624e-006
5.39772e-006
5.10664e-006
4.80854e-006
4.56357e-006
4.37049e-006
4.17794e-006
4.00371e-006
3.81113e-006
3.66663e-006
3.49008e-006
3.3586e-006
3.18779e-006
3.01879e-006
2.88291e-006
2.7687e-006
2.6113e-006
2.46775e-006
2.3531e-006
2.20606e-006
2.11552e-006
2.01131e-006
1.89595e-006
1.81603e-006
1.7055e-006
1.62321e-006
1.55605e-006
1.48276e-006
1.42651e-006
1.32973e-006
1.2617e-006
1.19878e-006
1.15417e-006
1.10222e-006
1.05207e-006
1.00175e-006
9.36198e-007
8.78765e-007
8.52379e-007
8.09528e-007
7.79081e-007
7.37866e-007
6.88437e-007
6.58473e-007
6.35232e-007
6.07778e-007
5.80823e-007
5.56801e-007
5.30858e-007
5.0467e-007
4.83139e-007
4.57582e-007
4.32846e-007
4.10465e-007
3.94398e-007
3.7101e-007
3.53125e-007
3.30796e-007
3.1788e-007
3.05231e-007
2.93088e-007
2.77189e-007
2.60928e-007
2.47945e-007
2.38913e-007
2.26646e-007
2.16467e-007
2.03715e-007
1.94352e-007
1.84585e-007
1.75835e-007
1.69058e-007
1.61089e-007
1.53179e-007
1.46857e-007
1.40614e-007
1.32195e-007
1.23924e-007
1.19717e-007
1.16333e-007
1.08879e-007
1.02783e-007
9.85695e-008
9.57016e-008
9.23926e-008
8.79827e-008
8.33775e-008
7.83707e-008
7.20415e-008
6.97027e-008
6.68779e-008
6.43292e-008
6.03471e-008
5.79096e-008
5.53307e-008
5.26917e-008
4.98487e-008
4.76796e-008
4.54089e-008
4.29327e-008
4.061e-008
3.87143e-008
3.68347e-008
3.53975e-008
3.33069e-008
3.12597e-008
3.01821e-008
2.87725e-008
2.74473e-008
2.59087e-008
2.48206e-008
2.38269e-008
2.23173e-008
2.11933e-008
2.04674e-008
1.97161e-008
1.81938e-008
1.73732e-008
1.66559e-008
1.57048e-008
1.50738e-008
1.41276e-008
1.37116e-008
1.31317e-008
1.24447e-008
1.197e-008
1.15524e-008
1.08434e-008
1.02398e-008
9.69748e-009
9.31122e-009
8.87704e-009
8.46079e-009
8.13852e-009
7.69578e-009
7.34394e-009
6.91792e-009
6.52361e-009
6.24752e-009
5.99019e-009
5.8036e-009
5.50119e-009
5.22827e-009
4.95921e-009
4.679e-009
4.37365e-009
4.12658e-009
3.93777e-009
3.71769e-009
3.62968e-009
3.43039e-009
3.23026e-009
3.07802e-009
2.91791e-009
2.85361e-009
2.71076e-009
2.53225e-009
2.42189e-009
2.28629e-009
2.16899e-009
2.02873e-009
1.96519e-009
1.86903e-009
1.81422e-009
1.70147e-009
1.63846e-009
1.51157e-009
1.45748e-009
1.38935e-009
1.32307e-009
1.28319e-009
1.21101e-009
1.1461e-009
1.09682e-009
1.06105e-009
1.0191e-009
9.80269e-010
9.48371e-010
8.80277e-010
8.25266e-010
7.92645e-010
7.56255e-010
7.27135e-010
6.80066e-010
6.45639e-010
6.12711e-010
5.72164e-010
5.50816e-010
5.25089e-010
5.0366e-010
4.89583e-010
4.52331e-010
4.35694e-010
4.14344e-010
4.01739e-010
3.78143e-010
3.61182e-010
3.40621e-010
3.23659e-010
3.13536e-010
2.96854e-010
2.80717e-010
2.71024e-010
2.56266e-010
2.45997e-010
2.35426e-010
2.21529e-010
2.12564e-010
1.98212e-010
1.89425e-010
1.80915e-010
1.74649e-010
1.63262e-010
1.56653e-010
1.45513e-010
1.383e-010
1.33475e-010
1.28477e-010
1.20241e-010
1.15442e-010
1.10057e-010
1.06476e-010
1.01323e-010
9.61131e-011
9.15652e-011
8.71127e-011
8.2666e-011
7.83653e-011
7.42782e-011
7.09913e-011
6.96064e-011
6.62394e-011
6.21768e-011
5.79355e-011
5.54138e-011
5.33458e-011
5.14778e-011
4.87012e-011
4.65082e-011
4.52945e-011
4.27642e-011
3.97755e-011
3.82247e-011
3.67177e-011
3.50924e-011
3.33193e-011
3.15038e-011
3.00167e-011
2.89334e-011
2.71076e-011
2.64445e-011
2.48364e-011
2.34973e-011
2.24024e-011
2.12778e-011
2.04633e-011
1.94839e-011
1.85448e-011
1.75381e-011
1.67675e-011
1.57327e-011
1.49502e-011
1.42271e-011
1.37074e-011
1.30262e-011
1.24447e-011
1.18938e-011
1.11273e-011
1.06742e-011
1.01984e-011
9.7684e-012
9.30101e-012
8.8518e-012
8.32927e-012
8.02167e-012
7.49644e-012
7.05342e-012
6.82086e-012
6.49912e-012
6.18329e-012
5.82638e-012
5.60235e-012
5.39771e-012
5.2215e-012
4.89095e-012
4.54876e-012
4.39741e-012
4.0771e-012
3.90891e-012
3.73312e-012
3.53843e-012
3.45935e-012
3.22977e-012
3.12476e-012
3.03821e-012
2.91074e-012
2.79442e-012
2.62446e-012
2.49067e-012
2.36362e-012
2.27516e-012
2.17419e-012
2.06221e-012
1.97709e-012
1.89793e-012
1.74922e-012
1.69742e-012
1.63283e-012
1.57172e-012
1.48994e-012
1.42734e-012
1.3781e-012
1.32488e-012
1.20018e-012
1.14014e-012
1.06937e-012
1.03946e-012
9.95189e-013
9.40406e-013
8.91592e-013
8.72478e-013
8.26577e-013
7.7016e-013
7.42946e-013
7.19995e-013
6.68694e-013
6.29188e-013
6.13627e-013
5.84779e-013
5.62255e-013
5.35325e-013
5.11096e-013
4.83953e-013
4.588e-013
4.38621e-013
4.21568e-013
3.97764e-013
3.87106e-013
3.64937e-013
3.39145e-013
3.24649e-013
3.14702e-013
2.93954e-013
2.85143e-013
2.65674e-013
2.57432e-013
2.4855e-013
2.35334e-013
2.23255e-013
2.11389e-013
2.03005e-013
1.9462e-013
1.89007e-013
1.79557e-013
1.71101e-013
1.63285e-013
1.54901e-013
1.50424e-013
1.44527e-013
1.35361e-013
1.27616e-013
1.19303e-013
1.14045e-013
1.10776e-013
1.08076e-013
1.0296e-013
9.756e-014
9.24441e-014
8.86783e-014
8.55519e-014
8.19992e-014
7.90149e-014
7.36858e-014
7.10568e-014
6.6083e-014
6.36672e-014
6.00434e-014
5.79118e-014
5.57801e-014
5.25116e-014
5.08774e-014
4.76799e-014
4.66852e-014
4.46957e-014
4.29193e-014
4.15693e-014
4.07166e-014
3.84429e-014
3.73771e-014
3.3327e-014
3.23322e-014
2.99164e-014
2.82821e-014
2.75716e-014
2.679e-014
2.61505e-014
2.46584e-014
2.38768e-014
2.34504e-014
2.30241e-014
2.16741e-014
2.06793e-014
1.96846e-014
1.90451e-014
1.85477e-014
1.79793e-014
1.73398e-014
1.67713e-014
1.64871e-014
1.59187e-014
1.52081e-014
1.5066e-014
1.45687e-014
1.43555e-014
1.41423e-014
1.36449e-014
1.32897e-014
1.25081e-014
1.25081e-014
1.21528e-014
1.16554e-014
1.16554e-014
1.14423e-014
1.10159e-014
1.06607e-014
1.05896e-014
1.03764e-014
1.00212e-014
9.80801e-015
9.59485e-015
9.23958e-015
8.81325e-015
8.60009e-015
8.60009e-015
8.45798e-015
8.45798e-015
8.38693e-015
8.24482e-015
8.10271e-015
7.9606e-015
7.74744e-015
7.46322e-015
7.46322e-015
7.39217e-015
7.39217e-015
7.10795e-015
6.96584e-015
6.89479e-015
6.89479e-015
6.75268e-015
6.68163e-015
6.61057e-015
6.53952e-015
6.53952e-015
6.46846e-015
6.32635e-015
6.18425e-015
6.11319e-015
5.97108e-015
5.75792e-015
5.68687e-015
5.68687e-015
5.68687e-015
5.68687e-015
5.61581e-015
5.61581e-015
5.54476e-015
5.40265e-015
5.40265e-015
5.33159e-015
5.26054e-015
5.26054e-015
5.26054e-015
5.26054e-015
5.26054e-015
5.26054e-015
5.18949e-015
5.11843e-015
5.11843e-015
5.04738e-015
5.04738e-015
4.90527e-015
4.90527e-015
4.90527e-015
4.83421e-015
4.83421e-015
4.83421e-015
4.83421e-015
4.83421e-015
4.83421e-015
4.83421e-015
4.62105e-015
4.62105e-015
4.62105e-015
4.62105e-015
4.62105e-015
4.62105e-015
4.62105e-015
4.47894e-015
4.33683e-015
4.33683e-015
4.33683e-015
4.26578e-015
4.26578e-015
4.26578e-015
4.26578e-015
4.19473e-015
4.19473e-015
4.19473e-015
4.19473e-015
4.19473e-015
4.19473e-015
4.19473e-015
4.19473e-015
4.19473e-015
4.19473e-015
4.12367e-015
4.05262e-015
4.05262e-015
4.05262e-015
4.05262e-015
4.05262e-015
4.05262e-015
3.91051e-015
3.91051e-015
3.83945e-015
3.83945e-015
3.83945e-015
3.83945e-015
3.83945e-015
3.83945e-015
3.83945e-015
3.83945e-015
3.83945e-015
3.83945e-015
3.83945e-015
3.83945e-015
3.83945e-015
3.83945e-015
3.83945e-015
3.83945e-015
3.83945e-015
3.83945e-015
3.83945e-015
3.83945e-015
3.7684e-015
3.7684e-015
3.7684e-015
3.7684e-015
3.7684e-015
3.7684e-015
3.7684e-015
3.7684e-015
3.7684e-015
3.7684e-015
3.7684e-015
3.69735e-015
3.69735e-015
3.69735e-015
3.69735e-015
3.69735e-015
3.69735e-015
3.69735e-015
3.69735e-015
3.69735e-015
3.69735e-015
3.69735e-015
3.69735e-015
3.69735e-015
3.69735e-015
3.69735e-015
3.69735e-015
3.69735e-015
3.69735e-015
3.69735e-015
3.69735e-015
3.69735e-015
3.69735e-015
3.69735e-015
3.69735e-015
3.69735e-015
3.69735e-015
3.69735e-015
3.69735e-015
3.69735e-015
3.69735e-015
3.69735e-015
3.69735e-015
3.69735e-015
3.69735e-015
3.69735e-015
3.69735e-015
3.69735e-015
3.69735e-015
3.69735e-015
3.69735e-015
3.69735e-015
3.69735e-015
3.69735e-015
3.69735e-015
3.69735e-015
3.69735e-015
3.69735e-015
3.69735e-015
3.69735e-015
3.69735e-015
3.69735e-015
3.69735e-015
3.69735e-015
3.69735e-015
3.69735e-015
3.69735e-015
3.69735e-015
3.69735e-015
3.69735e-015
3.69735e-015
3.69735e-015
3.69735e-015
3.69735e-015
3.69735e-015
3.69735e-015
3.69735e-015
3.69735e-015
3.69735e-015
3.69735e-015
3.69735e-015
3.69735e-015
3.69735e-015
3.69735e-015
3.69735e-015
3.69735e-015
3.69735e-015
3.69735e-015
3.69735e-015
3.69735e-015
3.69735e-015
3.69735e-015
3.69735e-015
3.69735e-015
3.69735e-015
3.69735e-015
3.69735e-015
3.69735e-015
3.69735e-015
3.69735e-015
3.69735e-015
3.69735e-015
3.69735e-015
3.69735e-015
3.69735e-015
3.69735e-015
3.69735e-015
3.69735e-015
3.69735e-015
3.69735e-015
3.69735e-015
3.69735e-015
3.69735e-015
3.69735e-015
3.69735e-015
3.69735e-015
3.69735e-015
3.69735e-015
3.69735e-015
3.69735e-015
3.69735e-015
3.69735e-015
3.69735e-015
3.69735e-015
3.69735e-015
3.69735e-015
3.69735e-015
3.69735e-015
3.69735e-015
3.69735e-015
3.69735e-015
3.69735e-015
3.69735e-015
3.69735e-015
3.69735e-015
3.69735e-015
3.69735e-015
3.69735e-015
3.69735e-015
3.69735e-015
3.69735e-015
3.69735e-015
3.69735e-015
3.69735e-015
3.69735e-015
3.69735e-015
3.69735e-015
3.69735e-015
3.69735e-015
3.69735e-015
3.69735e-015
3.69735e-015
3.69735e-015
3.69735e-015
3.69735e-015
3.69735e-015
3.69735e-015
3.69735e-015
3.69735e-015
3.69735e-015
3.69735e-015
3.69735e-015
3.69735e-015
3.69735e-015
3.69735e-015
3.69735e-015
3.69735e-015
3.69735e-015
3.69735e-015
3.69735e-015
3.69735e-015
3.69735e-015
3.69735e-015
3.69735e-015
3.69735e-015
3.69735e-015
3.69735e-015
3.69735e-015
3.69735e-015
3.69735e-015
3.69735e-015
3.69735e-015
3.69735e-015
3.69735e-015
3.69735e-015
3.69735e-015
3.69735e-015
3.69735e-015
3.69735e-015
3.69735e-015
3.69735e-015
3.69735e-015
3.69735e-015
3.69735e-015
3.69735e-015
3.69735e-015
3.69735e-015
3.69735e-015
3.69735e-015
3.69735e-015
3.69735e-015
3.69735e-015
3.69735e-015
3.69735e-015
3.69735e-015
3.69735e-015
3.69735e-015
3.69735e-015
3.69735e-015
3.69735e-015
3.69735e-015
3.69735e-015
3.69735e-015
3.69735e-015
3.69735e-015
3.69735e-015
3.69735e-015
3.69735e-015
3.69735e-015
3.69735e-015
3.69735e-015
3.69735e-015
3.69735e-015
3.69735e-015
3.69735e-015
3.69735e-015
3.69735e-015
3.69735e-015
3.69735e-015
3.69735e-015
3.69735e-015
3.69735e-015
3.69735e-015
3.69735e-015
3.69735e-015
3.69735e-015
3.69735e-015
3.69735e-015
3.69735e-015
3.69735e-015
3.69735e-015
3.69735e-015
3.69735e-015
3.69735e-015
3.69735e-015
3.69735e-015
3.69735e-015
3.69735e-015
3.69735e-015
3.69735e-015
3.69735e-015
3.69735e-015
3.69735e-015
3.69735e-015
3.69735e-015
3.69735e-015
3.69735e-015
3.69735e-015
3.69735e-015
3.69735e-015
3.69735e-015
3.69735e-015
3.69735e-015
3.69735e-015
3.69735e-015
3.69735e-015
3.69735e-015
3.69735e-015
3.69735e-015
3.69735e-015
3.69735e-015
3.69735e-015
3.69735e-015
3.69735e-015
3.69735e-015
3.69735e-015
3.69735e-015
3.69735e-015
3.69735e-015
3.69735e-015
3.69735e-015
3.69735e-015
3.69735e-015
3.69735e-015
3.69735e-015
3.69735e-015
3.69735e-015
3.69735e-015
3.69735e-015
3.69735e-015
3.69735e-015
3.69735e-015
3.69735e-015
3.69735e-015
3.69735e-015
3.69735e-015
3.69735e-015
3.69735e-015
3.69735e-015
3.69735e-015
3.69735e-015
3.69735e-015
3.69735e-015
3.69735e-015
3.69735e-015
3.69735e-015
3.69735e-015
3.69735e-015
3.69735e-015
3.69735e-015
3.69735e-015
3.69735e-015
3.69735e-015
3.69735e-015
3.69735e-015
3.69735e-015
3.69735e-015
3.69735e-015
3.69735e-015
3.69735e-015
3.69735e-015
3.69735e-015
3.69735e-015
3.69735e-015
3.69735e-015
3.69735e-015
3.69735e-015
3.69735e-015
3.69735e-015
3.69735e-015
3.69735e-015
3.69735e-015
3.69735e-015
3.69735e-015
3.69735e-015
3.69735e-015
3.69735e-015
3.69735e-015
3.69735e-015
3.69735e-015
3.69735e-015
3.69735e-015
3.69735e-015
3.69735e-015
3.69735e-015
3.69735e-015
3.69735e-015
3.69735e-015
3.69735e-015
3.69735e-015
3.69735e-015
3.69735e-015
3.69735e-015
3.69735e-015
3.69735e-015
3.69735e-015
3.69735e-015
3.69735e-015
3.69735e-015
3.69735e-015
3.69735e-015
3.69735e-015
3.69735e-015
3.69735e-015
3.69735e-015
3.69735e-015
3.69735e-015
3.69735e-015
3.69735e-015
3.69735e-015
3.69735e-015
3.69735e-015
3.69735e-015
3.69735e-015
3.69735e-015
3.69735e-015
3.69735e-015
3.69735e-015
3.69735e-015
3.69735e-015
3.69735e-015
3.69735e-015
3.69735e-015
3.69735e-015
3.69735e-015
3.69735e-015
3.69735e-015
3.69735e-015
3.69735e-015
3.69735e-015
3.69735e-015
3.69735e-015
3.69735e-015
3.69735e-015
3.69735e-015
3.69735e-015
3.69735e-015
3.69735e-015
3.69735e-015
3.69735e-015
3.69735e-015
3.69735e-015
3.69735e-015
3.69735e-015
3.69735e-015
3.69735e-015
3.69735e-015
3.69735e-015
3.69735e-015
3.69735e-015
3.69735e-015
3.69735e-015
3.69735e-015
3.69735e-015
3.69735e-015
3.69735e-015
3.69735e-015
3.69735e-015
3.69735e-015
3.69735e-015
3.69735e-015
3.69735e-015
3.69735e-015
3.69735e-015
3.69735e-015
3.69735e-015
3.69735e-015
3.69735e-015
3.69735e-015
3.69735e-015
3.69735e-015
3.69735e-015
3.69735e-015
3.69735e-015
3.69735e-015
3.69735e-015
3.69735e-015
3.69735e-015
3.69735e-015
3.69735e-015
3.69735e-015
3.69735e-015
3.69735e-015
3.69735e-015
3.69735e-015
3.69735e-015
3.69735e-015
3.69735e-015
3.69735e-015
3.69735e-015
3.69735e-015
3.69735e-015
3.69735e-015
3.69735e-015
3.69735e-015
3.69735e-015
3.69735e-015
3.69735e-015
3.69735e-015
3.69735e-015
3.69735e-015
3.69735e-015
3.69735e-015
3.69735e-015
3.69735e-015
3.69735e-015
3.69735e-015
3.69735e-015
3.69735e-015
3.69735e-015
3.69735e-015
3.69735e-015
3.69735e-015
3.69735e-015
3.69735e-015
3.69735e-015
3.69735e-015
3.69735e-015
3.69735e-015
3.69735e-015
3.69735e-015
3.69735e-015
3.69735e-015
3.69735e-015
3.69735e-015
3.69735e-015
3.69735e-015
3.69735e-015
3.69735e-015
3.69735e-015
3.69735e-015
3.69735e-015
3.69735e-015
3.69735e-015
3.69735e-015
3.69735e-015
3.69735e-015
3.69735e-015
3.69735e-015
3.69735e-015
3.69735e-015
3.69735e-015
3.69735e-015
3.69735e-015
3.69735e-015
3.69735e-015
3.69735e-015
3.69735e-015
3.69735e-015
3.69735e-015
3.69735e-015
3.69735e-015
3.69735e-015
3.69735e-015
3.69735e-015
3.69735e-015
3.69735e-015
3.69735e-015
3.69735e-015
3.69735e-015
3.69735e-015
3.69735e-015
3.69735e-015
3.69735e-015
3.69735e-015
3.69735e-015
3.69735e-015
3.69735e-015
3.69735e-015
3.69735e-015
3.69735e-015
3.69735e-015
3.69735e-015
3.69735e-015
3.69735e-015
3.69735e-015
3.69735e-015
3.69735e-015
3.69735e-015
3.69735e-015
3.69735e-015
3.69735e-015
3.69735e-015
3.69735e-015
3.69735e-015
3.69735e-015
3.69735e-015
3.69735e-015
3.69735e-015
3.69735e-015
3.69735e-015
3.69735e-015
3.69735e-015
3.69735e-015
3.69735e-015
3.69735e-015
3.69735e-015
3.69735e-015
3.69735e-015
3.69735e-015
3.69735e-015
3.69735e-015
3.69735e-015
3.69735e-015
3.69735e-015
3.69735e-015
3.69735e-015
3.69735e-015
3.69735e-015
3.69735e-015
3.69735e-015
3.69735e-015
3.69735e-015
3.69735e-015
3.69735e-015
3.69735e-015
3.69735e-015
3.69735e-015
3.69735e-015
3.69735e-015
3.69735e-015
3.69735e-015
3.69735e-015
3.69735e-015
3.69735e-015
3.69735e-015
3.69735e-015
3.69735e-015
3.69735e-015
3.69735e-015
3.69735e-015
3.69735e-015
3.69735e-015
3.69735e-015
3.69735e-015
3.69735e-015
3.69735e-015
3.69735e-015
3.69735e-015
3.69735e-015
3.69735e-015
3.69735e-015
3.69735e-015
3.69735e-015
3.69735e-015
3.69735e-015
3.69735e-015
3.69735e-015
3.69735e-015
3.69735e-015
3.69735e-015
3.69735e-015
3.69735e-015
3.69735e-015
3.69735e-015
3.69735e-015
3.69735e-015
3.69735e-015
3.69735e-015
3.69735e-015
3.69735e-015
3.69735e-015
3.69735e-015
3.69735e-015
3.69735e-015
3.69735e-015
3.69735e-015
3.69735e-015
3.69735e-015
3.69735e-015
3.69735e-015
3.69735e-015
3.69735e-015
3.69735e-015
3.69735e-015
3.69735e-015
3.69735e-015
3.69735e-015
3.69735e-015
3.69735e-015
3.69735e-015
3.69735e-015
3.69735e-015
3.69735e-015
3.69735e-015
3.69735e-015
3.69735e-015
3.69735e-015
3.69735e-015
3.69735e-015
3.69735e-015
3.69735e-015
3.69735e-015
3.69735e-015
3.69735e-015
3.69735e-015
3.69735e-015
3.69735e-015
3.69735e-015
3.69735e-015
3.69735e-015
3.69735e-015
3.69735e-015
3.69735e-015
3.69735e-015
3.69735e-015
3.69735e-015
3.69735e-015
3.69735e-015
3.69735e-015
3.69735e-015
3.69735e-015
3.69735e-015
3.69735e-015
3.69735e-015
3.69735e-015
3.69735e-015
3.69735e-015
3.69735e-015
3.69735e-015
3.69735e-015
3.69735e-015
3.69735e-015
3.69735e-015
3.69735e-015
3.69735e-015
3.69735e-015
3.69735e-015
3.69735e-015
3.69735e-015
3.69735e-015
3.69735e-015
3.69735e-015
3.69735e-015
3.69735e-015
3.69735e-015
3.69735e-015
3.69735e-015
3.69735e-015
3.69735e-015
3.69735e-015
3.69735e-015
3.69735e-015
3.69735e-015
3.69735e-015
3.69735e-015
3.69735e-015
3.69735e-015
3.69735e-015
3.69735e-015
3.69735e-015
3.69735e-015
3.69735e-015
3.69735e-015
3.69735e-015
3.69735e-015
3.69735e-015
3.69735e-015
3.69735e-015
3.69735e-015
3.69735e-015
3.69735e-015
3.69735e-015
3.69735e-015
3.69735e-015
3.69735e-015
3.69735e-015
3.69735e-015
3.69735e-015
3.69735e-015
3.69735e-015
3.69735e-015
3.69735e-015
3.69735e-015
3.69735e-015
3.69735e-015
3.69735e-015
3.69735e-015
3.69735e-015
3.69735e-015
3.69735e-015
3.69735e-015
3.69735e-015
3.69735e-015
3.69735e-015
3.69735e-015
3.69735e-015
3.69735e-015
3.69735e-015
3.69735e-015
3.69735e-015
3.69735e-015
3.69735e-015
3.69735e-015
3.69735e-015
3.69735e-015
3.69735e-015
3.69735e-015
3.69735e-015
3.69735e-015
3.69735e-015
3.69735e-015
3.69735e-015
3.69735e-015
3.69735e-015
3.69735e-015
3.69735e-015
3.69735e-015
3.69735e-015
3.69735e-015
3.69735e-015
3.69735e-015
3.69735e-015
3.69735e-015
3.69735e-015
3.69735e-015
3.69735e-015
3.69735e-015
3.69735e-015
3.69735e-015
3.69735e-015
3.69735e-015
3.69735e-015
3.69735e-015
3.69735e-015
3.69735e-015
3.69735e-015
3.69735e-015
3.69735e-015
3.69735e-015
3.69735e-015
3.69735e-015
3.69735e-015
3.69735e-015
3.69735e-015
3.69735e-015
3.69735e-015
3.69735e-015
3.69735e-015
3.69735e-015
3.69735e-015
3.69735e-015
3.69735e-015
3.69735e-015
3.69735e-015
3.69735e-015
3.69735e-015
3.69735e-015
3.69735e-015
3.69735e-015
3.69735e-015
3.69735e-015
3.69735e-015
3.69735e-015
3.69735e-015
3.69735e-015
3.69735e-015
3.69735e-015
3.69735e-015
3.69735e-015
3.69735e-015
3.69735e-015
3.69735e-015
3.69735e-015
3.69735e-015
3.69735e-015
3.69735e-015
3.69735e-015
3.69735e-015
3.69735e-015
3.69735e-015
3.69735e-015
3.69735e-015
3.69735e-015
3.69735e-015
3.69735e-015
3.69735e-015
3.69735e-015
3.69735e-015
3.69735e-015
3.69735e-015
3.69735e-015
3.69735e-015
3.69735e-015
3.69735e-015
3.69735e-015
3.69735e-015
3.69735e-015
3.69735e-015
3.69735e-015
3.69735e-015
3.69735e-015
3.69735e-015
3.69735e-015
3.69735e-015
3.69735e-015
3.69735e-015
3.69735e-015
3.69735e-015
3.69735e-015
3.69735e-015
3.69735e-015
3.69735e-015
3.69735e-015
3.69735e-015
3.69735e-015
3.69735e-015
3.69735e-015
3.69735e-015
3.69735e-015
3.69735e-015
3.69735e-015
3.69735e-015
3.69735e-015
3.69735e-015
3.69735e-015
3.69735e-015
3.69735e-015
3.69735e-015
3.69735e-015
3.69735e-015
3.69735e-015
3.69735e-015
3.69735e-015
3.69735e-015
3.69735e-015
3.69735e-015
3.69735e-015
3.69735e-015
3.69735e-015
3.69735e-015
3.69735e-015
3.69735e-015
3.69735e-015
3.69735e-015
3.69735e-015
3.69735e-015
3.69735e-015
3.69735e-015
3.69735e-015
3.69735e-015
3.69735e-015
3.69735e-015
3.69735e-015
3.69735e-015
3.69735e-015
3.69735e-015
3.69735e-015
3.69735e-015
3.69735e-015
3.69735e-015
3.69735e-015
3.69735e-015
3.69735e-015
3.69735e-015
3.69735e-015
3.69735e-015
3.69735e-015
3.69735e-015
3.69735e-015
3.69735e-015
3.69735e-015
3.69735e-015
3.69735e-015
3.69735e-015
3.69735e-015
3.69735e-015
3.69735e-015
3.69735e-015
3.69735e-015
3.69735e-015
3.69735e-015
3.69735e-015
3.69735e-015
3.69735e-015
3.69735e-015
3.69735e-015
3.69735e-015
3.69735e-015
3.69735e-015
3.69735e-015
3.69735e-015
3.69735e-015
3.69735e-015
3.69735e-015
3.69735e-015
3.69735e-015
3.69735e-015
3.69735e-015
3.69735e-015
3.69735e-015
3.69735e-015
3.69735e-015
3.69735e-015
3.69735e-015
3.69735e-015
3.69735e-015
3.69735e-015
3.69735e-015
3.69735e-015
3.69735e-015
3.69735e-015
3.69735e-015
3.69735e-015
3.69735e-015
3.69735e-015
3.69735e-015
3.69735e-015
3.69735e-015
3.69735e-015
3.69735e-015
3.69735e-015
3.69735e-015
3.69735e-015
3.69735e-015
3.69735e-015
3.69735e-015
3.69735e-015
3.69735e-015
3.69735e-015
3.69735e-015
3.69735e-015
3.69735e-015
3.69735e-015
3.69735e-015
3.69735e-015
3.69735e-015
3.69735e-015
3.69735e-015
3.69735e-015
3.69735e-015
3.69735e-015
3.69735e-015
3.69735e-015
3.69735e-015
3.69735e-015
3.69735e-015
3.69735e-015
3.69735e-015
3.69735e-015
3.69735e-015
3.69735e-015
3.69735e-015
3.69735e-015
3.69735e-015
3.69735e-015
3.69735e-015
3.69735e-015
3.69735e-015
3.69735e-015
3.69735e-015
3.69735e-015
3.69735e-015
3.69735e-015
3.69735e-015
3.69735e-015
3.69735e-015
3.69735e-015
3.69735e-015
3.69735e-015
3.69735e-015
3.69735e-015
3.69735e-015
3.69735e-015
3.69735e-015
3.69735e-015
3.69735e-015
3.69735e-015
3.69735e-015
3.69735e-015
3.69735e-015
3.69735e-015
3.69735e-015
3.69735e-015
3.69735e-015
3.69735e-015
3.69735e-015
3.69735e-015
3.69735e-015
3.69735e-015
3.69735e-015
3.69735e-015
3.69735e-015
3.69735e-015
3.69735e-015
3.69735e-015
3.69735e-015
3.69735e-015
3.69735e-015
3.69735e-015
3.69735e-015
3.69735e-015
3.69735e-015
3.69735e-015
3.69735e-015
3.69735e-015
3.69735e-015
3.69735e-015
3.69735e-015
3.69735e-015
3.69735e-015
3.69735e-015
3.69735e-015
3.69735e-015
3.69735e-015
3.69735e-015
3.69735e-015
3.69735e-015
3.69735e-015
3.69735e-015
3.69735e-015
3.69735e-015
3.69735e-015
3.69735e-015
3.69735e-015
3.69735e-015
3.69735e-015
3.69735e-015
3.69735e-015
3.69735e-015
3.69735e-015
3.69735e-015
3.69735e-015
3.69735e-015
3.69735e-015
3.69735e-015
3.69735e-015
3.69735e-015
3.69735e-015
3.69735e-015
3.69735e-015
3.69735e-015
3.69735e-015
3.69735e-015
3.69735e-015
3.69735e-015
3.69735e-015
3.69735e-015
3.69735e-015
3.69735e-015
3.69735e-015
3.69735e-015
3.69735e-015
3.69735e-015
3.69735e-015
3.69735e-015
3.69735e-015
3.69735e-015
3.69735e-015
3.69735e-015
3.69735e-015
3.69735e-015
3.69735e-015
3.69735e-015
3.69735e-015
3.69735e-015
3.69735e-015
3.69735e-015
3.69735e-015
3.69735e-015
3.69735e-015
3.69735e-015
3.69735e-015
