956.56
48704.4
48704.4
48704.4
48704.4
48704.4
48704.4
48704.4
48704.4
48704.4
48704.4
48704.4
48704.4
48704.4
48704.4
48704.4
48704.4
48704.4
48704.4
48704.4
48704.4
48704.4
48704.4
48704.4
48704.4
48704.4
48704.4
48704.4
48704.4
48704.4
48704.4
42299.6
42299.6
42299.6
42299.6
42299.6
42299.6
42299.6
42299.6
42299.6
42299.6
42299.6
42299.6
42299.6
42299.6
42299.6
42299.6
42299.6
42299.6
42299.6
42299.6
42299.6
42299.6
42299.6
42299.6
42299.6
42299.6
42299.6
42299.6
42299.6
42299.6
38543.4
38543.4
38543.4
38543.4
38543.4
38543.4
38543.4
38543.4
38543.4
38543.4
38543.4
38543.4
38543.4
38543.4
38543.4
38543.4
38543.4
38543.4
38543.4
38543.4
38543.4
38543.4
38543.4
38543.4
38543.4
38543.4
38543.4
38543.4
38543.4
38543.4
32764.6
32764.6
32764.6
32764.6
32764.6
32764.6
32764.6
32764.6
32764.6
32764.6
32764.6
32764.6
32764.6
32764.6
32764.6
32764.6
32764.6
32764.6
32764.6
32764.6
32764.6
32764.6
32764.6
32764.6
32764.6
32764.6
32764.6
32764.6
32764.6
32764.6
28163.7
28163.7
28163.7
28163.7
28163.7
28163.7
28163.7
28163.7
28163.7
28163.7
28163.7
28163.7
28163.7
28163.7
28163.7
28163.7
28163.7
28163.7
28163.7
28163.7
28163.7
28163.7
28163.7
28163.7
28163.7
28163.7
28163.7
28163.7
28163.7
28163.7
25583.9
25583.9
25583.9
25583.9
25583.9
25583.9
25583.9
25583.9
25583.9
25583.9
25583.9
25583.9
25583.9
25583.9
25583.9
25583.9
25583.9
25583.9
25583.9
25583.9
25583.9
25583.9
25583.9
25583.9
25583.9
25583.9
25583.9
25583.9
25583.9
25583.9
23112.4
23112.4
23112.4
23112.4
23112.4
23112.4
23112.4
23112.4
23112.4
23112.4
23112.4
23112.4
23112.4
23112.4
23112.4
23112.4
23112.4
23112.4
23112.4
23112.4
23112.4
23112.4
23112.4
23112.4
23112.4
23112.4
23112.4
23112.4
23112.4
23112.4
21409.9
21409.9
21409.9
21409.9
21409.9
21409.9
21409.9
21409.9
21409.9
21409.9
21409.9
21409.9
21409.9
21409.9
21409.9
21409.9
21409.9
21409.9
21409.9
21409.9
21409.9
21409.9
21409.9
21409.9
21409.9
21409.9
21409.9
21409.9
21409.9
21409.9
19216.7
19216.7
19216.7
19216.7
19216.7
19216.7
19216.7
19216.7
19216.7
19216.7
19216.7
19216.7
19216.7
19216.7
19216.7
19216.7
19216.7
19216.7
19216.7
19216.7
19216.7
19216.7
19216.7
19216.7
19216.7
19216.7
19216.7
19216.7
19216.7
19216.7
17473.5
17473.5
17473.5
17473.5
17473.5
17473.5
17473.5
17473.5
17473.5
17473.5
17473.5
17473.5
17473.5
17473.5
17473.5
17473.5
17473.5
17473.5
17473.5
17473.5
17473.5
17473.5
17473.5
17473.5
17473.5
17473.5
17473.5
17473.5
17473.5
17473.5
15635.6
15635.6
15635.6
15635.6
15635.6
15635.6
15635.6
15635.6
15635.6
15635.6
15635.6
15635.6
15635.6
15635.6
15635.6
15635.6
15635.6
15635.6
15635.6
15635.6
15635.6
15635.6
15635.6
15635.6
15635.6
15635.6
15635.6
15635.6
15635.6
15635.6
13968
13968
13968
13968
13968
13968
13968
13968
13968
13968
13968
13968
13968
13968
13968
13968
13968
13968
13968
13968
13968
13968
13968
13968
13968
13968
13968
13968
13968
13968
12477.6
12477.6
12477.6
12477.6
12477.6
12477.6
12477.6
12477.6
12477.6
12477.6
12477.6
12477.6
12477.6
12477.6
12477.6
12477.6
12477.6
12477.6
12477.6
12477.6
12477.6
12477.6
12477.6
12477.6
12477.6
12477.6
12477.6
12477.6
12477.6
12477.6
11630.4
11630.4
11630.4
11630.4
11630.4
11630.4
11630.4
11630.4
11630.4
11630.4
11630.4
11630.4
11630.4
11630.4
11630.4
11630.4
11630.4
11630.4
11630.4
11630.4
11630.4
11630.4
11630.4
11630.4
11630.4
11630.4
11630.4
11630.4
11630.4
11630.4
10418.9
10418.9
10418.9
10418.9
10418.9
10418.9
10418.9
10418.9
10418.9
10418.9
10418.9
10418.9
10418.9
10418.9
10418.9
10418.9
10418.9
10418.9
10418.9
10418.9
10418.9
10418.9
10418.9
10418.9
10418.9
10418.9
10418.9
10418.9
10418.9
10418.9
9493.42
9493.42
9493.42
9493.42
9493.42
9493.42
9493.42
9493.42
9493.42
9493.42
9493.42
9493.42
9493.42
9493.42
9493.42
9493.42
9493.42
9493.42
9493.42
9493.42
9493.42
9493.42
9493.42
9493.42
9493.42
9493.42
9493.42
9493.42
9493.42
9493.42
8433.12
8433.12
8433.12
8433.12
8433.12
8433.12
8433.12
8433.12
8433.12
8433.12
8433.12
8433.12
8433.12
8433.12
8433.12
8433.12
8433.12
8433.12
8433.12
8433.12
8433.12
8433.12
8433.12
8433.12
8433.12
8433.12
8433.12
8433.12
8433.12
8433.12
7797.9
7797.9
7797.9
7797.9
7797.9
7797.9
7797.9
7797.9
7797.9
7797.9
7797.9
7797.9
7797.9
7797.9
7797.9
7797.9
7797.9
7797.9
7797.9
7797.9
7797.9
7797.9
7797.9
7797.9
7797.9
7797.9
7797.9
7797.9
7797.9
7797.9
7123.22
7123.22
7123.22
7123.22
7123.22
7123.22
7123.22
7123.22
7123.22
7123.22
7123.22
7123.22
7123.22
7123.22
7123.22
7123.22
7123.22
7123.22
7123.22
7123.22
7123.22
7123.22
7123.22
7123.22
7123.22
7123.22
7123.22
7123.22
7123.22
7123.22
6616.22
6616.22
6616.22
6616.22
6616.22
6616.22
6616.22
6616.22
6616.22
6616.22
6616.22
6616.22
6616.22
6616.22
6616.22
6616.22
6616.22
6616.22
6616.22
6616.22
6616.22
6616.22
6616.22
6616.22
6616.22
6616.22
6616.22
6616.22
6616.22
6616.22
6170.84
6170.84
6170.84
6170.84
6170.84
6170.84
6170.84
6170.84
6170.84
6170.84
6170.84
6170.84
6170.84
6170.84
6170.84
6170.84
6170.84
6170.84
6170.84
6170.84
6170.84
6170.84
6170.84
6170.84
6170.84
6170.84
6170.84
6170.84
6170.84
6170.84
5659.1
5659.1
5659.1
5659.1
5659.1
5659.1
5659.1
5659.1
5659.1
5659.1
5659.1
5659.1
5659.1
5659.1
5659.1
5659.1
5659.1
5659.1
5659.1
5659.1
5659.1
5659.1
5659.1
5659.1
5659.1
5659.1
5659.1
5659.1
5659.1
5659.1
5124
5124
5124
5124
5124
5124
5124
5124
5124
5124
5124
5124
5124
5124
5124
5124
5124
5124
5124
5124
5124
5124
5124
5124
5124
5124
5124
5124
5124
5124
4593.58
4593.58
4593.58
4593.58
4593.58
4593.58
4593.58
4593.58
4593.58
4593.58
4593.58
4593.58
4593.58
4593.58
4593.58
4593.58
4593.58
4593.58
4593.58
4593.58
4593.58
4593.58
4593.58
4593.58
4593.58
4593.58
4593.58
4593.58
4593.58
4593.58
4189.54
4189.54
4189.54
4189.54
4189.54
4189.54
4189.54
4189.54
4189.54
4189.54
4189.54
4189.54
4189.54
4189.54
4189.54
4189.54
4189.54
4189.54
4189.54
4189.54
4189.54
4189.54
4189.54
4189.54
4189.54
4189.54
4189.54
4189.54
4189.54
4189.54
3881.34
3881.34
3881.34
3881.34
3881.34
3881.34
3881.34
3881.34
3881.34
3881.34
3881.34
3881.34
3881.34
3881.34
3881.34
3881.34
3881.34
3881.34
3881.34
3881.34
3881.34
3881.34
3881.34
3881.34
3881.34
3881.34
3881.34
3881.34
3881.34
3881.34
3490.94
3490.94
3490.94
3490.94
3490.94
3490.94
3490.94
3490.94
3490.94
3490.94
3490.94
3490.94
3490.94
3490.94
3490.94
3490.94
3490.94
3490.94
3490.94
3490.94
3490.94
3490.94
3490.94
3490.94
3490.94
3490.94
3490.94
3490.94
3490.94
3490.94
3179.66
3179.66
3179.66
3179.66
3179.66
3179.66
3179.66
3179.66
3179.66
3179.66
3179.66
3179.66
3179.66
3179.66
3179.66
3179.66
3179.66
3179.66
3179.66
3179.66
3179.66
3179.66
3179.66
3179.66
3179.66
3179.66
3179.66
3179.66
3179.66
3179.66
2984.98
2984.98
2984.98
2984.98
2984.98
2984.98
2984.98
2984.98
2984.98
2984.98
2984.98
2984.98
2984.98
2984.98
2984.98
2984.98
2984.98
2984.98
2984.98
2984.98
2984.98
2984.98
2984.98
2984.98
2984.98
2984.98
2984.98
2984.98
2984.98
2984.98
2721.56
2721.56
2721.56
2721.56
2721.56
2721.56
2721.56
2721.56
2721.56
2721.56
2721.56
2721.56
2721.56
2721.56
2721.56
2721.56
2721.56
2721.56
2721.56
2721.56
2721.56
2721.56
2721.56
2721.56
2721.56
2721.56
2721.56
2721.56
2721.56
2721.56
2461
2461
2461
2461
2461
2461
2461
2461
2461
2461
2461
2461
2461
2461
2461
2461
2461
2461
2461
2461
2461
2461
2461
2461
2461
2461
2461
2461
2461
2461
2288.62
2288.62
2288.62
2288.62
2288.62
2288.62
2288.62
2288.62
2288.62
2288.62
2288.62
2288.62
2288.62
2288.62
2288.62
2288.62
2288.62
2288.62
2288.62
2288.62
2288.62
2288.62
2288.62
2288.62
2288.62
2288.62
2288.62
2288.62
2288.62
2288.62
2061.58
2061.58
2061.58
2061.58
2061.58
2061.58
2061.58
2061.58
2061.58
2061.58
2061.58
2061.58
2061.58
2061.58
2061.58
2061.58
2061.58
2061.58
2061.58
2061.58
2061.58
2061.58
2061.58
2061.58
2061.58
2061.58
2061.58
2061.58
2061.58
2061.58
1880.8
1880.8
1880.8
1880.8
1880.8
1880.8
1880.8
1880.8
1880.8
1880.8
1880.8
1880.8
1880.8
1880.8
1880.8
1880.8
1880.8
1880.8
1880.8
1880.8
1880.8
1880.8
1880.8
1880.8
1880.8
1880.8
1880.8
1880.8
1880.8
1880.8
1710.36
1710.36
1710.36
1710.36
1710.36
1710.36
1710.36
1710.36
1710.36
1710.36
1710.36
1710.36
1710.36
1710.36
1710.36
1710.36
1710.36
1710.36
1710.36
1710.36
1710.36
1710.36
1710.36
1710.36
1710.36
1710.36
1710.36
1710.36
1710.36
1710.36
1611.92
1611.92
1611.92
1611.92
1611.92
1611.92
1611.92
1611.92
1611.92
1611.92
1611.92
1611.92
1611.92
1611.92
1611.92
1611.92
1611.92
1611.92
1611.92
1611.92
1611.92
1611.92
1611.92
1611.92
1611.92
1611.92
1611.92
1611.92
1611.92
1611.92
1469.32
1469.32
1469.32
1469.32
1469.32
1469.32
1469.32
1469.32
1469.32
1469.32
1469.32
1469.32
1469.32
1469.32
1469.32
1469.32
1469.32
1469.32
1469.32
1469.32
1469.32
1469.32
1469.32
1469.32
1469.32
1469.32
1469.32
1469.32
1469.32
1469.32
1339.62
1339.62
1339.62
1339.62
1339.62
1339.62
1339.62
1339.62
1339.62
1339.62
1339.62
1339.62
1339.62
1339.62
1339.62
1339.62
1339.62
1339.62
1339.62
1339.62
1339.62
1339.62
1339.62
1339.62
1339.62
1339.62
1339.62
1339.62
1339.62
1339.62
1224.48
1224.48
1224.48
1224.48
1224.48
1224.48
1224.48
1224.48
1224.48
1224.48
1224.48
1224.48
1224.48
1224.48
1224.48
1224.48
1224.48
1224.48
1224.48
1224.48
1224.48
1224.48
1224.48
1224.48
1224.48
1224.48
1224.48
1224.48
1224.48
1224.48
1131.3
1131.3
1131.3
1131.3
1131.3
1131.3
1131.3
1131.3
1131.3
1131.3
1131.3
1131.3
1131.3
1131.3
1131.3
1131.3
1131.3
1131.3
1131.3
1131.3
1131.3
1131.3
1131.3
1131.3
1131.3
1131.3
1131.3
1131.3
1131.3
1131.3
1021.88
1021.88
1021.88
1021.88
1021.88
1021.88
1021.88
1021.88
1021.88
1021.88
1021.88
1021.88
1021.88
1021.88
1021.88
1021.88
1021.88
1021.88
1021.88
1021.88
1021.88
1021.88
1021.88
1021.88
1021.88
1021.88
1021.88
1021.88
1021.88
1021.88
947.76
947.76
947.76
947.76
947.76
947.76
947.76
947.76
947.76
947.76
947.76
947.76
947.76
947.76
947.76
947.76
947.76
947.76
947.76
947.76
947.76
947.76
947.76
947.76
947.76
947.76
947.76
947.76
947.76
947.76
877.44
877.44
877.44
877.44
877.44
877.44
877.44
877.44
877.44
877.44
877.44
877.44
877.44
877.44
877.44
877.44
877.44
877.44
877.44
877.44
877.44
877.44
877.44
877.44
877.44
877.44
877.44
877.44
877.44
877.44
810.12
810.12
810.12
810.12
810.12
810.12
810.12
810.12
810.12
810.12
810.12
810.12
810.12
810.12
810.12
810.12
810.12
810.12
810.12
810.12
810.12
810.12
810.12
810.12
810.12
810.12
810.12
810.12
810.12
810.12
738.76
738.76
738.76
738.76
738.76
738.76
738.76
738.76
738.76
738.76
738.76
738.76
738.76
738.76
738.76
738.76
738.76
738.76
738.76
738.76
738.76
738.76
738.76
738.76
738.76
738.76
738.76
738.76
738.76
738.76
686.32
686.32
686.32
686.32
686.32
686.32
686.32
686.32
686.32
686.32
686.32
686.32
686.32
686.32
686.32
686.32
686.32
686.32
686.32
686.32
686.32
686.32
686.32
686.32
686.32
686.32
686.32
686.32
686.32
686.32
629.88
629.88
629.88
629.88
629.88
629.88
629.88
629.88
629.88
629.88
629.88
629.88
629.88
629.88
629.88
629.88
629.88
629.88
629.88
629.88
629.88
629.88
629.88
629.88
629.88
629.88
629.88
629.88
629.88
629.88
593.08
593.08
593.08
593.08
593.08
593.08
593.08
593.08
593.08
593.08
593.08
593.08
593.08
593.08
593.08
593.08
593.08
593.08
593.08
593.08
593.08
593.08
593.08
593.08
593.08
593.08
593.08
593.08
593.08
593.08
542.3
542.3
542.3
542.3
542.3
542.3
542.3
542.3
542.3
542.3
542.3
542.3
542.3
542.3
542.3
542.3
542.3
542.3
542.3
542.3
542.3
542.3
542.3
542.3
542.3
542.3
542.3
542.3
542.3
542.3
500.7
500.7
500.7
500.7
500.7
500.7
500.7
500.7
500.7
500.7
500.7
500.7
500.7
500.7
500.7
500.7
500.7
500.7
500.7
500.7
500.7
500.7
500.7
500.7
500.7
500.7
500.7
500.7
500.7
500.7
452.58
452.58
452.58
452.58
452.58
452.58
452.58
452.58
452.58
452.58
452.58
452.58
452.58
452.58
452.58
452.58
452.58
452.58
452.58
452.58
452.58
452.58
452.58
452.58
452.58
452.58
452.58
452.58
452.58
452.58
425.08
425.08
425.08
425.08
425.08
425.08
425.08
425.08
425.08
425.08
425.08
425.08
425.08
425.08
425.08
425.08
425.08
425.08
425.08
425.08
425.08
425.08
425.08
425.08
425.08
425.08
425.08
425.08
425.08
425.08
397.14
397.14
397.14
397.14
397.14
397.14
397.14
397.14
397.14
397.14
397.14
397.14
397.14
397.14
397.14
397.14
397.14
397.14
397.14
397.14
397.14
397.14
397.14
397.14
397.14
397.14
397.14
397.14
397.14
397.14
366.58
366.58
366.58
366.58
366.58
366.58
366.58
366.58
366.58
366.58
366.58
366.58
366.58
366.58
366.58
366.58
366.58
366.58
366.58
366.58
366.58
366.58
366.58
366.58
366.58
366.58
366.58
366.58
366.58
366.58
339.4
339.4
339.4
339.4
339.4
339.4
339.4
339.4
339.4
339.4
339.4
339.4
339.4
339.4
339.4
339.4
339.4
339.4
339.4
339.4
339.4
339.4
339.4
339.4
339.4
339.4
339.4
339.4
339.4
339.4
320.48
320.48
320.48
320.48
320.48
320.48
320.48
320.48
320.48
320.48
320.48
320.48
320.48
320.48
320.48
320.48
320.48
320.48
320.48
320.48
320.48
320.48
320.48
320.48
320.48
320.48
320.48
320.48
320.48
320.48
295.24
295.24
295.24
295.24
295.24
295.24
295.24
295.24
295.24
295.24
295.24
295.24
295.24
295.24
295.24
295.24
295.24
295.24
295.24
295.24
295.24
295.24
295.24
295.24
295.24
295.24
295.24
295.24
295.24
295.24
274.38
274.38
274.38
274.38
274.38
274.38
274.38
274.38
274.38
274.38
274.38
274.38
274.38
274.38
274.38
274.38
274.38
274.38
274.38
274.38
274.38
274.38
274.38
274.38
274.38
274.38
274.38
274.38
274.38
274.38
251.28
251.28
251.28
251.28
251.28
251.28
251.28
251.28
251.28
251.28
251.28
251.28
251.28
251.28
251.28
251.28
251.28
251.28
251.28
251.28
251.28
251.28
251.28
251.28
251.28
251.28
251.28
251.28
251.28
251.28
238.54
238.54
238.54
238.54
238.54
238.54
238.54
238.54
238.54
238.54
238.54
238.54
238.54
238.54
238.54
238.54
238.54
238.54
238.54
238.54
238.54
238.54
238.54
238.54
238.54
238.54
238.54
238.54
238.54
238.54
218.22
218.22
218.22
218.22
218.22
218.22
218.22
218.22
218.22
218.22
218.22
218.22
218.22
218.22
218.22
218.22
218.22
218.22
218.22
218.22
218.22
218.22
218.22
218.22
218.22
218.22
218.22
218.22
218.22
218.22
202.42
202.42
202.42
202.42
202.42
202.42
202.42
202.42
202.42
202.42
202.42
202.42
202.42
202.42
202.42
202.42
202.42
202.42
202.42
202.42
202.42
202.42
202.42
202.42
202.42
202.42
202.42
202.42
202.42
202.42
184.08
184.08
184.08
184.08
184.08
184.08
184.08
184.08
184.08
184.08
184.08
184.08
184.08
184.08
184.08
184.08
184.08
184.08
184.08
184.08
184.08
184.08
184.08
184.08
184.08
184.08
184.08
184.08
184.08
184.08
171.82
171.82
171.82
171.82
171.82
171.82
171.82
171.82
171.82
171.82
171.82
171.82
171.82
171.82
171.82
171.82
171.82
171.82
171.82
171.82
171.82
171.82
171.82
171.82
171.82
171.82
171.82
171.82
171.82
171.82
157.52
157.52
157.52
157.52
157.52
157.52
157.52
157.52
157.52
157.52
157.52
157.52
157.52
157.52
157.52
157.52
157.52
157.52
157.52
157.52
157.52
157.52
157.52
157.52
157.52
157.52
157.52
157.52
157.52
157.52
146.4
146.4
146.4
146.4
146.4
146.4
146.4
146.4
146.4
146.4
146.4
146.4
146.4
146.4
146.4
146.4
146.4
146.4
146.4
146.4
146.4
146.4
146.4
146.4
146.4
146.4
146.4
146.4
146.4
146.4
134.44
134.44
134.44
134.44
134.44
134.44
134.44
134.44
134.44
134.44
134.44
134.44
134.44
134.44
134.44
134.44
134.44
134.44
134.44
134.44
134.44
134.44
134.44
134.44
134.44
134.44
134.44
134.44
134.44
134.44
123.7
123.7
123.7
123.7
123.7
123.7
123.7
123.7
123.7
123.7
123.7
123.7
123.7
123.7
123.7
123.7
123.7
123.7
123.7
123.7
123.7
123.7
123.7
123.7
123.7
123.7
123.7
123.7
123.7
123.7
111.22
111.22
111.22
111.22
111.22
111.22
111.22
111.22
111.22
111.22
111.22
111.22
111.22
111.22
111.22
111.22
111.22
111.22
111.22
111.22
111.22
111.22
111.22
111.22
111.22
111.22
111.22
111.22
111.22
111.22
103.38
103.38
103.38
103.38
103.38
103.38
103.38
103.38
103.38
103.38
103.38
103.38
103.38
103.38
103.38
103.38
103.38
103.38
103.38
103.38
103.38
103.38
103.38
103.38
103.38
103.38
103.38
103.38
103.38
103.38
96.54
96.54
96.54
96.54
96.54
96.54
96.54
96.54
96.54
96.54
96.54
96.54
96.54
96.54
96.54
96.54
96.54
96.54
96.54
96.54
96.54
96.54
96.54
96.54
96.54
96.54
96.54
96.54
96.54
96.54
90.84
90.84
90.84
90.84
90.84
90.84
90.84
90.84
90.84
90.84
90.84
90.84
90.84
90.84
90.84
90.84
90.84
90.84
90.84
90.84
90.84
90.84
90.84
90.84
90.84
90.84
90.84
90.84
90.84
90.84
85.2
85.2
85.2
85.2
85.2
85.2
85.2
85.2
85.2
85.2
85.2
85.2
85.2
85.2
85.2
85.2
85.2
85.2
85.2
85.2
85.2
85.2
85.2
85.2
85.2
85.2
85.2
85.2
85.2
85.2
78.96
78.96
78.96
78.96
78.96
78.96
78.96
78.96
78.96
78.96
78.96
78.96
78.96
78.96
78.96
78.96
78.96
78.96
78.96
78.96
78.96
78.96
78.96
78.96
78.96
78.96
78.96
78.96
78.96
78.96
72.86
72.86
72.86
72.86
72.86
72.86
72.86
72.86
72.86
72.86
72.86
72.86
72.86
72.86
72.86
72.86
72.86
72.86
72.86
72.86
72.86
72.86
72.86
72.86
72.86
72.86
72.86
72.86
72.86
72.86
67.88
67.88
67.88
67.88
67.88
67.88
67.88
67.88
67.88
67.88
67.88
67.88
67.88
67.88
67.88
67.88
67.88
67.88
67.88
67.88
67.88
67.88
67.88
67.88
67.88
67.88
67.88
67.88
67.88
67.88
62.18
62.18
62.18
62.18
62.18
62.18
62.18
62.18
62.18
62.18
62.18
62.18
62.18
62.18
62.18
62.18
62.18
62.18
62.18
62.18
62.18
62.18
62.18
62.18
62.18
62.18
62.18
62.18
62.18
62.18
58.22
58.22
58.22
58.22
58.22
58.22
58.22
58.22
58.22
58.22
58.22
58.22
58.22
58.22
58.22
58.22
58.22
58.22
58.22
58.22
58.22
58.22
58.22
58.22
58.22
58.22
58.22
58.22
58.22
58.22
53.78
53.78
53.78
53.78
53.78
53.78
53.78
53.78
53.78
53.78
53.78
53.78
53.78
53.78
53.78
53.78
53.78
53.78
53.78
53.78
53.78
53.78
53.78
53.78
53.78
53.78
53.78
53.78
53.78
53.78
49.7
49.7
49.7
49.7
49.7
49.7
49.7
49.7
49.7
49.7
49.7
49.7
49.7
49.7
49.7
49.7
49.7
49.7
49.7
49.7
49.7
49.7
49.7
49.7
49.7
49.7
49.7
49.7
49.7
49.7
46.4
46.4
46.4
46.4
46.4
46.4
46.4
46.4
46.4
46.4
46.4
46.4
46.4
46.4
46.4
46.4
46.4
46.4
46.4
46.4
46.4
46.4
46.4
46.4
46.4
46.4
46.4
46.4
46.4
46.4
43.86
43.86
43.86
43.86
43.86
43.86
43.86
43.86
43.86
43.86
43.86
43.86
43.86
43.86
43.86
43.86
43.86
43.86
43.86
43.86
43.86
43.86
43.86
43.86
43.86
43.86
43.86
43.86
43.86
43.86
41.08
41.08
41.08
41.08
41.08
41.08
41.08
41.08
41.08
41.08
41.08
41.08
41.08
41.08
41.08
41.08
41.08
41.08
41.08
41.08
41.08
41.08
41.08
41.08
41.08
41.08
41.08
41.08
41.08
41.08
39.08
39.08
39.08
39.08
39.08
39.08
39.08
39.08
39.08
39.08
39.08
39.08
39.08
39.08
39.08
39.08
39.08
39.08
39.08
39.08
39.08
39.08
39.08
39.08
39.08
39.08
39.08
39.08
39.08
39.08
35.84
35.84
35.84
35.84
35.84
35.84
35.84
35.84
35.84
35.84
35.84
35.84
35.84
35.84
35.84
35.84
35.84
35.84
35.84
35.84
35.84
35.84
35.84
35.84
35.84
35.84
35.84
35.84
35.84
35.84
33.86
33.86
33.86
33.86
33.86
33.86
33.86
33.86
33.86
33.86
33.86
33.86
33.86
33.86
33.86
33.86
33.86
33.86
33.86
33.86
33.86
33.86
33.86
33.86
33.86
33.86
33.86
33.86
33.86
33.86
32.44
32.44
32.44
32.44
32.44
32.44
32.44
32.44
32.44
32.44
32.44
32.44
32.44
32.44
32.44
32.44
32.44
32.44
32.44
32.44
32.44
32.44
32.44
32.44
32.44
32.44
32.44
32.44
32.44
32.44
30.12
30.12
30.12
30.12
30.12
30.12
30.12
30.12
30.12
30.12
30.12
30.12
30.12
30.12
30.12
30.12
30.12
30.12
30.12
30.12
30.12
30.12
30.12
30.12
30.12
30.12
30.12
30.12
30.12
30.12
28.66
28.66
28.66
28.66
28.66
28.66
28.66
28.66
28.66
28.66
28.66
28.66
28.66
28.66
28.66
28.66
28.66
28.66
28.66
28.66
28.66
28.66
28.66
28.66
28.66
28.66
28.66
28.66
28.66
28.66
26.7
26.7
26.7
26.7
26.7
26.7
26.7
26.7
26.7
26.7
26.7
26.7
26.7
26.7
26.7
26.7
26.7
26.7
26.7
26.7
26.7
26.7
26.7
26.7
26.7
26.7
26.7
26.7
26.7
26.7
25.46
25.46
25.46
25.46
25.46
25.46
25.46
25.46
25.46
25.46
25.46
25.46
25.46
25.46
25.46
25.46
25.46
25.46
25.46
25.46
25.46
25.46
25.46
25.46
25.46
25.46
25.46
25.46
25.46
25.46
24.2
24.2
24.2
24.2
24.2
24.2
24.2
24.2
24.2
24.2
24.2
24.2
24.2
24.2
24.2
24.2
24.2
24.2
24.2
24.2
24.2
24.2
24.2
24.2
24.2
24.2
24.2
24.2
24.2
24.2
22.78
22.78
22.78
22.78
22.78
22.78
22.78
22.78
22.78
22.78
22.78
22.78
22.78
22.78
22.78
22.78
22.78
22.78
22.78
22.78
22.78
22.78
22.78
22.78
22.78
22.78
22.78
22.78
22.78
22.78
21.68
21.68
21.68
21.68
21.68
21.68
21.68
21.68
21.68
21.68
21.68
21.68
21.68
21.68
21.68
21.68
21.68
21.68
21.68
21.68
21.68
21.68
21.68
21.68
21.68
21.68
21.68
21.68
21.68
21.68
20.26
20.26
20.26
20.26
20.26
20.26
20.26
20.26
20.26
20.26
20.26
20.26
20.26
20.26
20.26
20.26
20.26
20.26
20.26
20.26
20.26
20.26
20.26
20.26
20.26
20.26
20.26
20.26
20.26
20.26
18.8
18.8
18.8
18.8
18.8
18.8
18.8
18.8
18.8
18.8
18.8
18.8
18.8
18.8
18.8
18.8
18.8
18.8
18.8
18.8
18.8
18.8
18.8
18.8
18.8
18.8
18.8
18.8
18.8
18.8
18.02
18.02
18.02
18.02
18.02
18.02
18.02
18.02
18.02
18.02
18.02
18.02
18.02
18.02
18.02
18.02
18.02
18.02
18.02
18.02
18.02
18.02
18.02
18.02
18.02
18.02
18.02
18.02
18.02
18.02
16.9
16.9
16.9
16.9
16.9
16.9
16.9
16.9
16.9
16.9
16.9
16.9
16.9
16.9
16.9
16.9
16.9
16.9
16.9
16.9
16.9
16.9
16.9
16.9
16.9
16.9
16.9
16.9
16.9
16.9
16.02
16.02
16.02
16.02
16.02
16.02
16.02
16.02
16.02
16.02
16.02
16.02
16.02
16.02
16.02
16.02
16.02
16.02
16.02
16.02
16.02
16.02
16.02
16.02
16.02
16.02
16.02
16.02
16.02
Run 50, std dev: 6.95842
